9.99101E-05 9.99101E-05 9.99101E-05 9.99101E-05 9.99101E-05 9.99101E-05 9.99101E-05 0.999001 9.99101E-05 9.99101E-05 9.99101E-05
9.9946E-05 0.01932 0.955212 9.9946E-05 0.00858954 0.00142402 0.0148548 9.9946E-05 9.9946E-05 9.9946E-05 9.9946E-05
9.9955E-05 0.00524247 0.947628 9.9955E-05 0.00803865 9.9955E-05 0.0245488 0.0102017 0.00384067 9.9955E-05 9.9955E-05
9.99101E-05 9.99101E-05 9.99101E-05 0.999001 9.99101E-05 9.99101E-05 9.99101E-05 9.99101E-05 9.99101E-05 9.99101E-05 9.99101E-05
9.99101E-05 9.99101E-05 9.99101E-05 0.999001 9.99101E-05 9.99101E-05 9.99101E-05 9.99101E-05 9.99101E-05 9.99101E-05 9.99101E-05
0.0884243 0.0394425 0.0626978 0.0360859 0.105763 0.0528952 0.0959213 0.0705227 0.0278498 0.0945746 0.325822
9.99101E-05 9.99101E-05 9.99101E-05 9.99101E-05 9.99101E-05 0.999001 9.99101E-05 9.99101E-05 9.99101E-05 9.99101E-05 9.99101E-05
9.99101E-05 9.99101E-05 9.99101E-05 9.99101E-05 9.99101E-05 9.99101E-05 9.99101E-05 9.99101E-05 9.99101E-05 9.99101E-05 0.999001
0.0578481 0.0167772 0.0486862 0.0381038 0.123452 0.0411375 0.0998175 0.0621825 0.081157 0.405059 0.0257788
0.00722745 0.975177 0.013606 9.9937E-05 9.9937E-05 0.00328951 9.9937E-05 9.9937E-05 9.9937E-05 9.9937E-05 9.9937E-05
0.066711 0.0484124 0.0711634 0.0735407 0.137331 0.0553881 0.115552 0.0573969 0.0930094 0.248875 0.0326196
0.0611139 0.06483 0.101495 0.0415354 0.151402 0.0704162 0.17297 0.0551888 0.0929692 0.152145 0.035935
9.99279E-05 9.99279E-05 9.99279E-05 9.99279E-05 9.99279E-05 0.00804326 9.99279E-05 9.99279E-05 9.99279E-05 0.980898 0.0102589
9.99101E-05 9.99101E-05 9.99101E-05 9.99101E-05 9.99101E-05 9.99101E-05 9.99101E-05 9.99101E-05 9.99101E-05 0.999001 9.99101E-05
0.0396158 0.0278031 0.0193265 0.010237 0.0606437 0.534692 0.139119 0.0180739 0.00758933 0.1428 9.9991E-05
9.99101E-05 9.99101E-05 9.99101E-05 9.99101E-05 9.99101E-05 9.99101E-05 0.999001 9.99101E-05 9.99101E-05 9.99101E-05 9.99101E-05
0.0148384 0.00103096 0.0239772 0.0033458 0.00610067 0.0120091 0.932943 9.9982E-05 9.9982E-05 0.00404866 0.00150603
0.0506849 0.0379754 0.0680174 0.0639282 0.17436 0.0864871 0.173028 0.0584958 0.0463652 0.213741 0.0269165
9.9982E-05 0.0192059 0.036938 0.026924 0.0374633 9.9982E-05 0.0474809 0.0136732 0.786838 0.0237516 0.0075252
0.0193238 0.0206978 0.035926 0.0324995 0.727273 0.0239072 0.0376739 0.0320662 0.0395255 0.00956438 0.021543
9.9946E-05 0.00445511 0.00399334 0.000961612 9.9946E-05 0.00368354 9.9946E-05 9.9946E-05 0.986307 9.9946E-05 9.9946E-05
0.00512724 0.0015833 9.9982E-05 0.0149323 0.933 9.9982E-05 0.00597233 0.000246658 0.0157753 0.0155223 0.00764043
0.00840244 0.000593754 9.9973E-05 0.00905762 0.0358816 0.0218182 9.9973E-05 0.905082 9.9973E-05 0.0115106 0.00735391
9.99101E-05 9.99101E-05 0.999001 9.99101E-05 9.99101E-05 9.99101E-05 9.99101E-05 9.99101E-05 9.99101E-05 9.99101E-05 9.99101E-05
9.9955E-05 0.0123558 0.922576 9.9955E-05 0.00205288 0.0188794 0.030751 0.012885 9.9955E-05 9.9955E-05 9.9955E-05
9.99101E-05 9.99101E-05 9.99101E-05 0.999001 9.99101E-05 9.99101E-05 9.99101E-05 9.99101E-05 9.99101E-05 9.99101E-05 9.99101E-05
9.9928E-05 9.9928E-05 9.9928E-05 0.00101835 9.9928E-05 0.997613 9.9928E-05 0.000569261 9.9928E-05 9.9928E-05 9.9928E-05
9.99101E-05 9.99101E-05 9.99101E-05 9.99101E-05 9.99101E-05 9.99101E-05 9.99101E-05 9.99101E-05 9.99101E-05 9.99101E-05 0.999001
0.0140566 0.0123269 0.0170719 0.0128641 0.00250684 0.922796 0.00574649 0.0067211 9.9982E-05 9.9982E-05 0.0057105
9.9955E-05 0.00164536 0.00189007 0.00931802 9.9955E-05 9.9955E-05 0.00736765 0.000697121 9.9955E-05 9.9955E-05 0.978582
0.0554719 0.00499049 0.0215643 0.0363512 0.122361 0.0298958 0.082347 0.0406338 0.0941395 0.463341 0.0489039
9.99101E-05 0.999001 9.99101E-05 9.99101E-05 9.99101E-05 9.99101E-05 9.99101E-05 9.99101E-05 9.99101E-05 9.99101E-05 9.99101E-05
0.0508802 0.0739736 0.0930392 0.064348 0.112163 0.100505 0.108928 0.0881267 0.0857104 0.177873 0.0444532
9.99101E-05 9.99101E-05 9.99101E-05 9.99101E-05 9.99101E-05 9.99101E-05 9.99101E-05 9.99101E-05 9.99101E-05 0.999001 9.99101E-05
9.99101E-05 9.99101E-05 9.99101E-05 9.99101E-05 9.99101E-05 9.99101E-05 9.99101E-05 9.99101E-05 9.99101E-05 0.999001 9.99101E-05
0.0214766 0.0458149 0.0531675 0.0296346 0.161835 0.0579005 0.258967 0.0599589 0.0612755 0.228792 0.021178
9.99101E-05 9.99101E-05 9.99101E-05 9.99101E-05 9.99101E-05 9.99101E-05 0.999001 9.99101E-05 9.99101E-05 9.99101E-05 9.99101E-05
0.0338835 0.023674 0.027776 0.0382651 0.131376 0.044549 0.470305 0.0271055 0.0610298 0.107783 0.0342519
0.00873448 0.0153509 9.9955E-05 0.00366254 0.966593 0.00336729 9.9955E-05 9.9955E-05 0.00179165 9.9955E-05 9.9955E-05
9.99101E-05 9.99101E-05 9.99101E-05 9.99101E-05 9.99101E-05 9.99101E-05 9.99101E-05 9.99101E-05 0.999001 9.99101E-05 9.99101E-05
0.0299975 0.00410429 0.0266438 0.0315613 0.689054 0.0241882 0.048802 0.0444102 0.0462701 0.0387203 0.0162485
9.99101E-05 9.99101E-05 9.99101E-05 9.99101E-05 9.99101E-05 9.99101E-05 9.99101E-05 0.999001 9.99101E-05 9.99101E-05 9.99101E-05
9.9955E-05 0.00106827 9.9955E-05 0.0115485 0.0217106 0.00262019 9.9955E-05 0.946411 9.9955E-05 0.0161419 9.9955E-05
9.99101E-05 9.99101E-05 0.999001 9.99101E-05 9.99101E-05 9.99101E-05 9.99101E-05 9.99101E-05 9.99101E-05 9.99101E-05 9.99101E-05
0.00502346 0.0106778 0.877166 0.00876738 0.0228381 0.00339289 0.0300968 0.0114691 0.00300988 0.0140268 0.0135315
9.99101E-05 9.99101E-05 9.99101E-05 0.999001 9.99101E-05 9.99101E-05 9.99101E-05 9.99101E-05 9.99101E-05 9.99101E-05 9.99101E-05
9.99101E-05 9.99101E-05 9.99101E-05 9.99101E-05 9.99101E-05 0.999001 9.99101E-05 9.99101E-05 9.99101E-05 9.99101E-05 9.99101E-05
0.975674 9.9946E-05 0.00985327 0.0100946 9.9946E-05 9.9946E-05 9.9946E-05 0.00278976 0.000988963 9.9946E-05 9.9946E-05
9.99101E-05 9.99101E-05 9.99101E-05 9.99101E-05 9.99101E-05 0.999001 9.99101E-05 9.99101E-05 9.99101E-05 9.99101E-05 9.99101E-05
0.995385 9.99305E-05 9.99305E-05 0.00327896 9.99305E-05 9.99305E-05 9.99305E-05 0.000536889 9.99305E-05 9.99305E-05 9.99305E-05
0.0524152 0.0178234 0.0263917 0.0336667 0.124175 0.0400903 0.0901515 0.0564827 0.0926636 0.428962 0.037178
9.9937E-05 0.984314 9.9937E-05 0.00526969 9.9937E-05 9.9937E-05 9.9937E-05 0.00210689 9.9937E-05 9.9937E-05 0.00761013
0.0515094 0.0459156 0.03728 0.0526729 0.175768 0.0451987 0.0912633 0.0495873 0.111456 0.312234 0.0271148
0.0017991 9.99639E-05 0.00124487 0.00384253 0.005335 0.00184101 9.99639E-05 9.99639E-05 9.99639E-05 0.98047 0.00506793
9.99101E-05 9.99101E-05 9.99101E-05 9.99101E-05 9.99101E-05 9.99101E-05 9.99101E-05 9.99101E-05 9.99101E-05 0.999001 9.99101E-05
0.056631 0.0625205 0.0475776 0.0493254 0.166263 0.0725653 0.20038 0.0567641 0.0600443 0.203805 0.0241234
9.99101E-05 9.99101E-05 9.99101E-05 9.99101E-05 9.99101E-05 9.99101E-05 0.999001 9.99101E-05 9.99101E-05 9.99101E-05 9.99101E-05
0.0303535 0.0406878 0.0520105 0.0469875 0.0915042 0.0471673 0.0514271 0.0362561 0.405926 0.162045 0.0356356
0.0153017 0.0231772 0.0320709 0.0163248 0.858529 0.0252543 9.9982E-05 0.00508789 0.0121297 9.9982E-05 0.0119243
9.99101E-05 9.99101E-05 9.99101E-05 9.99101E-05 9.99101E-05 9.99101E-05 9.99101E-05 9.99101E-05 0.999001 9.99101E-05 9.99101E-05
9.99101E-05 9.99101E-05 9.99101E-05 9.99101E-05 0.999001 9.99101E-05 9.99101E-05 9.99101E-05 9.99101E-05 9.99101E-05 9.99101E-05
9.9937E-05 9.9937E-05 0.00744478 9.9937E-05 9.9937E-05 9.9937E-05 0.000778193 0.990335 0.000742826 9.9937E-05 9.9937E-05
9.9946E-05 0.00532233 9.9946E-05 0.0140181 0.0201233 9.9946E-05 9.9946E-05 0.950239 9.9946E-05 0.00969745 9.9946E-05
9.99101E-05 9.99101E-05 0.999001 9.99101E-05 9.99101E-05 9.99101E-05 9.99101E-05 9.99101E-05 9.99101E-05 9.99101E-05 9.99101E-05
0.0152695 0.0421205 0.572107 0.0321101 0.098462 0.0195891 0.0635035 0.0241143 0.0287091 0.0647624 0.0392525
9.9982E-05 0.00347188 9.9982E-05 0.961971 0.000488736 0.00221966 0.0107916 0.00622088 0.00114836 0.00216384 0.0113242
0.0101996 0.00197835 9.9955E-05 9.9955E-05 9.9955E-05 0.977593 0.000284744 0.00803516 9.9955E-05 9.9955E-05 0.00140985
9.9964E-05 9.9964E-05 0.0210318 0.00873518 9.9964E-05 9.9964E-05 0.00353942 0.0110516 0.0115913 0.00867711 0.934974
0.011831 0.018276 0.0135535 0.00906107 0.0415054 0.855266 9.9991E-05 0.0129289 0.0139061 0.00147027 0.0221019
0.999001 9.99101E-05 9.99101E-05 9.99101E-05 9.99101E-05 9.99101E-05 9.99101E-05 9.99101E-05 9.99101E-05 9.99101E-05 9.99101E-05
0.0543001 0.034271 0.0402067 0.0427512 0.122992 0.0479277 0.0782069 0.0655644 0.103653 0.37125 0.0388775
9.99101E-05 0.999001 9.99101E-05 9.99101E-05 9.99101E-05 9.99101E-05 9.99101E-05 9.99101E-05 9.99101E-05 9.99101E-05 9.99101E-05
0.033672 0.0528025 0.0551323 0.0517429 0.120395 0.0435516 0.0924524 0.0653326 0.111904 0.334116 0.0388983
0.00744539 0.0116842 0.0295128 0.0281205 0.0774297 0.0351377 0.0580907 0.0397477 0.0316974 0.651114 0.0300202
9.99101E-05 9.99101E-05 9.99101E-05 9.99101E-05 9.99101E-05 9.99101E-05 9.99101E-05 9.99101E-05 9.99101E-05 0.999001 9.99101E-05
0.0253352 9.9973E-05 0.0200218 0.010943 0.00513721 0.000771289 0.904999 9.9973E-05 0.00780582 0.0246867 9.9973E-05
0.0523654 0.0666357 0.0636606 0.0762571 0.159217 0.0650521 0.198331 0.0618777 0.0383113 0.204802 0.0134902
0.0274704 0.0437568 0.0781627 0.0444061 0.0939859 0.0448932 0.0646045 0.0566179 0.344598 0.161144 0.040361
0.0145862 0.00120917 0.0217494 9.9973E-05 0.925985 0.0146193 9.9973E-05 0.00277625 0.0096706 9.9973E-05 0.00910407
9.99101E-05 9.99101E-05 9.99101E-05 9.99101E-05 9.99101E-05 9.99101E-05 9.99101E-05 9.99101E-05 0.999001 9.99101E-05 9.99101E-05
0.00926863 0.0021676 0.0293696 0.0154487 0.771765 0.0148795 0.0597579 0.0184336 0.0226614 0.0369846 0.0192634
9.99191E-05 9.99191E-05 9.99191E-05 9.99191E-05 9.99191E-05 9.99191E-05 9.99191E-05 0.998517 9.99191E-05 9.99191E-05 0.000583829
9.99101E-05 9.99101E-05 9.99101E-05 9.99101E-05 9.99101E-05 9.99101E-05 9.99101E-05 0.999001 9.99101E-05 9.99101E-05 9.99101E-05
9.99101E-05 9.99101E-05 0.999001 9.99101E-05 9.99101E-05 9.99101E-05 9.99101E-05 9.99101E-05 9.99101E-05 9.99101E-05 9.99101E-05
0.0156475 0.0277128 0.561653 0.0234218 0.0995042 0.0334487 0.0725849 0.0296557 0.0248052 0.0750545 0.0365118
0.00277957 0.00355298 0.0254636 0.842021 0.0288858 0.021936 0.01807 0.0111818 0.0099055 0.0284078 0.00779565
9.99101E-05 9.99101E-05 9.99101E-05 9.99101E-05 9.99101E-05 0.999001 9.99101E-05 9.99101E-05 9.99101E-05 9.99101E-05 9.99101E-05
9.99101E-05 9.99101E-05 9.99101E-05 9.99101E-05 9.99101E-05 9.99101E-05 9.99101E-05 9.99101E-05 9.99101E-05 9.99101E-05 0.999001
0.0141459 0.0263705 0.0406768 0.0241838 0.0411891 0.744269 0.019098 0.0232649 0.017373 0.0319656 0.0174636
0.999001 9.99101E-05 9.99101E-05 9.99101E-05 9.99101E-05 9.99101E-05 9.99101E-05 9.99101E-05 9.99101E-05 9.99101E-05 9.99101E-05
0.0375812 0.021751 0.0156002 0.0270772 0.124564 0.0465808 0.106412 0.056597 0.0972764 0.415831 0.0507285
9.99101E-05 0.999001 9.99101E-05 9.99101E-05 9.99101E-05 9.99101E-05 9.99101E-05 9.99101E-05 9.99101E-05 9.99101E-05 9.99101E-05
0.0736502 0.0615104 0.0753081 0.0432157 0.134747 0.0596392 0.217489 0.0438364 0.0928131 0.180011 0.0177808
0.0323624 0.0507708 0.029962 0.0518585 0.138709 0.0295772 0.100314 0.0411987 0.0975435 0.391645 0.0360582
0.037305 0.0141315 0.0433686 0.0371986 0.105874 0.0168135 0.0800144 0.024672 0.0179648 0.616362 0.00629552
0.0102254 0.0312626 0.012888 0.0169392 0.0201735 0.0195687 0.0333832 0.0230513 0.00915103 0.819173 0.00418432
0.0529678 0.0326687 0.052307 0.0312046 0.0429766 0.0271655 0.554699 0.0384898 0.0301798 0.0975168 0.0398241
0.0484954 0.075846 0.0562804 0.0740974 0.165379 0.0689932 0.201493 0.0580242 0.0423744 0.192887 0.0161294
9.999E-05 0.0120621 0.0301569 0.00936389 0.0300832 0.0116212 0.0370834 0.022181 0.827635 0.0128853 0.00682784
0.0143422 0.0115014 0.00718747 0.000763061 0.950601 0.014307 9.9964E-05 9.9964E-05 0.00089774 9.9964E-05 9.9964E-05
9.9973E-05 0.00495181 0.0157025 0.00147558 9.9973E-05 0.00334637 0.0175581 0.0177048 0.923355 0.0156058 9.9973E-05
9.9919E-05 9.9919E-05 9.9919E-05 9.9919E-05 0.997183 9.9919E-05 0.00191742 9.9919E-05 9.9919E-05 9.9919E-05 9.9919E-05
0.0077587 9.9964E-05 0.00848947 9.9964E-05 0.00349114 9.9964E-05 0.0180946 0.949983 0.00339211 9.9964E-05 0.00839115
9.99101E-05 9.99101E-05 9.99101E-05 9.99101E-05 9.99101E-05 9.99101E-05 9.99101E-05 0.999001 9.99101E-05 9.99101E-05 9.99101E-05
9.99101E-05 9.99101E-05 0.999001 9.99101E-05 9.99101E-05 9.99101E-05 9.99101E-05 9.99101E-05 9.99101E-05 9.99101E-05 9.99101E-05
9.9973E-05 0.0161041 0.922353 0.000355712 0.0112514 9.9973E-05 0.0249096 0.0137863 0.00254267 0.00839736 9.9973E-05
9.9919E-05 0.00454537 9.9919E-05 0.994555 9.9919E-05 9.9919E-05 9.9919E-05 9.9919E-05 9.9919E-05 9.9919E-05 9.9919E-05
9.99101E-05 9.99101E-05 9.99101E-05 9.99101E-05 9.99101E-05 0.999001 9.99101E-05 9.99101E-05 9.99101E-05 9.99101E-05 9.99101E-05
9.99101E-05 9.99101E-05 9.99101E-05 9.99101E-05 9.99101E-05 9.99101E-05 9.99101E-05 9.99101E-05 9.99101E-05 9.99101E-05 0.999001
9.99101E-05 9.99101E-05 9.99101E-05 9.99101E-05 9.99101E-05 0.999001 9.99101E-05 9.99101E-05 9.99101E-05 9.99101E-05 9.99101E-05
0.999001 9.99101E-05 9.99101E-05 9.99101E-05 9.99101E-05 9.99101E-05 9.99101E-05 9.99101E-05 9.99101E-05 9.99101E-05 9.99101E-05
0.0411029 0.049804 0.0519438 0.046476 0.150681 0.0821177 0.193285 0.0649765 0.0517808 0.266722 0.00111048
0.00511019 0.980372 0.0026462 9.9946E-05 9.9946E-05 0.00447514 9.9946E-05 9.9946E-05 9.9946E-05 9.9946E-05 0.00679646
0.077508 0.0630483 0.0785564 0.0504025 0.127673 0.0692516 0.208042 0.0390169 0.0918845 0.177836 0.0167811
0.0661257 0.0315555 0.060375 0.0581719 0.14464 0.0573697 0.0926545 0.05807 0.094488 0.297832 0.0387182
0.0418027 0.0196704 0.0320311 0.0347101 0.105906 0.00486896 0.0852215 0.0264392 0.0150386 0.627957 0.00635482
0.022308 0.0179475 0.0197827 0.0173444 0.0475468 0.0187295 0.0346567 0.0169665 0.0404 0.764218 9.9991E-05
0.0172735 9.9946E-05 0.000987822 0.0118649 9.9946E-05 9.9946E-05 0.968471 9.9946E-05 9.9946E-05 0.000803552 9.9946E-05
0.0256053 0.0725906 0.074498 0.049522 0.15315 0.0760285 0.187554 0.0588509 0.0665022 0.213061 0.0226364
0.00696995 0.0173435 0.0225907 0.0192452 0.0213762 9.9991E-05 0.0357869 0.0195768 0.828997 0.0191617 0.0088523
9.99101E-05 9.99101E-05 9.99101E-05 9.99101E-05 0.999001 9.99101E-05 9.99101E-05 9.99101E-05 9.99101E-05 9.99101E-05 9.99101E-05
9.99101E-05 9.99101E-05 9.99101E-05 9.99101E-05 9.99101E-05 9.99101E-05 9.99101E-05 9.99101E-05 0.999001 9.99101E-05 9.99101E-05
9.9928E-05 9.9928E-05 9.9928E-05 9.9928E-05 0.986792 9.9928E-05 9.9928E-05 9.9928E-05 0.00228592 0.010123 9.9928E-05
0.0103915 0.00163303 0.00612493 9.9973E-05 9.9973E-05 0.00159509 0.00382912 0.962924 0.00743717 9.9973E-05 0.00576479
9.9919E-05 9.9919E-05 9.9919E-05 9.9919E-05 0.00588434 9.9919E-05 9.9919E-05 0.993216 9.9919E-05 9.9919E-05 9.9919E-05
9.99101E-05 9.99101E-05 0.999001 9.99101E-05 9.99101E-05 9.99101E-05 9.99101E-05 9.99101E-05 9.99101E-05 9.99101E-05 9.99101E-05
9.99101E-05 9.99101E-05 0.999001 9.99101E-05 9.99101E-05 9.99101E-05 9.99101E-05 9.99101E-05 9.99101E-05 9.99101E-05 9.99101E-05
0.00498147 0.0016987 0.00609297 0.97091 9.9973E-05 9.9973E-05 9.9973E-05 0.00578982 0.00572998 0.00366461 0.00083253
0.00943294 0.00253536 9.9973E-05 9.9973E-05 0.00159518 0.974636 0.0040891 9.9973E-05 0.00275058 0.00290462 0.00175654
0.320723 0.0136632 0.037664 0.0475321 0.0929207 0.0418778 0.0767331 0.0475258 0.0598593 0.0783188 0.183182
9.9982E-05 0.00258594 0.00291443 0.00340492 0.00327407 0.954192 0.0102511 9.9982E-05 0.0132432 0.00937537 0.000559252
9.9937E-05 0.988567 0.00264959 0.00770765 9.9937E-05 0.000376677 9.9937E-05 9.9937E-05 9.9937E-05 9.9937E-05 9.9937E-05
0.0236893 0.0538719 0.0510541 0.031328 0.120673 0.0324748 0.0887759 0.0669472 0.131878 0.349855 0.0494536
0.064006 0.0653778 0.0847954 0.0614188 0.137615 0.0540835 0.201876 0.0427036 0.0917218 0.174818 0.0215842
0.0524893 0.0412891 0.0386505 0.0676137 0.13614 0.0564632 0.131797 0.0619326 0.0821442 0.285408 0.0460723
0.0321742 0.0231657 0.0314065 0.0397568 0.0835594 0.0144052 0.0737661 0.0262223 0.00115308 0.65714 0.0172507
0.0130912 0.0316531 0.00605633 0.0425041 0.0662184 0.0349433 0.0583879 0.0259283 0.0326903 0.650153 0.0383739
9.99101E-05 9.99101E-05 9.99101E-05 9.99101E-05 9.99101E-05 9.99101E-05 0.999001 9.99101E-05 9.99101E-05 9.99101E-05 9.99101E-05
0.0295764 9.9937E-05 9.9937E-05 9.9937E-05 9.9937E-05 0.000129533 0.945514 9.9937E-05 9.9937E-05 0.024081 9.9937E-05
0.0568128 0.0374876 0.0452316 0.0582275 0.160557 0.0871542 0.220971 0.0340509 0.0402284 0.250103 0.00917649
9.99738E-05 0.0125386 0.0232891 0.0208534 0.0294255 9.99738E-05 0.0346164 0.0184695 0.851053 0.00945471 9.99738E-05
9.99101E-05 9.99101E-05 9.99101E-05 9.99101E-05 0.999001 9.99101E-05 9.99101E-05 9.99101E-05 9.99101E-05 9.99101E-05 9.99101E-05
9.99101E-05 9.99101E-05 9.99101E-05 9.99101E-05 9.99101E-05 9.99101E-05 9.99101E-05 9.99101E-05 0.999001 9.99101E-05 9.99101E-05
9.9937E-05 9.9937E-05 9.9937E-05 0.0139373 0.965834 9.9937E-05 9.9937E-05 9.9937E-05 9.9937E-05 0.0137161 0.00581259
9.9928E-05 9.9928E-05 9.9928E-05 9.9928E-05 9.9928E-05 9.9928E-05 0.00202298 0.994318 0.00285988 9.9928E-05 9.9928E-05
9.9946E-05 0.0115491 0.958307 9.9946E-05 9.9946E-05 0.00289269 0.0197133 0.00693809 9.9946E-05 9.9946E-05 9.9946E-05
9.99101E-05 9.99101E-05 9.99101E-05 0.999001 9.99101E-05 9.99101E-05 9.99101E-05 9.99101E-05 9.99101E-05 9.99101E-05 9.99101E-05
0.0216943 0.0267621 0.0625154 0.486672 0.09861 0.037803 0.0571192 0.0417706 0.0159083 0.125335 0.0258103
0.193153 0.0472363 0.0619044 0.0403404 0.122203 0.0344011 0.0904278 0.0587837 0.052186 0.133173 0.166192
9.99101E-05 9.99101E-05 9.99101E-05 9.99101E-05 9.99101E-05 0.999001 9.99101E-05 9.99101E-05 9.99101E-05 9.99101E-05 9.99101E-05
9.99101E-05 9.99101E-05 9.99101E-05 9.99101E-05 9.99101E-05 9.99101E-05 9.99101E-05 9.99101E-05 9.99101E-05 9.99101E-05 0.999001
0.00344886 0.00390922 0.0136903 0.0174957 0.0057678 0.858248 0.0185919 0.0123114 0.0152832 0.0298678 0.021386
9.99101E-05 0.999001 9.99101E-05 9.99101E-05 9.99101E-05 9.99101E-05 9.99101E-05 9.99101E-05 9.99101E-05 9.99101E-05 9.99101E-05
0.0353458 0.0374775 0.0562194 0.0511186 0.127539 0.0378819 0.0991522 0.0478921 0.132027 0.330422 0.0449237
0.0575084 0.057774 0.0852538 0.0446937 0.144427 0.0700862 0.178892 0.0595263 0.0886339 0.169274 0.0439303
0.0110981 0.0368458 0.0477384 0.0543002 0.143674 0.0554924 0.119142 0.0501461 0.090029 0.337457 0.0540771
0.00104646 0.0194339 0.00216644 0.0438423 0.0473963 0.0123881 0.0523069 0.00966426 0.0368041 0.731783 0.0431686
0.0112363 0.0230316 0.00101626 9.9964E-05 9.9964E-05 0.0130524 9.9964E-05 0.0182007 9.9964E-05 0.919319 0.0137435
9.99101E-05 9.99101E-05 9.99101E-05 9.99101E-05 9.99101E-05 9.99101E-05 0.999001 9.99101E-05 9.99101E-05 9.99101E-05 9.99101E-05
0.0338295 0.0222245 0.0342027 0.0178936 0.0131338 0.0213642 0.762493 0.0185995 0.0184087 0.0451254 0.0127256
0.0550571 0.0456458 0.0437299 0.0565745 0.155153 0.0765811 0.232529 0.035406 0.0391855 0.254851 0.00528703
0.00778769 0.0287894 0.0308394 0.0206412 0.0336366 0.00982467 0.0280839 0.0134677 0.795998 0.0269443 0.0039867
9.99101E-05 9.99101E-05 9.99101E-05 9.99101E-05 0.999001 9.99101E-05 9.99101E-05 9.99101E-05 9.99101E-05 9.99101E-05 9.99101E-05
9.99101E-05 9.99101E-05 9.99101E-05 9.99101E-05 9.99101E-05 9.99101E-05 9.99101E-05 9.99101E-05 0.999001 9.99101E-05 9.99101E-05
9.99101E-05 9.99101E-05 9.99101E-05 9.99101E-05 9.99101E-05 9.99101E-05 9.99101E-05 0.999001 9.99101E-05 9.99101E-05 9.99101E-05
