9.99101E-05 9.99101E-05 9.99101E-05 9.99101E-05 9.99101E-05 9.99101E-05 9.99101E-05 9.99101E-05 0.999001 9.99101E-05 9.99101E-05
0.00160388 0.0210108 9.9964E-05 0.946665 9.9964E-05 0.0233236 0.00117876 9.9964E-05 0.00107441 9.9964E-05 0.00474384
0.0198752 0.030701 0.00721328 0.936012 9.9955E-05 0.00188531 9.9955E-05 9.9955E-05 0.00381351 9.9955E-05 9.9955E-05
9.99101E-05 9.99101E-05 9.99101E-05 9.99101E-05 9.99101E-05 9.99101E-05 9.99101E-05 9.99101E-05 9.99101E-05 0.999001 9.99101E-05
9.99101E-05 9.99101E-05 9.99101E-05 9.99101E-05 9.99101E-05 9.99101E-05 9.99101E-05 9.99101E-05 9.99101E-05 0.999001 9.99101E-05
0.112668 0.0866883 0.0267726 0.0685608 0.317109 0.0455372 0.0557336 0.107104 0.0654627 0.0283299 0.0860338
9.99101E-05 9.99101E-05 9.99101E-05 9.99101E-05 9.99101E-05 9.99101E-05 0.999001 9.99101E-05 9.99101E-05 9.99101E-05 9.99101E-05
9.99101E-05 9.99101E-05 9.99101E-05 9.99101E-05 0.999001 9.99101E-05 9.99101E-05 9.99101E-05 9.99101E-05 9.99101E-05 9.99101E-05
0.120933 0.0910681 0.101846 0.050482 0.0219943 0.0256281 0.058537 0.365473 0.055943 0.0399547 0.0681406
9.9928E-05 9.9928E-05 9.9928E-05 0.0108708 9.9928E-05 0.986078 9.9928E-05 0.00225164 9.9928E-05 9.9928E-05 9.9928E-05
0.154326 0.104159 0.0889779 0.0551224 0.0352224 0.0585861 0.0568385 0.22654 0.0676785 0.077983 0.0745665
0.165676 0.162315 0.0963084 0.0909298 0.0486078 0.0558186 0.0801711 0.154527 0.0474198 0.0496748 0.0485525
9.99279E-05 9.99279E-05 9.99279E-05 9.99279E-05 0.0183918 9.99279E-05 9.99279E-05 0.979846 0.000962585 9.99279E-05 9.99279E-05
9.99101E-05 9.99101E-05 9.99101E-05 9.99101E-05 9.99101E-05 9.99101E-05 9.99101E-05 0.999001 9.99101E-05 9.99101E-05 9.99101E-05
0.0750022 0.12872 9.9982E-05 0.0272096 9.9982E-05 0.0375257 0.534122 0.136779 0.012418 0.00739254 0.0406314
9.99101E-05 0.999001 9.99101E-05 9.99101E-05 9.99101E-05 9.99101E-05 9.99101E-05 9.99101E-05 9.99101E-05 9.99101E-05 9.99101E-05
9.9964E-05 0.955023 0.00298858 0.0064076 9.9964E-05 9.9964E-05 0.00371577 0.000189501 9.9964E-05 0.0133061 0.0179699
0.186257 0.16367 0.0516747 0.0657293 0.0321816 0.0334759 0.0880636 0.202302 0.0522448 0.0675948 0.0568065
0.0424967 0.0361777 0.794378 0.0327278 0.00698776 0.0258364 0.0119205 9.9982E-05 0.0312839 0.0179913 9.9982E-05
0.717706 0.0389612 0.0413069 0.0425198 0.0189022 0.00626777 0.0373505 0.0206703 0.0393089 0.0311479 0.00585898
9.9928E-05 0.00135807 0.987003 0.0108391 9.9928E-05 9.9928E-05 9.9928E-05 9.9928E-05 9.9928E-05 9.9928E-05 9.9928E-05
0.929459 9.9973E-05 0.0172871 9.9973E-05 0.00611393 9.9973E-05 0.00320288 0.031707 0.0016627 0.00991055 0.000356789
0.0252164 9.9973E-05 9.9973E-05 0.00993755 9.9973E-05 0.00100948 0.0158187 0.0245219 0.917519 0.0029423 0.00273516
9.99101E-05 9.99101E-05 9.99101E-05 0.999001 9.99101E-05 9.99101E-05 9.99101E-05 9.99101E-05 9.99101E-05 9.99101E-05 9.99101E-05
0.017257 0.0245287 9.9955E-05 0.915337 9.9955E-05 0.0141943 0.0137386 9.9955E-05 0.0144442 9.9955E-05 9.9955E-05
9.99101E-05 9.99101E-05 9.99101E-05 9.99101E-05 9.99101E-05 9.99101E-05 9.99101E-05 9.99101E-05 9.99101E-05 0.999001 9.99101E-05
9.9919E-05 9.9919E-05 9.9919E-05 0.000627151 9.9919E-05 9.9919E-05 0.998474 9.9919E-05 9.9919E-05 9.9919E-05 9.9919E-05
9.99101E-05 9.99101E-05 9.99101E-05 9.99101E-05 0.999001 9.99101E-05 9.99101E-05 9.99101E-05 9.99101E-05 9.99101E-05 9.99101E-05
0.00241499 0.0124169 0.00593322 0.00617703 0.00357083 0.0105131 0.924255 9.9991E-05 0.0162495 0.00999177 0.00837772
0.0108752 9.9955E-05 0.00110435 0.00904584 0.97544 9.9955E-05 9.9955E-05 9.9955E-05 0.00115546 0.00187925 9.9955E-05
0.150138 0.087045 0.103678 0.00555152 0.0197506 0.0113766 0.0312937 0.425985 0.0449302 0.0445572 0.0756934
9.99101E-05 9.99101E-05 9.99101E-05 9.99101E-05 9.99101E-05 0.999001 9.99101E-05 9.99101E-05 9.99101E-05 9.99101E-05 9.99101E-05
0.122603 0.0908445 0.08731 0.0847681 0.0394944 0.0647601 0.0992785 0.210322 0.0756944 0.0740672 0.0508574
9.99279E-05 9.99279E-05 9.99279E-05 9.99279E-05 0.00898471 9.99279E-05 0.00197982 0.988236 9.99279E-05 9.99279E-05 9.99279E-05
9.99101E-05 9.99101E-05 9.99101E-05 9.99101E-05 9.99101E-05 9.99101E-05 9.99101E-05 0.999001 9.99101E-05 9.99101E-05 9.99101E-05
0.169838 0.223523 0.063348 0.0642012 0.0141017 0.0489179 0.0573773 0.231211 0.055424 0.0412719 0.0307853
9.99101E-05 0.999001 9.99101E-05 9.99101E-05 9.99101E-05 9.99101E-05 9.99101E-05 9.99101E-05 9.99101E-05 9.99101E-05 9.99101E-05
0.108041 0.485509 0.0585386 0.0130928 0.0480227 0.0316195 0.053047 0.0900972 0.0263945 0.0420857 0.0435517
0.971011 9.9964E-05 0.00476246 0.00254585 9.9964E-05 0.00749768 0.00478879 9.9964E-05 0.0043256 9.9964E-05 0.00466889
9.99101E-05 9.99101E-05 0.999001 9.99101E-05 9.99101E-05 9.99101E-05 9.99101E-05 9.99101E-05 9.99101E-05 9.99101E-05 9.99101E-05
0.699078 0.0452645 0.039156 0.0320973 0.0181798 0.00922828 0.0247784 0.0336129 0.0466295 0.0290854 0.0228899
9.99101E-05 9.99101E-05 9.99101E-05 9.99101E-05 9.99101E-05 9.99101E-05 9.99101E-05 9.99101E-05 0.999001 9.99101E-05 9.99101E-05
0.0231714 0.000204827 9.9973E-05 9.9973E-05 9.9973E-05 0.00321332 0.00301821 0.0125384 0.947347 0.0098897 0.000317499
9.99101E-05 9.99101E-05 9.99101E-05 0.999001 9.99101E-05 9.99101E-05 9.99101E-05 9.99101E-05 9.99101E-05 9.99101E-05 9.99101E-05
0.0168181 0.0340717 0.0107737 0.877612 0.015687 0.00633826 0.0112652 0.00672936 0.011515 0.00312753 0.00606242
9.99101E-05 9.99101E-05 9.99101E-05 9.99101E-05 9.99101E-05 9.99101E-05 9.99101E-05 9.99101E-05 9.99101E-05 0.999001 9.99101E-05
9.99101E-05 9.99101E-05 9.99101E-05 9.99101E-05 9.99101E-05 9.99101E-05 0.999001 9.99101E-05 9.99101E-05 9.99101E-05 9.99101E-05
0.00879303 0.0010898 0.00396259 0.00827734 9.9955E-05 9.9955E-05 0.000335201 9.9955E-05 9.9955E-05 9.9955E-05 0.977042
9.99101E-05 9.99101E-05 9.99101E-05 9.99101E-05 9.99101E-05 9.99101E-05 0.999001 9.99101E-05 9.99101E-05 9.99101E-05 9.99101E-05
9.9928E-05 9.9928E-05 9.9928E-05 9.9928E-05 9.9928E-05 9.9928E-05 0.000671764 9.9928E-05 0.00115937 9.9928E-05 0.997369
0.14255 0.0852591 0.107058 0.0273374 0.0303806 0.0309571 0.0547583 0.373156 0.0381456 0.0409582 0.0694393
0.00493483 9.9946E-05 9.9946E-05 0.00286418 0.00697042 0.976994 9.9946E-05 9.9946E-05 9.9946E-05 0.00763738 9.9946E-05
0.182406 0.0790754 0.106583 0.0460788 0.0315123 0.0451478 0.0480096 0.285761 0.0553129 0.0578654 0.0622475
9.99459E-05 9.99459E-05 9.99459E-05 0.00717368 0.00323793 9.99459E-05 9.99459E-05 0.962898 0.0110298 0.0150611 9.99459E-05
9.99279E-05 9.99279E-05 9.99279E-05 9.99279E-05 9.99279E-05 0.00252271 9.99279E-05 0.995862 0.000815723 9.99279E-05 9.99279E-05
0.163398 0.192532 0.050793 0.0577117 0.0141589 0.0649533 0.071698 0.203871 0.0596333 0.0625787 0.0586724
9.99101E-05 0.999001 9.99101E-05 9.99101E-05 9.99101E-05 9.99101E-05 9.99101E-05 9.99101E-05 9.99101E-05 9.99101E-05 9.99101E-05
0.0855607 0.0670452 0.402097 0.0719658 0.0426017 0.0479909 0.0540599 0.126028 0.0393116 0.0484371 0.0149022
0.856871 0.015809 0.00600499 0.0367608 0.000506133 0.0114266 0.0294319 9.9991E-05 0.0209465 0.0121788 0.00996469
9.99101E-05 9.99101E-05 0.999001 9.99101E-05 9.99101E-05 9.99101E-05 9.99101E-05 9.99101E-05 9.99101E-05 9.99101E-05 9.99101E-05
0.999001 9.99101E-05 9.99101E-05 9.99101E-05 9.99101E-05 9.99101E-05 9.99101E-05 9.99101E-05 9.99101E-05 9.99101E-05 9.99101E-05
9.9928E-05 9.9928E-05 9.9928E-05 0.0123083 0.00509222 9.9928E-05 9.9928E-05 9.9928E-05 0.9818 9.9928E-05 9.9928E-05
0.0205916 9.9946E-05 9.9946E-05 9.9946E-05 9.9946E-05 9.9946E-05 0.00473546 0.0110408 0.959241 0.00379141 9.9946E-05
9.99101E-05 9.99101E-05 9.99101E-05 0.999001 9.99101E-05 9.99101E-05 9.99101E-05 9.99101E-05 9.99101E-05 9.99101E-05 9.99101E-05
0.0945387 0.0599471 0.0335237 0.564442 0.0353137 0.0359034 0.0212325 0.0624595 0.0373351 0.0208855 0.0344186
0.00388035 0.0121253 0.00133195 9.9973E-05 0.00540097 9.9973E-05 0.00330417 9.9973E-05 0.0101996 0.960433 0.00302456
0.00543068 0.00483513 0.00544889 0.00195099 9.9982E-05 0.00377609 0.968494 9.9982E-05 0.00574344 0.000293877 0.00382646
0.0126441 0.00472047 0.0104647 0.0121479 0.93622 0.0128787 0.00548243 9.9982E-05 0.000521393 0.0047207 9.9982E-05
0.0306343 0.0112071 0.0195786 0.0162951 0.0167637 0.0186997 0.844375 0.0088581 0.015324 0.00850244 0.00976168
9.99101E-05 9.99101E-05 9.99101E-05 9.99101E-05 9.99101E-05 9.99101E-05 9.99101E-05 9.99101E-05 9.99101E-05 9.99101E-05 0.999001
0.139503 0.0877873 0.0979833 0.0457554 0.0306568 0.0341766 0.045985 0.34688 0.0589403 0.0493682 0.062964
9.99101E-05 9.99101E-05 9.99101E-05 9.99101E-05 9.99101E-05 0.999001 9.99101E-05 9.99101E-05 9.99101E-05 9.99101E-05 9.99101E-05
0.129118 0.0970608 0.114197 0.0411796 0.0364908 0.0571137 0.0484903 0.306878 0.0681623 0.0546232 0.0466868
0.0739018 0.0587981 0.0300757 0.0312925 0.0396813 0.027021 0.0360947 0.630998 0.0379175 0.032293 0.00192591
9.99101E-05 9.99101E-05 9.99101E-05 9.99101E-05 9.99101E-05 9.99101E-05 9.99101E-05 0.999001 9.99101E-05 9.99101E-05 9.99101E-05
0.0179994 0.930891 9.9964E-05 0.0167008 9.9964E-05 9.9964E-05 9.9964E-05 0.0065439 0.00939056 0.0126634 0.00541111
0.166302 0.158142 0.0429442 0.066863 0.0158699 0.0665459 0.0732794 0.204842 0.0656218 0.0748525 0.0647372
0.0876922 0.0832219 0.356063 0.0622362 0.0410035 0.0499913 0.0530899 0.146105 0.0600371 0.0403184 0.0202422
0.935602 9.9982E-05 0.00491487 0.014895 0.0125523 0.00637407 0.00650747 9.9982E-05 0.0121096 0.00584442 0.00100001
9.99101E-05 9.99101E-05 0.999001 9.99101E-05 9.99101E-05 9.99101E-05 9.99101E-05 9.99101E-05 9.99101E-05 9.99101E-05 9.99101E-05
0.774089 0.0589046 0.0243393 0.0189197 0.0171165 0.00643546 0.0127382 0.0465382 0.0210575 0.0148377 0.0050234
9.99191E-05 0.00158675 9.99191E-05 9.99191E-05 9.99191E-05 9.99191E-05 9.99191E-05 9.99191E-05 0.997514 9.99191E-05 9.99191E-05
9.99101E-05 9.99101E-05 9.99101E-05 9.99101E-05 9.99101E-05 9.99101E-05 9.99101E-05 9.99101E-05 0.999001 9.99101E-05 9.99101E-05
9.99101E-05 9.99101E-05 9.99101E-05 0.999001 9.99101E-05 9.99101E-05 9.99101E-05 9.99101E-05 9.99101E-05 9.99101E-05 9.99101E-05
0.0940241 0.0636743 0.0294568 0.574902 0.027846 0.043974 0.0348151 0.065154 0.0265343 0.0314585 0.00816136
0.0234992 9.9991E-05 0.0284835 0.00100143 0.00466431 0.0170352 0.0240621 0.0350411 0.00738345 0.841926 0.0168039
9.99101E-05 9.99101E-05 9.99101E-05 9.99101E-05 9.99101E-05 9.99101E-05 0.999001 9.99101E-05 9.99101E-05 9.99101E-05 9.99101E-05
9.99101E-05 9.99101E-05 9.99101E-05 9.99101E-05 0.999001 9.99101E-05 9.99101E-05 9.99101E-05 9.99101E-05 9.99101E-05 9.99101E-05
0.0254628 0.0288749 0.0101403 0.0308444 0.00537093 0.0290269 0.750358 0.0368841 0.0342511 0.0213703 0.0274162
9.99101E-05 9.99101E-05 9.99101E-05 9.99101E-05 9.99101E-05 9.99101E-05 9.99101E-05 9.99101E-05 9.99101E-05 9.99101E-05 0.999001
0.13779 0.0919966 0.111624 0.0236319 0.0390211 0.0288389 0.0542691 0.361017 0.0574749 0.0396879 0.0546487
9.99101E-05 9.99101E-05 9.99101E-05 9.99101E-05 9.99101E-05 0.999001 9.99101E-05 9.99101E-05 9.99101E-05 9.99101E-05 9.99101E-05
0.14932 0.209227 0.0805999 0.0675832 0.0132393 0.0682757 0.0634623 0.162026 0.0482421 0.0603459 0.0776781
0.133776 0.0839856 0.111799 0.025921 0.0228831 0.0603428 0.0373735 0.371803 0.049515 0.0508855 0.0517144
0.0921005 0.0704416 0.0312986 0.0452808 9.9991E-05 0.0201634 0.0178811 0.617027 0.03564 0.0407178 0.0293497
0.029979 0.0301848 0.0199757 0.0111581 0.0140893 0.021123 0.0136424 0.801098 0.0245738 0.0221904 0.0119859
0.0310804 0.568555 0.0350912 0.0484708 0.0418561 0.0269185 0.038321 0.0901802 0.0353655 0.0402818 0.04388
0.177274 0.173929 0.0533207 0.0507029 0.0165321 0.0624032 0.0709903 0.200572 0.0490431 0.0738063 0.0714261
0.0337136 0.0204287 0.828612 0.0388685 0.00999814 0.0199762 9.9973E-05 9.9973E-05 0.0164055 0.031697 9.9973E-05
0.954249 9.9955E-05 9.9955E-05 0.00654348 9.9955E-05 0.00660359 0.00642014 9.9955E-05 0.00617909 9.9955E-05 0.0195053
0.0107301 9.9982E-05 0.933438 0.00331172 0.00786771 0.00496141 0.0184514 0.00729693 0.00574484 9.9982E-05 0.0079977
0.999001 9.99101E-05 9.99101E-05 9.99101E-05 9.99101E-05 9.99101E-05 9.99101E-05 9.99101E-05 9.99101E-05 9.99101E-05 9.99101E-05
9.9964E-05 0.0157429 0.00241964 0.0157515 0.00803545 0.0064786 9.9964E-05 9.9964E-05 0.948485 9.9964E-05 0.0026872
9.99101E-05 9.99101E-05 9.99101E-05 9.99101E-05 9.99101E-05 9.99101E-05 9.99101E-05 9.99101E-05 0.999001 9.99101E-05 9.99101E-05
9.99101E-05 9.99101E-05 9.99101E-05 0.999001 9.99101E-05 9.99101E-05 9.99101E-05 9.99101E-05 9.99101E-05 9.99101E-05 9.99101E-05
0.0069157 0.0432401 9.9964E-05 0.912111 9.9964E-05 0.0176304 0.00950468 9.9964E-05 0.00332499 9.9964E-05 0.00687336
9.9919E-05 9.9919E-05 9.9919E-05 0.00152437 9.9919E-05 9.9919E-05 9.9919E-05 9.9919E-05 9.9919E-05 0.997576 9.9919E-05
9.99101E-05 9.99101E-05 9.99101E-05 9.99101E-05 9.99101E-05 9.99101E-05 0.999001 9.99101E-05 9.99101E-05 9.99101E-05 9.99101E-05
9.99101E-05 9.99101E-05 9.99101E-05 9.99101E-05 0.999001 9.99101E-05 9.99101E-05 9.99101E-05 9.99101E-05 9.99101E-05 9.99101E-05
9.99101E-05 9.99101E-05 9.99101E-05 9.99101E-05 9.99101E-05 9.99101E-05 0.999001 9.99101E-05 9.99101E-05 9.99101E-05 9.99101E-05
9.99101E-05 9.99101E-05 9.99101E-05 9.99101E-05 9.99101E-05 9.99101E-05 9.99101E-05 9.99101E-05 9.99101E-05 9.99101E-05 0.999001
0.163348 0.176621 0.0488447 0.0476034 9.9991E-05 0.0606383 0.080901 0.256496 0.0621345 0.0537079 0.0496052
9.9955E-05 0.000728665 9.9955E-05 9.9955E-05 9.9955E-05 0.984238 0.00818972 9.9955E-05 0.00559651 0.000114449 0.000632639
0.148641 0.202588 0.0887887 0.0812975 0.021226 0.0653583 0.0607774 0.15327 0.0419412 0.0544988 0.0816139
0.162985 0.0893378 0.116022 0.0407368 0.0278037 0.0395531 0.0624871 0.291925 0.0445241 0.0489795 0.0756459
0.0918884 0.07259 0.00959516 0.0272535 0.00503277 0.0209691 0.00828786 0.651636 0.0360874 0.0420384 0.0346218
0.035515 0.0574765 0.0358352 0.0182461 0.0105941 0.00690238 0.0179655 0.774219 0.00778023 0.0156012 0.0198647
9.9928E-05 0.992386 9.9928E-05 9.9928E-05 9.9928E-05 9.9928E-05 9.9928E-05 9.9928E-05 9.9928E-05 0.00528696 0.0015272
0.167351 0.163746 0.0554218 0.0839399 0.0249002 0.0578676 0.0752193 0.215796 0.0561011 0.0605695 0.0390877
0.0326952 0.0439563 0.812615 0.033362 0.00794893 0.0203407 0.00333301 0.00446262 0.0153026 0.0248918 0.00109154
0.999001 9.99101E-05 9.99101E-05 9.99101E-05 9.99101E-05 9.99101E-05 9.99101E-05 9.99101E-05 9.99101E-05 9.99101E-05 9.99101E-05
9.99101E-05 9.99101E-05 0.999001 9.99101E-05 9.99101E-05 9.99101E-05 9.99101E-05 9.99101E-05 9.99101E-05 9.99101E-05 9.99101E-05
0.999001 9.99101E-05 9.99101E-05 9.99101E-05 9.99101E-05 9.99101E-05 9.99101E-05 9.99101E-05 9.99101E-05 9.99101E-05 9.99101E-05
0.00362918 0.00722009 0.011096 0.00950981 9.9964E-05 0.00806281 9.9964E-05 9.9964E-05 0.953349 9.9964E-05 0.00673282
9.9928E-05 9.9928E-05 9.9928E-05 9.9928E-05 9.9928E-05 9.9928E-05 0.00071696 9.9928E-05 0.99164 0.00684314 9.9928E-05
9.99101E-05 9.99101E-05 9.99101E-05 0.999001 9.99101E-05 9.99101E-05 9.99101E-05 9.99101E-05 9.99101E-05 9.99101E-05 9.99101E-05
9.99101E-05 9.99101E-05 9.99101E-05 0.999001 9.99101E-05 9.99101E-05 9.99101E-05 9.99101E-05 9.99101E-05 9.99101E-05 9.99101E-05
9.9964E-05 9.9964E-05 0.00591314 0.00965396 0.00363983 0.000642768 0.00618321 9.9964E-05 9.9964E-05 0.965024 0.00854303
9.9964E-05 0.000275735 9.9964E-05 9.9964E-05 9.9964E-05 0.00681712 0.972184 0.00181516 0.00427409 0.0111554 0.00307818
0.109977 0.0646112 0.0531517 0.0463504 0.18827 0.00485487 0.0364229 0.0859774 0.0418117 0.0571982 0.311375
9.9955E-05 0.00811272 0.0116847 0.00352765 0.00404843 9.9955E-05 0.969358 9.9955E-05 9.9955E-05 0.00276837 9.9955E-05
9.9937E-05 9.9937E-05 9.9937E-05 0.00233403 0.00277924 0.988436 9.9937E-05 9.9937E-05 0.00575157 9.9937E-05 9.9937E-05
0.135412 0.106469 0.131854 0.041369 0.0409184 0.0394486 0.0291978 0.350869 0.0661401 0.0244166 0.0339058
0.148424 0.215069 0.0787697 0.0821018 0.0146872 0.0677418 0.0628934 0.141695 0.0542259 0.0624382 0.071954
0.146052 0.119417 0.0858226 0.0382989 0.0480188 0.0425023 0.0657373 0.253125 0.0668992 0.0720429 0.0620843
0.0795749 0.0643392 9.9991E-05 0.0295957 0.00321833 0.034915 0.0130312 0.656417 0.0327703 0.0470166 0.0390214
0.0517004 0.059659 0.035115 0.010701 0.038337 0.0301561 0.0342421 0.653235 0.0327934 0.0370653 0.0169957
9.99101E-05 0.999001 9.99101E-05 9.99101E-05 9.99101E-05 9.99101E-05 9.99101E-05 9.99101E-05 9.99101E-05 9.99101E-05 9.99101E-05
9.9937E-05 0.973587 9.9937E-05 9.9937E-05 9.9937E-05 0.00403163 9.9937E-05 0.00785208 9.9937E-05 9.9937E-05 0.0138297
0.153772 0.226999 0.0362731 0.0406244 0.0199515 0.0364503 0.0811049 0.235101 0.0360401 0.0683771 0.0653066
0.0292375 0.0235975 0.856322 0.027159 0.0065007 0.0160997 0.000911828 9.9982E-05 0.0156177 0.0243541 9.9982E-05
0.999001 9.99101E-05 9.99101E-05 9.99101E-05 9.99101E-05 9.99101E-05 9.99101E-05 9.99101E-05 9.99101E-05 9.99101E-05 9.99101E-05
9.99101E-05 9.99101E-05 0.999001 9.99101E-05 9.99101E-05 9.99101E-05 9.99101E-05 9.99101E-05 9.99101E-05 9.99101E-05 9.99101E-05
0.992246 9.9946E-05 0.00209368 9.9946E-05 0.00185691 9.9946E-05 9.9946E-05 9.9946E-05 0.00226393 0.000940143 9.9946E-05
9.9919E-05 9.9919E-05 0.0108568 9.9919E-05 9.9919E-05 9.9919E-05 9.9919E-05 9.9919E-05 0.988244 9.9919E-05 9.9919E-05
9.9937E-05 0.0342615 9.9937E-05 0.950369 9.9937E-05 0.0106807 9.9937E-05 9.9937E-05 0.00398891 9.9937E-05 9.9937E-05
9.99101E-05 9.99101E-05 9.99101E-05 9.99101E-05 9.99101E-05 9.99101E-05 9.99101E-05 9.99101E-05 9.99101E-05 0.999001 9.99101E-05
0.10291 0.0581823 0.0146484 0.0656064 0.0172201 0.022172 0.0416023 0.113598 0.0514465 0.490543 0.0220705
0.12293 0.0956144 0.0467943 0.0608867 0.167651 0.0456509 0.0399169 0.142498 0.0581159 0.0349242 0.185018
9.99101E-05 9.99101E-05 9.99101E-05 9.99101E-05 9.99101E-05 9.99101E-05 0.999001 9.99101E-05 9.99101E-05 9.99101E-05 9.99101E-05
9.99101E-05 9.99101E-05 9.99101E-05 9.99101E-05 0.999001 9.99101E-05 9.99101E-05 9.99101E-05 9.99101E-05 9.99101E-05 9.99101E-05
9.9991E-05 0.0207142 0.00396494 0.0187723 0.01777 0.0168905 0.857684 0.0175436 0.0281887 0.00561071 0.0127614
9.99101E-05 9.99101E-05 9.99101E-05 9.99101E-05 9.99101E-05 0.999001 9.99101E-05 9.99101E-05 9.99101E-05 9.99101E-05 9.99101E-05
0.140457 0.0869575 0.130917 0.0691894 0.0312025 0.0403146 0.0451164 0.310795 0.0426191 0.0583519 0.0440799
0.161541 0.186164 0.0878898 0.0873587 0.0421286 0.0647488 0.0712036 0.152975 0.0469583 0.0515582 0.0474741
0.138742 0.133582 0.0867653 0.0510958 0.0485812 0.0465984 0.0553235 0.319301 0.0484855 0.0482488 0.023276
0.0635989 0.0580421 0.0409097 0.00823538 0.0376784 0.0194014 0.0130624 0.707242 0.00766824 0.0440613 9.9991E-05
9.9982E-05 9.9982E-05 0.00854043 0.000342701 0.0101404 0.0281826 0.0168067 0.89896 0.0214189 0.00360156 0.0118065
9.99101E-05 0.999001 9.99101E-05 9.99101E-05 9.99101E-05 9.99101E-05 9.99101E-05 9.99101E-05 9.99101E-05 9.99101E-05 9.99101E-05
0.00181327 0.802501 0.0278942 0.0353834 0.0130184 0.0152029 0.0237572 0.0216677 0.0224591 0.0162504 0.0200529
0.156999 0.223661 0.047715 0.0365669 0.015631 0.0459364 0.07967 0.234245 0.0327034 0.0628117 0.0640607
0.0255256 0.0312116 0.799543 0.0400919 0.0176588 0.0251732 0.0132453 0.0014269 0.022132 0.0238919 9.9991E-05
0.999001 9.99101E-05 9.99101E-05 9.99101E-05 9.99101E-05 9.99101E-05 9.99101E-05 9.99101E-05 9.99101E-05 9.99101E-05 9.99101E-05
9.99101E-05 9.99101E-05 0.999001 9.99101E-05 9.99101E-05 9.99101E-05 9.99101E-05 9.99101E-05 9.99101E-05 9.99101E-05 9.99101E-05
9.99101E-05 9.99101E-05 9.99101E-05 9.99101E-05 9.99101E-05 9.99101E-05 9.99101E-05 9.99101E-05 0.999001 9.99101E-05 9.99101E-05
