9.99011E-05 9.99011E-05 0.994323 9.99011E-05 9.99011E-05 9.99011E-05 0.00347645 9.99011E-05 9.99011E-05 9.99011E-05 9.99011E-05 0.00110165 9.99011E-05 9.99011E-05
9.9883E-05 9.9883E-05 9.9883E-05 9.9883E-05 9.9883E-05 9.9883E-05 9.9883E-05 0.998702 9.9883E-05 9.9883E-05 9.9883E-05 9.9883E-05 9.9883E-05 9.9883E-05
9.9883E-05 9.9883E-05 9.9883E-05 9.9883E-05 9.9883E-05 9.9883E-05 9.9883E-05 0.998702 9.9883E-05 9.9883E-05 9.9883E-05 9.9883E-05 9.9883E-05 9.9883E-05
9.98801E-05 9.98801E-05 9.98801E-05 9.98801E-05 9.98801E-05 9.98801E-05 0.998702 9.98801E-05 9.98801E-05 9.98801E-05 9.98801E-05 9.98801E-05 9.98801E-05 9.98801E-05
9.9883E-05 9.9883E-05 9.9883E-05 9.9883E-05 9.9883E-05 9.9883E-05 0.998702 9.9883E-05 9.9883E-05 9.9883E-05 9.9883E-05 9.9883E-05 9.9883E-05 9.9883E-05
0.0224573 0.0397334 0.0548084 0.0351895 0.031226 0.31319 0.0373533 0.0279787 0.0461547 0.0266791 0.0839162 0.0667247 0.0877047 0.126884
9.9883E-05 9.9883E-05 9.9883E-05 9.9883E-05 9.9883E-05 9.9883E-05 9.9883E-05 9.9883E-05 0.998702 9.9883E-05 9.9883E-05 9.9883E-05 9.9883E-05 9.9883E-05
9.9883E-05 9.9883E-05 9.9883E-05 9.9883E-05 9.9883E-05 0.998702 9.9883E-05 9.9883E-05 9.9883E-05 9.9883E-05 9.9883E-05 9.9883E-05 9.9883E-05 9.9883E-05
9.98829E-05 9.98829E-05 9.98829E-05 9.98829E-05 9.98829E-05 9.98829E-05 9.98829E-05 9.98829E-05 9.98829E-05 9.98829E-05 9.98829E-05 9.98829E-05 9.98829E-05 0.998702
9.9928E-05 9.9928E-05 9.9928E-05 0.971122 9.9928E-05 0.0034228 9.9928E-05 0.00972802 0.00361796 0.00408995 0.00721937 9.9928E-05 9.9928E-05 9.9928E-05
0.0476332 0.0357924 0.0438504 0.0393085 0.0168329 0.0198616 0.0597774 0.0256209 0.033535 0.0219437 0.0373459 0.0864276 0.0593802 0.47269
0.062188 0.068276 0.0437625 0.0581277 0.0656699 0.0442671 0.0290812 0.025719 0.0676782 0.0560797 0.0468837 0.0730079 0.112461 0.246798
9.9955E-05 9.9955E-05 0.00578997 0.000812198 0.00824304 0.00748336 0.000791519 9.9955E-05 9.9955E-05 0.00726523 0.00373013 0.964921 0.000463473 9.9955E-05
9.98829E-05 9.98829E-05 9.98829E-05 9.98829E-05 9.98829E-05 9.98829E-05 9.98829E-05 9.98829E-05 9.98829E-05 9.98829E-05 9.98829E-05 0.998702 9.98829E-05 9.98829E-05
9.99372E-05 0.0099867 9.99372E-05 0.0141104 0.0193411 9.99372E-05 9.99372E-05 0.00999925 0.498277 9.99372E-05 0.00568542 9.99372E-05 9.99372E-05 0.441901
9.98831E-05 9.98831E-05 9.98831E-05 9.98831E-05 0.998702 9.98831E-05 9.98831E-05 9.98831E-05 9.98831E-05 9.98831E-05 9.98831E-05 9.98831E-05 9.98831E-05 9.98831E-05
9.98829E-05 0.998702 9.98829E-05 9.98829E-05 9.98829E-05 9.98829E-05 9.98829E-05 9.98829E-05 9.98829E-05 9.98829E-05 9.98829E-05 9.98829E-05 9.98829E-05 9.98829E-05
0.0168865 0.0368913 0.0339219 0.0172248 0.0318278 0.0300535 0.0343731 0.022837 0.0498995 0.0307421 0.0223975 0.0466019 0.0916054 0.534738
0.783517 0.0213846 0.0147121 0.0316447 0.0127643 0.00954385 0.0164987 0.0234346 0.0106583 0.0155097 0.00168806 9.9991E-05 0.0371935 0.0213509
0.0436024 0.00378183 0.0300698 0.0251203 0.0178884 0.0126671 0.0396989 0.00976038 0.0329418 0.03312 0.0181309 0.00804608 0.701094 0.024078
0.973346 0.0111563 9.9928E-05 9.9928E-05 9.9928E-05 0.000399073 9.9928E-05 0.0029641 0.00656779 0.00476717 9.9928E-05 9.9928E-05 9.9928E-05 9.9928E-05
0.0033304 0.00981705 9.9955E-05 9.9955E-05 9.9955E-05 0.00211678 0.0120484 9.9955E-05 0.00095564 9.9955E-05 0.00383681 0.0219999 0.931719 0.0136764
9.997E-05 9.997E-05 0.914634 0.00474059 9.997E-05 0.00229073 0.00946158 0.000712191 0.0176292 0.000641888 0.00227625 0.0092195 0.023382 0.0147123
9.9883E-05 9.9883E-05 9.9883E-05 9.9883E-05 9.9883E-05 9.9883E-05 9.9883E-05 9.9883E-05 9.9883E-05 0.998702 9.9883E-05 9.9883E-05 9.9883E-05 9.9883E-05
9.9892E-05 9.9892E-05 0.00532251 9.9892E-05 9.9892E-05 9.9892E-05 9.9892E-05 0.993479 9.9892E-05 9.9892E-05 9.9892E-05 9.9892E-05 9.9892E-05 9.9892E-05
9.9883E-05 9.9883E-05 9.9883E-05 9.9883E-05 9.9883E-05 9.9883E-05 0.998702 9.9883E-05 9.9883E-05 9.9883E-05 9.9883E-05 9.9883E-05 9.9883E-05 9.9883E-05
9.9883E-05 9.9883E-05 9.9883E-05 9.9883E-05 9.9883E-05 9.9883E-05 9.9883E-05 9.9883E-05 0.998702 9.9883E-05 9.9883E-05 9.9883E-05 9.9883E-05 9.9883E-05
9.9883E-05 9.9883E-05 9.9883E-05 9.9883E-05 9.9883E-05 0.998702 9.9883E-05 9.9883E-05 9.9883E-05 9.9883E-05 9.9883E-05 9.9883E-05 9.9883E-05 9.9883E-05
0.00198563 0.0121486 0.0137151 0.0124773 9.9964E-05 9.9964E-05 0.00534045 9.9964E-05 0.921851 0.0035776 0.0156175 9.9964E-05 0.0104512 0.00243618
0.00469464 0.00444138 0.000294577 9.9955E-05 9.9955E-05 0.973778 0.000827859 0.00547318 9.9955E-05 0.0074011 9.9955E-05 9.9955E-05 0.00162635 0.000962756
9.98828E-05 9.98828E-05 9.98828E-05 9.98828E-05 9.98828E-05 9.98828E-05 9.98828E-05 9.98828E-05 9.98828E-05 9.98828E-05 9.98828E-05 9.98828E-05 9.98828E-05 0.998702
9.9883E-05 9.9883E-05 9.9883E-05 0.998702 9.9883E-05 9.9883E-05 9.9883E-05 9.9883E-05 9.9883E-05 9.9883E-05 9.9883E-05 9.9883E-05 9.9883E-05 9.9883E-05
0.0776622 0.0337961 0.0711228 0.0439889 0.0349043 0.0561843 0.0518756 0.0527248 0.0781255 0.0417394 0.032331 0.0913557 0.0929579 0.241232
9.9928E-05 9.9928E-05 0.00167669 9.9928E-05 9.9928E-05 0.0111344 9.9928E-05 9.9928E-05 0.00488585 0.00590958 9.9928E-05 0.968654 0.0069404 9.9928E-05
9.98828E-05 9.98828E-05 9.98828E-05 9.98828E-05 9.98828E-05 9.98828E-05 9.98828E-05 9.98828E-05 9.98828E-05 9.98828E-05 9.98828E-05 0.998702 9.98828E-05 9.98828E-05
0.00925834 0.0692987 0.0253772 0.0182207 0.0554383 0.00854985 0.00451313 9.9991E-05 0.0209705 0.0375647 0.00369772 0.0405804 0.0551678 0.651263
9.9883E-05 9.9883E-05 9.9883E-05 9.9883E-05 0.998702 9.9883E-05 9.9883E-05 9.9883E-05 9.9883E-05 9.9883E-05 9.9883E-05 9.9883E-05 9.9883E-05 9.9883E-05
0.0451932 0.429518 0.0275422 0.0274567 0.0517954 0.0350977 0.0319583 0.00959078 0.0345163 9.9991E-05 0.0293148 0.0471294 0.0886301 0.142157
0.0112624 9.9928E-05 9.9928E-05 0.0141531 9.9928E-05 9.9928E-05 0.00117948 9.9928E-05 0.00219964 9.9928E-05 0.0135682 9.9928E-05 0.956838 9.9928E-05
0.998702 9.98829E-05 9.98829E-05 9.98829E-05 9.98829E-05 9.98829E-05 9.98829E-05 9.98829E-05 9.98829E-05 9.98829E-05 9.98829E-05 9.98829E-05 9.98829E-05 9.98829E-05
0.0314525 0.0206949 0.0287282 0.0190394 0.0301174 0.0227742 0.0232269 0.00560706 0.0139734 0.0162489 0.0324322 0.0363402 0.688248 0.0311168
9.9883E-05 9.9883E-05 0.998702 9.9883E-05 9.9883E-05 9.9883E-05 9.9883E-05 9.9883E-05 9.9883E-05 9.9883E-05 9.9883E-05 9.9883E-05 9.9883E-05 9.9883E-05
9.9928E-05 9.9928E-05 0.93825 9.9928E-05 9.9928E-05 9.9928E-05 0.00642783 9.9928E-05 0.00945551 9.9928E-05 9.9928E-05 0.0174043 0.0180534 0.00960948
9.9892E-05 9.9892E-05 9.9892E-05 9.9892E-05 9.9892E-05 9.9892E-05 9.9892E-05 0.00256485 9.9892E-05 0.996236 9.9892E-05 9.9892E-05 9.9892E-05 9.9892E-05
9.9964E-05 9.9964E-05 0.00109688 0.00157031 0.00790176 0.0202278 0.0145688 0.784159 0.00090001 0.139085 9.9964E-05 0.0101734 0.0199166 9.9964E-05
9.98831E-05 9.98831E-05 9.98831E-05 9.98831E-05 9.98831E-05 9.98831E-05 0.998702 9.98831E-05 9.98831E-05 9.98831E-05 9.98831E-05 9.98831E-05 9.98831E-05 9.98831E-05
9.9892E-05 9.9892E-05 9.9892E-05 9.9892E-05 9.9892E-05 0.00113728 9.9892E-05 9.9892E-05 0.997664 9.9892E-05 9.9892E-05 9.9892E-05 9.9892E-05 9.9892E-05
9.9937E-05 0.00160999 9.9937E-05 9.9937E-05 9.9937E-05 9.9937E-05 0.00565214 9.9937E-05 0.00702142 0.00288333 0.963237 9.9937E-05 0.0118478 0.00704878
9.9883E-05 9.9883E-05 9.9883E-05 9.9883E-05 9.9883E-05 9.9883E-05 9.9883E-05 9.9883E-05 0.998702 9.9883E-05 9.9883E-05 9.9883E-05 9.9883E-05 9.9883E-05
9.9901E-05 9.9901E-05 0.0063727 9.9901E-05 9.9901E-05 9.9901E-05 9.9901E-05 9.9901E-05 0.000499347 9.9901E-05 0.992029 9.9901E-05 9.9901E-05 9.9901E-05
9.98829E-05 9.98829E-05 9.98829E-05 9.98829E-05 9.98829E-05 9.98829E-05 9.98829E-05 9.98829E-05 9.98829E-05 9.98829E-05 9.98829E-05 9.98829E-05 9.98829E-05 0.998702
0.00448637 9.9946E-05 0.00484746 0.969915 9.9946E-05 0.00983426 0.00660292 0.00273549 0.000371924 9.9946E-05 9.9946E-05 9.9946E-05 9.9946E-05 0.000606509
0.0616078 0.0222116 0.0264613 0.0261473 9.9991E-05 0.0147096 0.0306369 0.00785765 0.0120296 0.0036644 0.0269238 0.0947358 0.0835813 0.589333
0.00235809 9.9955E-05 0.0103645 0.00264429 9.9955E-05 0.0136083 0.00156256 9.9955E-05 0.000390616 9.9955E-05 0.00721319 0.940728 0.020631 9.9955E-05
9.99189E-05 9.99189E-05 0.00199716 0.000290419 9.99189E-05 0.00241866 9.99189E-05 0.00566462 9.99189E-05 9.99189E-05 9.99189E-05 0.98873 9.99189E-05 9.99189E-05
9.9982E-05 0.0365309 0.0165612 0.0523441 0.042395 0.00921578 0.0407883 9.9982E-05 0.0329291 0.0262736 0.0244718 0.00587477 0.0508821 0.661533
0.00171025 9.9892E-05 9.9892E-05 9.9892E-05 0.997091 9.9892E-05 9.9892E-05 9.9892E-05 9.9892E-05 9.9892E-05 9.9892E-05 9.9892E-05 9.9892E-05 9.9892E-05
0.35613 0.0220047 0.0229217 0.0415323 0.010402 0.0287523 0.0348745 0.00343657 0.0274194 0.0515951 0.00962493 0.0587198 0.055065 0.277521
0.0180854 0.0137056 0.0198219 0.0146187 0.0105421 0.00573795 0.00723288 0.00754505 0.00892111 0.0137809 0.017369 9.9991E-05 0.840255 0.0222843
0.998702 9.9883E-05 9.9883E-05 9.9883E-05 9.9883E-05 9.9883E-05 9.9883E-05 9.9883E-05 9.9883E-05 9.9883E-05 9.9883E-05 9.9883E-05 9.9883E-05 9.9883E-05
9.9883E-05 9.9883E-05 9.9883E-05 9.9883E-05 9.9883E-05 9.9883E-05 9.9883E-05 9.9883E-05 9.9883E-05 9.9883E-05 9.9883E-05 9.9883E-05 0.998702 9.9883E-05
0.00654849 9.99216E-05 0.98382 9.99216E-05 9.99216E-05 0.000189715 9.99216E-05 0.00597317 9.99216E-05 0.00256932 9.99216E-05 9.99216E-05 9.99216E-05 9.99216E-05
9.9928E-05 9.9928E-05 0.946555 9.9928E-05 9.9928E-05 9.9928E-05 0.0140005 9.9928E-05 0.00135736 9.9928E-05 9.9928E-05 0.0131963 0.00588446 0.0182072
9.9883E-05 9.9883E-05 9.9883E-05 9.9883E-05 9.9883E-05 9.9883E-05 9.9883E-05 9.9883E-05 9.9883E-05 0.998702 9.9883E-05 9.9883E-05 9.9883E-05 9.9883E-05
0.0341373 0.0188736 0.027283 0.0332423 0.0332643 0.0353402 0.0288533 0.0121693 0.0325213 0.551401 0.0166069 0.0267048 0.0800577 0.0695452
9.995E-05 0.00238952 0.00690702 0.0128834 0.00348224 9.995E-05 0.953171 9.995E-05 0.00844898 0.00340915 9.995E-05 0.0063226 9.995E-05 0.00248645
9.9928E-05 0.00339373 0.00532359 9.9928E-05 9.9928E-05 0.00402208 9.9928E-05 9.9928E-05 0.972244 0.00679055 9.9928E-05 9.9928E-05 0.00742634 9.9928E-05
0.0136357 0.00804405 0.00392645 0.0138386 9.9964E-05 0.929624 0.00190684 9.9964E-05 0.000950015 0.0175509 9.9964E-05 9.9964E-05 0.00963445 0.00048869
0.0172587 0.00289497 0.00844327 0.0124583 0.0030453 0.0177338 0.00815579 0.0182628 0.846039 9.9991E-05 0.00684107 0.00954704 0.0251114 0.0241081
9.98829E-05 9.98829E-05 9.98829E-05 9.98829E-05 9.98829E-05 9.98829E-05 9.98829E-05 9.98829E-05 9.98829E-05 9.98829E-05 0.998702 9.98829E-05 9.98829E-05 9.98829E-05
0.00316863 9.99639E-05 0.0103571 0.00844317 0.00244685 0.0130442 0.00663221 9.99639E-05 0.00410411 0.00951301 9.99639E-05 0.00102225 9.99639E-05 0.940869
9.98831E-05 9.98831E-05 9.98831E-05 0.998702 9.98831E-05 9.98831E-05 9.98831E-05 9.98831E-05 9.98831E-05 9.98831E-05 9.98831E-05 9.98831E-05 9.98831E-05 9.98831E-05
0.0515879 0.0161118 0.0230959 0.0297815 0.00814801 0.0158883 0.021658 0.0093412 0.0184081 0.00909638 9.9991E-05 0.0761875 0.0445408 0.676055
0.018467 0.0323183 0.0286602 0.0153501 0.0126507 0.0231363 0.03075 0.0147615 0.0306851 0.0163048 0.00149655 0.574857 0.0868384 0.113724
9.98828E-05 9.98828E-05 9.98828E-05 9.98828E-05 9.98828E-05 9.98828E-05 9.98828E-05 9.98828E-05 9.98828E-05 9.98828E-05 9.98828E-05 0.998702 9.98828E-05 9.98828E-05
9.98829E-05 0.998702 9.98829E-05 9.98829E-05 9.98829E-05 9.98829E-05 9.98829E-05 9.98829E-05 9.98829E-05 9.98829E-05 9.98829E-05 9.98829E-05 9.98829E-05 9.98829E-05
9.9964E-05 0.0275793 0.0297666 0.0368658 0.0329452 9.9964E-05 0.0356029 9.9964E-05 0.0337787 0.0511872 0.0165753 9.9964E-05 0.0484034 0.686896
0.332901 0.0215086 0.0391992 0.0281171 0.00946628 0.0313297 0.0341381 9.9991E-05 0.0424695 0.0646676 0.0238316 0.0623717 0.0652582 0.244642
0.0186402 0.00807463 0.00634714 9.9955E-05 9.9955E-05 0.0103887 0.0124811 9.9955E-05 0.00498042 0.017253 0.0143516 9.9955E-05 0.906983 9.9955E-05
0.998702 9.9883E-05 9.9883E-05 9.9883E-05 9.9883E-05 9.9883E-05 9.9883E-05 9.9883E-05 9.9883E-05 9.9883E-05 9.9883E-05 9.9883E-05 9.9883E-05 9.9883E-05
0.0211993 0.0306301 0.016716 0.0037256 0.0225728 0.0206309 0.0160893 0.00205115 0.0134565 0.0216575 0.0155485 0.045995 0.749049 0.0206782
0.00228876 0.00165624 0.994956 9.99011E-05 9.99011E-05 9.99011E-05 9.99011E-05 9.99011E-05 9.99011E-05 9.99011E-05 9.99011E-05 9.99011E-05 9.99011E-05 9.99011E-05
9.98831E-05 9.98831E-05 0.998702 9.98831E-05 9.98831E-05 9.98831E-05 9.98831E-05 9.98831E-05 9.98831E-05 9.98831E-05 9.98831E-05 9.98831E-05 9.98831E-05 9.98831E-05
9.9883E-05 9.9883E-05 9.9883E-05 9.9883E-05 9.9883E-05 9.9883E-05 9.9883E-05 9.9883E-05 9.9883E-05 0.998702 9.9883E-05 9.9883E-05 9.9883E-05 9.9883E-05
0.030632 0.02822 0.0365927 0.0396101 0.0283531 0.0256251 0.0259112 9.9991E-05 0.0280396 0.553518 0.0170011 0.03107 0.077294 0.0780329
0.0190297 9.9973E-05 0.00439716 0.0124796 0.000215469 0.00657536 0.840977 9.9973E-05 0.0155027 0.0200269 0.00801963 0.0409561 0.0315202 9.9973E-05
9.98831E-05 9.98831E-05 9.98831E-05 9.98831E-05 9.98831E-05 9.98831E-05 9.98831E-05 9.98831E-05 0.998702 9.98831E-05 9.98831E-05 9.98831E-05 9.98831E-05 9.98831E-05
9.9883E-05 9.9883E-05 9.9883E-05 9.9883E-05 9.9883E-05 0.998702 9.9883E-05 9.9883E-05 9.9883E-05 9.9883E-05 9.9883E-05 9.9883E-05 9.9883E-05 9.9883E-05
0.0250022 0.00811881 0.0189192 0.0222035 0.0136838 0.0324217 0.010937 0.00453206 0.747194 0.0280966 0.0154454 0.0359351 0.0240933 0.0134174
9.98829E-05 9.98829E-05 9.98829E-05 9.98829E-05 9.98829E-05 9.98829E-05 9.98829E-05 9.98829E-05 9.98829E-05 9.98829E-05 0.998702 9.98829E-05 9.98829E-05 9.98829E-05
9.98828E-05 9.98828E-05 9.98828E-05 9.98828E-05 9.98828E-05 9.98828E-05 9.98828E-05 9.98828E-05 9.98828E-05 9.98828E-05 9.98828E-05 9.98828E-05 9.98828E-05 0.998702
9.9883E-05 9.9883E-05 9.9883E-05 0.998702 9.9883E-05 9.9883E-05 9.9883E-05 9.9883E-05 9.9883E-05 9.9883E-05 9.9883E-05 9.9883E-05 9.9883E-05 9.9883E-05
0.0625734 0.0941971 0.0346635 0.0557733 0.062957 0.00661016 0.0440014 0.0200799 0.049833 0.0509478 0.0670282 0.063958 0.111938 0.275439
0.0337165 0.022909 0.00428049 0.0334074 9.9964E-05 0.00789638 0.0107254 0.0114322 9.9964E-05 9.9964E-05 9.9964E-05 0.100609 0.0229998 0.751624
0.00571914 0.0222038 0.027798 0.020973 0.0294594 9.9991E-05 0.0347903 0.00195564 0.00249481 0.0334987 0.0355188 0.510868 0.107293 0.167327
0.0132201 0.0131605 0.026218 0.0159376 0.0133086 0.00665158 0.0204 0.0152233 0.0225508 9.9991E-05 0.00924962 0.753581 0.0336815 0.0567171
0.016017 0.532261 0.0271897 0.0107808 0.0382187 0.0288062 0.0275637 0.0590834 0.0298519 9.9991E-05 0.0371627 0.0535181 0.0477372 0.0917094
9.9973E-05 0.0288222 0.0363695 0.0471996 0.0390809 9.9973E-05 0.0432588 9.9973E-05 0.0380657 0.0250609 0.0148458 0.0155338 0.043038 0.668425
0.82226 0.0226504 0.00755073 0.0263671 0.0155796 0.0097823 0.0196968 0.0205591 0.00519669 9.9982E-05 9.9982E-05 0.00184272 0.0260355 0.0222796
0.00617873 9.9955E-05 0.00425646 0.0147085 9.9955E-05 0.0029534 0.00133433 0.00112949 0.00929728 9.9955E-05 0.0174821 9.9955E-05 0.94216 9.9955E-05
0.933399 0.00197047 0.00763602 0.0114855 0.0114962 0.00837833 9.9964E-05 9.9964E-05 0.0112414 9.9964E-05 0.00748724 0.00315077 9.9964E-05 0.00335547
0.00167788 0.00571105 9.991E-05 9.991E-05 9.991E-05 9.991E-05 9.991E-05 9.991E-05 9.991E-05 9.991E-05 9.991E-05 0.00273993 0.988872 9.991E-05
0.00976134 0.0141792 0.943374 0.000768557 0.00334074 0.00655624 0.00338466 0.00555649 0.00173686 0.00559523 0.00544673 9.9973E-05 9.9973E-05 9.9973E-05
9.98831E-05 9.98831E-05 0.998702 9.98831E-05 9.98831E-05 9.98831E-05 9.98831E-05 9.98831E-05 9.98831E-05 9.98831E-05 9.98831E-05 9.98831E-05 9.98831E-05 9.98831E-05
9.9883E-05 9.9883E-05 9.9883E-05 9.9883E-05 9.9883E-05 9.9883E-05 9.9883E-05 9.9883E-05 9.9883E-05 0.998702 9.9883E-05 9.9883E-05 9.9883E-05 9.9883E-05
9.9937E-05 0.00631846 9.9937E-05 9.9937E-05 0.000633898 9.9937E-05 9.9937E-05 0.946584 9.9937E-05 0.0284047 0.00600952 0.00400489 0.00734459 9.9937E-05
9.9901E-05 9.9901E-05 9.9901E-05 9.9901E-05 9.9901E-05 0.00198532 0.996186 0.000729746 9.9901E-05 9.9901E-05 9.9901E-05 9.9901E-05 9.9901E-05 9.9901E-05
9.9883E-05 9.9883E-05 9.9883E-05 9.9883E-05 9.9883E-05 9.9883E-05 9.9883E-05 9.9883E-05 0.998702 9.9883E-05 9.9883E-05 9.9883E-05 9.9883E-05 9.9883E-05
9.9883E-05 9.9883E-05 9.9883E-05 9.9883E-05 9.9883E-05 0.998702 9.9883E-05 9.9883E-05 9.9883E-05 9.9883E-05 9.9883E-05 9.9883E-05 9.9883E-05 9.9883E-05
9.98831E-05 9.98831E-05 9.98831E-05 9.98831E-05 9.98831E-05 9.98831E-05 9.98831E-05 9.98831E-05 0.998702 9.98831E-05 9.98831E-05 9.98831E-05 9.98831E-05 9.98831E-05
9.9883E-05 9.9883E-05 9.9883E-05 9.9883E-05 9.9883E-05 9.9883E-05 9.9883E-05 9.9883E-05 9.9883E-05 9.9883E-05 0.998702 9.9883E-05 9.9883E-05 9.9883E-05
9.998E-05 0.0290463 0.0249337 0.0454271 0.0339455 9.998E-05 0.00845192 0.00938853 0.0487384 0.0115688 0.0146583 0.0334474 0.0312482 0.708946
9.9946E-05 9.9946E-05 9.9946E-05 0.967585 0.00492883 0.000112628 0.00550952 9.9946E-05 0.00309844 9.9946E-05 0.0014421 9.9946E-05 0.00571348 0.0110104
0.0661919 0.112778 0.0275009 0.0646285 0.0652955 0.0113307 0.0384036 0.0246373 0.0418869 0.0388705 0.0628423 0.0615539 0.103109 0.280971
0.067675 0.0252527 0.0159343 0.0267737 9.9991E-05 0.0125357 0.0381829 0.0295607 0.0363691 0.00876714 0.0469559 0.113446 0.0756688 0.502778
0.00664866 0.026104 0.0247177 0.0206232 0.0376018 9.9991E-05 0.0352136 0.00478171 0.00604175 0.0165463 0.0310056 0.542862 0.0910074 0.156746
0.0294983 0.0378689 0.00617872 0.002357 0.0140913 0.00687808 0.00618795 0.0197351 0.019695 9.9991E-05 0.0258101 0.695909 0.0476349 0.0880554
9.98828E-05 0.998702 9.98828E-05 9.98828E-05 9.98828E-05 9.98828E-05 9.98828E-05 9.98828E-05 9.98828E-05 9.98828E-05 9.98828E-05 9.98828E-05 9.98828E-05 9.98828E-05
0.014222 0.0416154 0.0303423 0.0322059 0.0320316 0.0121004 0.0264734 0.0339973 0.0534824 0.0140785 0.0131264 0.0300843 0.0434114 0.622829
0.801761 0.0200508 0.0208586 0.0344735 0.00583224 0.00626329 0.0211238 0.0186816 0.00352514 9.9991E-05 0.000360612 0.00759622 0.026376 0.0329969
9.9883E-05 9.9883E-05 9.9883E-05 9.9883E-05 9.9883E-05 9.9883E-05 9.9883E-05 9.9883E-05 9.9883E-05 9.9883E-05 9.9883E-05 9.9883E-05 0.998702 9.9883E-05
0.998702 9.98829E-05 9.98829E-05 9.98829E-05 9.98829E-05 9.98829E-05 9.98829E-05 9.98829E-05 9.98829E-05 9.98829E-05 9.98829E-05 9.98829E-05 9.98829E-05 9.98829E-05
9.99011E-05 9.99011E-05 9.99011E-05 9.99011E-05 9.99011E-05 9.99011E-05 0.000490551 9.99011E-05 9.99011E-05 9.99011E-05 9.99011E-05 0.0176089 0.980802 9.99011E-05
0.0103769 0.00750384 0.953426 0.00166968 0.00946199 0.00422994 9.9946E-05 9.9946E-05 9.9946E-05 0.004802 0.00792952 9.9946E-05 9.9946E-05 9.9946E-05
9.99011E-05 9.99011E-05 0.992191 9.99011E-05 9.99011E-05 9.99011E-05 9.99011E-05 9.99011E-05 9.99011E-05 9.99011E-05 9.99011E-05 9.99011E-05 0.00143246 0.00527783
9.9883E-05 9.9883E-05 9.9883E-05 9.9883E-05 9.9883E-05 9.9883E-05 9.9883E-05 9.9883E-05 9.9883E-05 0.998702 9.9883E-05 9.9883E-05 9.9883E-05 9.9883E-05
9.9883E-05 9.9883E-05 9.9883E-05 9.9883E-05 9.9883E-05 9.9883E-05 9.9883E-05 9.9883E-05 9.9883E-05 0.998702 9.9883E-05 9.9883E-05 9.9883E-05 9.9883E-05
0.00325899 0.0103521 0.000832333 0.00113987 0.00358198 0.00255778 0.972208 0.00296144 9.9955E-05 0.00260787 9.9955E-05 9.9955E-05 9.9955E-05 9.9955E-05
0.00410587 9.9937E-05 9.9937E-05 0.0031965 0.00109014 9.9937E-05 9.9937E-05 0.00702128 0.976011 9.9937E-05 0.00281089 9.9937E-05 0.0050652 9.9937E-05
0.0474966 0.0394239 0.0449037 0.0106641 0.0222836 0.169635 0.0467997 0.0334095 0.0348748 0.000192673 0.328152 0.0572838 0.0908885 0.0739918
9.9955E-05 9.9955E-05 0.0035278 0.00459149 0.00138675 0.00123057 0.00142249 0.000332161 0.95456 0.0105833 9.9955E-05 0.0218658 9.9955E-05 9.9955E-05
0.00240835 0.00171913 9.9928E-05 0.981954 9.9928E-05 9.9928E-05 0.00278471 9.9928E-05 0.0027312 9.9928E-05 9.9928E-05 0.0076028 9.9928E-05 9.9928E-05
0.0761647 0.0199244 0.0358191 0.0239235 0.00135457 0.0323396 0.0166755 0.00540466 9.9991E-05 0.0200256 0.00543545 0.166352 0.0471656 0.549315
0.0682407 0.103863 0.0320839 0.0663649 0.0680162 0.00943059 0.0438493 0.000748588 0.0521656 0.0615054 0.0631561 0.0678615 0.0930689 0.269645
0.0406729 0.0401953 0.0371146 0.022371 0.0339159 0.0296884 0.0529547 0.00407757 0.0448969 0.022999 0.0365709 0.109069 0.0808886 0.444586
9.9991E-05 0.010925 0.028123 0.0174659 0.0323192 0.00656459 0.0337537 0.00332217 0.0153995 0.0263257 0.0298328 0.548059 0.0644455 0.183364
0.0275736 0.0458365 0.0222874 0.0348823 0.0177632 0.0393696 0.0307745 0.0119725 0.0342653 0.00382298 0.0156724 0.606718 0.0586667 0.0503946
9.9883E-05 9.9883E-05 9.9883E-05 9.9883E-05 0.998702 9.9883E-05 9.9883E-05 9.9883E-05 9.9883E-05 9.9883E-05 9.9883E-05 9.9883E-05 9.9883E-05 9.9883E-05
9.98828E-05 0.998702 9.98828E-05 9.98828E-05 9.98828E-05 9.98828E-05 9.98828E-05 9.98828E-05 9.98828E-05 9.98828E-05 9.98828E-05 9.98828E-05 9.98828E-05 9.98828E-05
9.9973E-05 0.0323786 9.9973E-05 0.0210972 0.0520257 0.000166494 0.0338089 9.9973E-05 0.0495253 0.0176895 0.0284952 0.0233386 0.0225227 0.718652
0.842704 0.00934738 0.0112928 0.0163774 0.00682941 9.9964E-05 0.0193216 0.0257971 9.9964E-05 9.9964E-05 0.000124685 9.9964E-05 0.0339482 0.0338578
9.98829E-05 9.98829E-05 9.98829E-05 9.98829E-05 9.98829E-05 9.98829E-05 9.98829E-05 9.98829E-05 9.98829E-05 9.98829E-05 9.98829E-05 9.98829E-05 0.998702 9.98829E-05
0.998702 9.98829E-05 9.98829E-05 9.98829E-05 9.98829E-05 9.98829E-05 9.98829E-05 9.98829E-05 9.98829E-05 9.98829E-05 9.98829E-05 9.98829E-05 9.98829E-05 9.98829E-05
9.99191E-05 0.0134759 9.99191E-05 9.99191E-05 9.99191E-05 9.99191E-05 0.00867463 9.99191E-05 9.99191E-05 9.99191E-05 0.00224593 0.00529678 0.969407 9.99191E-05
0.000935894 9.99011E-05 0.993324 9.99011E-05 0.00464126 9.99011E-05 9.99011E-05 9.99011E-05 9.99011E-05 9.99011E-05 9.99011E-05 9.99011E-05 9.99011E-05 9.99011E-05
9.9883E-05 9.9883E-05 9.9883E-05 9.9883E-05 9.9883E-05 9.9883E-05 9.9883E-05 0.998702 9.9883E-05 9.9883E-05 9.9883E-05 9.9883E-05 9.9883E-05 9.9883E-05
9.9883E-05 9.9883E-05 9.9883E-05 9.9883E-05 9.9883E-05 9.9883E-05 0.998702 9.9883E-05 9.9883E-05 9.9883E-05 9.9883E-05 9.9883E-05 9.9883E-05 9.9883E-05
0.00304669 0.0335783 0.038398 0.0176462 0.00962116 0.0207201 0.47469 0.0140698 0.0364463 0.0544696 0.0135128 0.0612972 0.10165 0.120854
0.0408423 0.0370723 0.0521325 0.0333967 0.0323354 0.16236 0.0393725 0.0646002 0.0399581 0.00216354 0.194845 0.0911817 0.104377 0.105363
9.9883E-05 9.9883E-05 9.9883E-05 9.9883E-05 9.9883E-05 9.9883E-05 9.9883E-05 9.9883E-05 0.998702 9.9883E-05 9.9883E-05 9.9883E-05 9.9883E-05 9.9883E-05
9.9883E-05 9.9883E-05 9.9883E-05 9.9883E-05 9.9883E-05 0.998702 9.9883E-05 9.9883E-05 9.9883E-05 9.9883E-05 9.9883E-05 9.9883E-05 9.9883E-05 9.9883E-05
0.0168044 0.0161881 0.0163645 0.0155531 0.00993463 0.0108756 0.00818871 0.00327589 0.85271 0.0118379 0.00684762 0.0164723 0.00794706 0.0069999
9.98831E-05 9.98831E-05 9.98831E-05 0.998702 9.98831E-05 9.98831E-05 9.98831E-05 9.98831E-05 9.98831E-05 9.98831E-05 9.98831E-05 9.98831E-05 9.98831E-05 9.98831E-05
0.0665273 0.0394136 0.0212555 0.0207185 9.9991E-05 0.024649 0.0295653 0.0181507 0.0144219 0.0117618 0.0105805 0.107298 0.0411005 0.594458
0.0726963 0.0796541 0.0366882 0.054802 0.0627979 0.0456467 0.0424021 0.0314458 0.0628071 0.0527289 0.0445562 0.0587613 0.102358 0.252656
0.0379757 0.0554668 0.0358224 0.0229261 0.0294483 0.0229552 0.0381059 0.0131519 0.024009 0.0132339 9.99974E-05 0.1431 0.036168 0.527537
0.0269024 0.0354398 9.9973E-05 0.0165256 0.013529 0.0259838 0.0397398 9.9973E-05 0.00757963 9.9973E-05 0.0185913 0.642452 0.0660024 0.106954
9.9973E-05 0.00236779 0.030794 0.0213979 0.000120796 0.0143471 0.00163454 0.00391007 0.0178836 9.9973E-05 0.0165149 0.854505 9.9973E-05 0.0362242
9.98831E-05 9.98831E-05 9.98831E-05 9.98831E-05 0.998702 9.98831E-05 9.98831E-05 9.98831E-05 9.98831E-05 9.98831E-05 9.98831E-05 9.98831E-05 9.98831E-05 9.98831E-05
0.0160225 0.841322 0.0138417 0.0128781 9.9982E-05 0.0123128 0.034251 0.0163256 0.0195509 0.00682803 0.00233879 0.0235455 0.000583232 9.9982E-05
9.9964E-05 0.040098 9.9964E-05 0.0146217 0.0535812 9.9964E-05 0.0266861 9.9964E-05 0.0439839 0.0187469 0.0245275 0.0247378 0.0297575 0.72286
0.782842 0.0119329 0.00936562 0.0248033 0.0140662 0.00956313 0.0213275 0.0144715 0.0213472 0.0207529 0.00488859 0.00151182 0.0368214 0.0263062
9.9892E-05 9.9892E-05 9.9892E-05 9.9892E-05 9.9892E-05 9.9892E-05 9.9892E-05 0.000911501 9.9892E-05 9.9892E-05 9.9892E-05 9.9892E-05 0.99789 9.9892E-05
0.998702 9.98829E-05 9.98829E-05 9.98829E-05 9.98829E-05 9.98829E-05 9.98829E-05 9.98829E-05 9.98829E-05 9.98829E-05 9.98829E-05 9.98829E-05 9.98829E-05 9.98829E-05
9.98831E-05 9.98831E-05 0.998702 9.98831E-05 9.98831E-05 9.98831E-05 9.98831E-05 9.98831E-05 9.98831E-05 9.98831E-05 9.98831E-05 9.98831E-05 9.98831E-05 9.98831E-05
