9.9901E-05 9.9901E-05 9.9901E-05 9.9901E-05 9.9901E-05 9.9901E-05 9.9901E-05 9.9901E-05 0.998901 9.9901E-05 9.9901E-05 9.9901E-05
0.0163673 0.0141406 9.9955E-05 0.00944229 0.942565 9.9955E-05 0.00687795 9.9955E-05 0.00187119 9.9955E-05 9.9955E-05 0.00823546
0.0251824 0.0184363 9.9946E-05 0.00531789 0.938319 9.9946E-05 0.00472846 9.9946E-05 0.00741605 9.9946E-05 9.9946E-05 9.9946E-05
9.9901E-05 9.9901E-05 9.9901E-05 9.9901E-05 9.9901E-05 0.998901 9.9901E-05 9.9901E-05 9.9901E-05 9.9901E-05 9.9901E-05 9.9901E-05
9.9901E-05 9.9901E-05 9.9901E-05 9.9901E-05 9.9901E-05 0.998901 9.9901E-05 9.9901E-05 9.9901E-05 9.9901E-05 9.9901E-05 9.9901E-05
0.0949476 0.0528735 0.0284279 0.0388383 0.0517747 0.0355744 0.039708 0.12291 0.0686746 0.315408 0.0883428 0.06252
9.9901E-05 9.9901E-05 9.9901E-05 9.9901E-05 9.9901E-05 9.9901E-05 9.9901E-05 9.9901E-05 9.9901E-05 9.9901E-05 9.9901E-05 0.998901
9.9901E-05 9.9901E-05 9.9901E-05 9.9901E-05 9.9901E-05 9.9901E-05 9.9901E-05 9.9901E-05 9.9901E-05 0.998901 9.9901E-05 9.9901E-05
0.131652 0.0282099 0.106966 0.0396717 0.0372654 0.0479155 0.0349456 0.392164 0.0593057 0.0268084 0.0452597 0.049835
9.9937E-05 9.9937E-05 9.9937E-05 9.9937E-05 0.00983465 9.9937E-05 0.970363 0.0116065 9.9937E-05 0.00192143 9.9937E-05 0.00557449
0.149944 0.0582653 0.0951911 0.0356067 0.0658763 0.0594552 0.0523544 0.272333 0.0685313 0.0435018 0.0499708 0.0489703
0.143766 0.0898121 0.0922513 0.0784457 0.0846059 0.0454834 0.0690881 0.159052 0.0553647 0.0457859 0.0602534 0.0760917
9.99174E-05 9.99174E-05 9.99174E-05 0.00580158 9.99174E-05 9.99174E-05 9.99174E-05 0.993199 9.99174E-05 9.99174E-05 9.99174E-05 9.99174E-05
9.99008E-05 9.99008E-05 9.99008E-05 9.99008E-05 9.99008E-05 9.99008E-05 9.99008E-05 0.998901 9.99008E-05 9.99008E-05 9.99008E-05 9.99008E-05
0.0750155 0.0653717 9.9982E-05 0.0525653 0.031548 0.0170732 0.0354609 0.144789 0.00762914 9.9982E-05 0.0431174 0.52723
9.9901E-05 9.9901E-05 9.9901E-05 0.998901 9.9901E-05 9.9901E-05 9.9901E-05 9.9901E-05 9.9901E-05 9.9901E-05 9.9901E-05 9.9901E-05
9.99009E-05 0.998901 9.99009E-05 9.99009E-05 9.99009E-05 9.99009E-05 9.99009E-05 9.99009E-05 9.99009E-05 9.99009E-05 9.99009E-05 9.99009E-05
0.176902 0.0895804 0.060133 0.0674235 0.0653838 0.0538932 0.0363374 0.224353 0.0706493 0.0213969 0.0579315 0.0760164
0.0370906 0.0270887 0.803599 0.0119662 0.0268629 0.00986277 0.0300395 0.0196457 0.0227094 0.00371114 9.9991E-05 0.00732393
0.696313 0.0110352 0.048139 0.015273 0.0324131 0.0350402 0.0202369 0.0289529 0.0420311 0.020069 0.0191678 0.0313283
0.000150443 9.9946E-05 0.987708 9.9946E-05 0.0020359 0.00536403 9.9946E-05 9.9946E-05 9.9946E-05 9.9946E-05 0.00350374 0.000637964
0.942431 0.0126302 0.0020694 9.9973E-05 9.9973E-05 0.0100893 0.00403576 0.0124445 0.00641472 0.00364383 9.9973E-05 0.00594125
0.0251835 9.9964E-05 9.9964E-05 9.9964E-05 0.0058601 0.00518796 9.9964E-05 0.0236743 0.92351 0.00237903 0.00126436 0.0125408
9.99009E-05 9.99009E-05 9.99009E-05 9.99009E-05 0.998901 9.99009E-05 9.99009E-05 9.99009E-05 9.99009E-05 9.99009E-05 9.99009E-05 9.99009E-05
0.0110569 0.0261338 9.9955E-05 0.0118958 0.910503 9.9955E-05 0.0153022 9.9955E-05 0.00670152 9.9955E-05 9.9955E-05 0.017907
9.9901E-05 9.9901E-05 9.9901E-05 9.9901E-05 9.9901E-05 0.998901 9.9901E-05 9.9901E-05 9.9901E-05 9.9901E-05 9.9901E-05 9.9901E-05
9.991E-05 9.991E-05 9.991E-05 9.991E-05 9.991E-05 9.991E-05 9.991E-05 9.991E-05 9.991E-05 0.00496468 9.991E-05 0.994036
9.9901E-05 9.9901E-05 9.9901E-05 9.9901E-05 9.9901E-05 9.9901E-05 9.9901E-05 9.9901E-05 9.9901E-05 0.998901 9.9901E-05 9.9901E-05
0.00339014 0.0146704 0.00222867 0.00909462 9.9991E-05 0.00455478 0.0120869 0.00348473 0.00886301 0.00301194 0.0156126 0.922902
0.00395444 9.9946E-05 9.9946E-05 9.9946E-05 0.00713923 0.00486947 9.9946E-05 9.9946E-05 0.00135485 0.981955 9.9946E-05 0.000127317
0.126818 0.00990355 0.117782 0.0436485 0.021818 0.0435964 0.0170489 0.463292 0.0421391 0.0300745 0.0496463 0.0342328
9.9901E-05 9.9901E-05 9.9901E-05 9.9901E-05 9.9901E-05 9.9901E-05 0.998901 9.9901E-05 9.9901E-05 9.9901E-05 9.9901E-05 9.9901E-05
0.137185 0.0487825 0.0874941 0.0368634 0.0745437 0.0640293 0.0781167 0.173353 0.103489 0.0463081 0.0542843 0.0955504
9.99099E-05 9.99099E-05 9.99099E-05 9.99099E-05 9.99099E-05 9.99099E-05 9.99099E-05 0.998801 9.99099E-05 0.000199488 9.99099E-05 9.99099E-05
9.99008E-05 9.99008E-05 9.99008E-05 9.99008E-05 9.99008E-05 9.99008E-05 9.99008E-05 0.998901 9.99008E-05 9.99008E-05 9.99008E-05 9.99008E-05
0.172958 0.111791 0.0609855 0.105063 0.0459764 0.0348614 0.0421376 0.24482 0.0586949 0.0181503 0.0439174 0.0606437
9.99009E-05 9.99009E-05 9.99009E-05 0.998901 9.99009E-05 9.99009E-05 9.99009E-05 9.99009E-05 9.99009E-05 9.99009E-05 9.99009E-05 9.99009E-05
0.113092 0.449942 0.0533289 0.063044 0.0117815 0.0383548 0.028241 0.0935297 0.0282645 0.0403046 0.0372405 0.0428767
0.959117 9.9946E-05 0.00964903 9.9946E-05 9.9946E-05 9.9946E-05 0.00971287 9.9946E-05 9.9946E-05 0.00231251 0.018067 0.000542247
9.99009E-05 9.99009E-05 0.998901 9.99009E-05 9.99009E-05 9.99009E-05 9.99009E-05 9.99009E-05 9.99009E-05 9.99009E-05 9.99009E-05 9.99009E-05
0.711647 0.0312495 0.0382834 0.0191302 0.0248128 0.0218411 0.0137087 0.0521337 0.0304977 0.02224 0.0220498 0.0124056
9.9901E-05 9.9901E-05 9.9901E-05 9.9901E-05 9.9901E-05 9.9901E-05 9.9901E-05 9.9901E-05 0.998901 9.9901E-05 9.9901E-05 9.9901E-05
0.00513861 0.000419218 0.00079746 9.9973E-05 0.003106 0.0169086 0.00311669 0.0153407 0.943762 9.9973E-05 9.9973E-05 0.0111109
9.99009E-05 9.99009E-05 9.99009E-05 9.99009E-05 0.998901 9.99009E-05 9.99009E-05 9.99009E-05 9.99009E-05 9.99009E-05 9.99009E-05 9.99009E-05
0.0275054 0.0121142 0.00203788 0.0173297 0.872903 0.00224945 0.0221556 0.00483874 0.00778846 0.0101777 0.00421529 0.016685
9.9901E-05 9.9901E-05 9.9901E-05 9.9901E-05 9.9901E-05 0.998901 9.9901E-05 9.9901E-05 9.9901E-05 9.9901E-05 9.9901E-05 9.9901E-05
9.9901E-05 9.9901E-05 9.9901E-05 9.9901E-05 9.9901E-05 9.9901E-05 9.9901E-05 9.9901E-05 9.9901E-05 9.9901E-05 9.9901E-05 0.998901
9.9955E-05 0.00649335 0.00529991 9.9955E-05 0.0049747 0.000795493 0.00108206 9.9955E-05 9.9955E-05 9.9955E-05 0.977722 0.00313304
9.9901E-05 9.9901E-05 9.9901E-05 9.9901E-05 9.9901E-05 9.9901E-05 9.9901E-05 9.9901E-05 9.9901E-05 9.9901E-05 9.9901E-05 0.998901
9.991E-05 9.991E-05 9.991E-05 9.991E-05 9.991E-05 9.991E-05 9.991E-05 9.991E-05 9.991E-05 9.991E-05 0.997563 0.00143796
0.13449 0.0165751 0.106759 0.0429106 0.0367223 0.038215 0.0327408 0.425228 0.0602403 0.0245643 0.0348214 0.0467341
9.9946E-05 0.00428086 9.9946E-05 9.9946E-05 9.9946E-05 0.00595869 0.982134 9.9946E-05 0.000203457 0.00383518 0.00298845 9.9946E-05
0.188658 0.0600486 0.109381 0.0132219 0.0356886 0.0534077 0.0444127 0.296945 0.0563166 0.0388589 0.0546288 0.0484324
9.99279E-05 9.99279E-05 9.99279E-05 9.99279E-05 9.99279E-05 0.00240981 9.99279E-05 0.976437 0.0076137 0.0127403 9.99279E-05 9.99279E-05
9.99099E-05 9.99099E-05 9.99099E-05 9.99099E-05 9.99099E-05 9.99099E-05 9.99099E-05 0.995983 0.0030178 9.99099E-05 9.99099E-05 9.99099E-05
0.13963 0.0946801 0.0536222 0.0764475 0.049318 0.0584331 0.0744659 0.217987 0.0655795 0.0309759 0.0662654 0.0725949
9.9901E-05 9.9901E-05 9.9901E-05 0.998901 9.9901E-05 9.9901E-05 9.9901E-05 9.9901E-05 9.9901E-05 9.9901E-05 9.9901E-05 9.9901E-05
0.097213 0.0389056 0.399905 0.021159 0.0568178 0.0453068 0.0439771 0.161991 0.0403941 0.0278548 0.0204422 0.0460333
0.823917 0.00840454 0.0169898 0.00628079 0.024605 0.0121727 0.0208537 9.9991E-05 0.014264 0.0246518 0.0310449 0.0167158
9.99009E-05 9.99009E-05 0.998901 9.99009E-05 9.99009E-05 9.99009E-05 9.99009E-05 9.99009E-05 9.99009E-05 9.99009E-05 9.99009E-05 9.99009E-05
0.998901 9.99009E-05 9.99009E-05 9.99009E-05 9.99009E-05 9.99009E-05 9.99009E-05 9.99009E-05 9.99009E-05 9.99009E-05 9.99009E-05 9.99009E-05
9.9919E-05 9.9919E-05 9.9919E-05 9.9919E-05 0.0108951 9.9919E-05 9.9919E-05 9.9919E-05 0.985638 0.00256727 9.9919E-05 9.9919E-05
0.0135659 9.9955E-05 9.9955E-05 9.9955E-05 0.00125594 0.0144192 0.00027255 0.0120712 0.956315 9.9955E-05 9.9955E-05 0.00159994
9.9901E-05 9.9901E-05 9.9901E-05 9.9901E-05 0.998901 9.9901E-05 9.9901E-05 9.9901E-05 9.9901E-05 9.9901E-05 9.9901E-05 9.9901E-05
0.0979632 0.0204897 0.0421899 0.0358577 0.568341 0.0292765 0.0344333 0.0630825 0.0294601 0.0315705 0.0272588 0.020077
0.00400964 0.00354788 0.00405762 0.00968203 0.00637393 0.962357 9.9964E-05 0.000895751 0.00867635 9.9964E-05 9.9964E-05 9.9964E-05
9.9946E-05 0.00466921 0.000889742 0.00617269 0.00280696 9.9946E-05 9.9946E-05 9.9946E-05 9.9946E-05 9.9946E-05 0.00711842 0.977743
9.9964E-05 0.00485075 0.017034 0.00206935 0.0182919 9.9964E-05 0.00889873 0.00501307 0.0108536 0.932589 9.9964E-05 9.9964E-05
0.0250269 0.00498496 0.0137699 9.9991E-05 0.019161 0.0186453 0.0178103 0.000266425 0.0135914 0.0186723 0.00965525 0.858316
9.99009E-05 9.99009E-05 9.99009E-05 9.99009E-05 9.99009E-05 9.99009E-05 9.99009E-05 9.99009E-05 9.99009E-05 9.99009E-05 0.998901 9.99009E-05
0.124159 0.0274366 0.125533 0.0476872 0.0359625 0.0482007 0.035579 0.358751 0.0643861 0.0452317 0.0386762 0.0483962
9.9901E-05 9.9901E-05 9.9901E-05 9.9901E-05 9.9901E-05 9.9901E-05 0.998901 9.9901E-05 9.9901E-05 9.9901E-05 9.9901E-05 9.9901E-05
0.128689 0.0453922 0.109733 0.0391742 0.0478781 0.0462378 0.0587937 0.356008 0.0579325 0.0307265 0.0322998 0.0471348
0.092172 0.0329374 0.0325035 0.026764 0.0169894 0.0391435 0.0126313 0.64345 0.0372227 0.0291583 9.9991E-05 0.0369283
9.99008E-05 9.99008E-05 9.99008E-05 9.99008E-05 9.99008E-05 9.99008E-05 9.99008E-05 0.998901 9.99008E-05 9.99008E-05 9.99008E-05 9.99008E-05
9.99009E-05 0.998901 9.99009E-05 9.99009E-05 9.99009E-05 9.99009E-05 9.99009E-05 9.99009E-05 9.99009E-05 9.99009E-05 9.99009E-05 9.99009E-05
0.153014 0.0765929 0.0543042 0.0712952 0.0678488 0.0694559 0.0653081 0.229862 0.0581102 0.0196144 0.0719859 0.0626083
0.0974902 0.0458064 0.34263 0.0228255 0.0684563 0.0377665 0.040656 0.161411 0.0593993 0.0500525 0.0231568 0.0503496
0.893851 0.0048855 0.00912312 0.00737779 0.0201526 0.00875092 0.0135535 9.9991E-05 0.0116193 0.00677292 0.0192487 0.0045644
9.99009E-05 9.99009E-05 0.998901 9.99009E-05 9.99009E-05 9.99009E-05 9.99009E-05 9.99009E-05 9.99009E-05 9.99009E-05 9.99009E-05 9.99009E-05
0.76253 0.02666 0.0268675 0.0138172 0.0260413 0.0184914 0.011299 0.059891 0.00989824 0.0166906 0.0118177 0.0159961
9.99191E-05 9.99191E-05 0.000493879 9.99191E-05 9.99191E-05 9.99191E-05 9.99191E-05 9.99191E-05 0.995759 0.00284816 9.99191E-05 9.99191E-05
9.99011E-05 9.99011E-05 9.99011E-05 9.99011E-05 9.99011E-05 9.99011E-05 9.99011E-05 9.99011E-05 0.998901 9.99011E-05 9.99011E-05 9.99011E-05
9.99009E-05 9.99009E-05 9.99009E-05 9.99009E-05 0.998901 9.99009E-05 9.99009E-05 9.99009E-05 9.99009E-05 9.99009E-05 9.99009E-05 9.99009E-05
0.0821579 0.0235922 0.0381501 0.0452805 0.573454 0.0253996 0.0471098 0.0652823 0.0285613 0.0252762 0.0185298 0.0272059
0.0318794 0.0042733 0.0207949 0.00864947 0.015688 0.823635 0.0156725 0.027538 0.0128281 0.00849613 0.0072081 0.0233369
9.9901E-05 9.9901E-05 9.9901E-05 9.9901E-05 9.9901E-05 9.9901E-05 9.9901E-05 9.9901E-05 9.9901E-05 9.9901E-05 9.9901E-05 0.998901
9.9901E-05 9.9901E-05 9.9901E-05 9.9901E-05 9.9901E-05 9.9901E-05 9.9901E-05 9.9901E-05 9.9901E-05 0.998901 9.9901E-05 9.9901E-05
0.04569 0.0113596 0.018018 0.0141883 0.0307096 0.0134467 0.0284688 0.0283176 0.0362098 0.0170069 0.0208638 0.735721
9.99009E-05 9.99009E-05 9.99009E-05 9.99009E-05 9.99009E-05 9.99009E-05 9.99009E-05 9.99009E-05 9.99009E-05 9.99009E-05 0.998901 9.99009E-05
0.142103 0.0293588 0.11803 0.0322006 0.0368313 0.0423328 0.0260592 0.396492 0.0551615 0.0403034 0.0363537 0.0447738
9.9901E-05 9.9901E-05 9.9901E-05 9.9901E-05 9.9901E-05 9.9901E-05 0.998901 9.9901E-05 9.9901E-05 9.9901E-05 9.9901E-05 9.9901E-05
0.131599 0.111895 0.0851862 0.0903462 0.0787175 0.0596409 0.0613404 0.171704 0.0428046 0.0202101 0.083858 0.0626985
0.129 0.0537159 0.102694 0.0307345 0.0368858 0.0489017 0.0574914 0.391869 0.0505992 0.0340709 0.0233798 0.0406573
0.112071 0.0291411 0.0254259 0.0293949 0.0406113 0.0367413 0.0287341 0.617755 0.0237964 0.00539514 0.0389349 0.0119986
0.0287928 0.0206003 0.0143415 0.0136465 0.0160628 0.015263 0.0288585 0.807975 0.022418 0.00641206 0.0111082 0.0145216
0.0528216 0.551979 0.03316 0.0381014 0.0507227 0.0222829 0.0188431 0.10133 0.0220959 0.0296314 0.0421166 0.0369162
0.151878 0.103095 0.0428324 0.0658212 0.0556858 0.067865 0.0656509 0.232119 0.0616176 0.0158451 0.0691631 0.0684269
0.0290287 0.0220397 0.834584 0.0267378 0.0236862 0.0205873 0.0172869 0.00335267 0.0216049 0.000891841 9.9982E-05 9.9982E-05
0.938213 9.9973E-05 0.00458078 9.9973E-05 0.00245328 0.00787394 0.0099793 9.9973E-05 0.00173358 0.000788203 0.0246661 0.00941226
0.00496726 9.9982E-05 0.936482 0.00418657 0.0104722 9.9982E-05 0.00216635 0.00655241 0.0099632 0.000950163 0.00657251 0.0174873
0.9967 0.00230128 9.991E-05 9.991E-05 9.991E-05 9.991E-05 9.991E-05 9.991E-05 9.991E-05 9.991E-05 9.991E-05 9.991E-05
9.9964E-05 0.0121209 0.00438864 0.0106257 0.0123438 9.9964E-05 0.00654362 9.9964E-05 0.947252 9.9964E-05 0.00394197 0.00238334
9.9901E-05 9.9901E-05 9.9901E-05 9.9901E-05 9.9901E-05 9.9901E-05 9.9901E-05 9.9901E-05 0.998901 9.9901E-05 9.9901E-05 9.9901E-05
9.9901E-05 9.9901E-05 9.9901E-05 9.9901E-05 0.998901 9.9901E-05 9.9901E-05 9.9901E-05 9.9901E-05 9.9901E-05 9.9901E-05 9.9901E-05
0.0186719 0.0209267 0.0023548 0.0106334 0.910004 0.0113558 0.00547346 9.9991E-05 0.00941253 0.000753808 0.000220741 0.0100934
9.9901E-05 9.9901E-05 9.9901E-05 9.9901E-05 9.9901E-05 0.998901 9.9901E-05 9.9901E-05 9.9901E-05 9.9901E-05 9.9901E-05 9.9901E-05
9.9901E-05 9.9901E-05 9.9901E-05 9.9901E-05 9.9901E-05 9.9901E-05 9.9901E-05 9.9901E-05 9.9901E-05 9.9901E-05 9.9901E-05 0.998901
9.9901E-05 9.9901E-05 9.9901E-05 9.9901E-05 9.9901E-05 9.9901E-05 9.9901E-05 9.9901E-05 9.9901E-05 0.998901 9.9901E-05 9.9901E-05
9.99011E-05 9.99011E-05 9.99011E-05 9.99011E-05 9.99011E-05 9.99011E-05 9.99011E-05 9.99011E-05 9.99011E-05 9.99011E-05 9.99011E-05 0.998901
9.99009E-05 9.99009E-05 9.99009E-05 9.99009E-05 9.99009E-05 9.99009E-05 9.99009E-05 9.99009E-05 9.99009E-05 9.99009E-05 0.998901 9.99009E-05
0.164892 0.0858668 0.0402885 0.0846704 0.0410006 0.0462432 0.061221 0.272225 0.0534844 9.9991E-05 0.0630944 0.0869134
9.9937E-05 9.9937E-05 9.9937E-05 0.00963422 9.9937E-05 9.9937E-05 0.978044 9.9937E-05 9.9937E-05 0.00323103 0.00718773 0.00120332
0.126497 0.118722 0.0983967 0.0823632 0.0747388 0.0560445 0.065338 0.184351 0.0385055 0.0205358 0.0724534 0.0620549
0.142814 0.0582308 0.0993233 0.0322536 0.0549234 0.0535476 0.0382962 0.315789 0.0456218 0.0243553 0.0657096 0.0691358
0.106583 0.0278874 0.0201048 0.0378744 0.0229959 0.0377117 0.0278657 0.652054 0.0249782 0.0030588 0.0333312 0.00555442
0.0441691 0.05085 0.0286093 0.024769 0.0181652 0.00744346 0.00522877 0.770434 0.00819978 0.00526738 0.0147554 0.022109
9.99008E-05 0.998901 9.99008E-05 9.99008E-05 9.99008E-05 9.99008E-05 9.99008E-05 9.99008E-05 9.99008E-05 9.99008E-05 9.99008E-05 9.99008E-05
0.140247 0.0809556 0.0676021 0.0786428 0.0694689 0.0623651 0.0511656 0.238898 0.055535 0.0232046 0.0417755 0.0901399
0.0394162 0.0223615 0.822655 0.0179826 0.0152343 0.0195616 0.021569 0.00192416 0.0159286 0.010297 0.00950392 0.00356576
0.998901 9.9901E-05 9.9901E-05 9.9901E-05 9.9901E-05 9.9901E-05 9.9901E-05 9.9901E-05 9.9901E-05 9.9901E-05 9.9901E-05 9.9901E-05
9.99009E-05 9.99009E-05 0.998901 9.99009E-05 9.99009E-05 9.99009E-05 9.99009E-05 9.99009E-05 9.99009E-05 9.99009E-05 9.99009E-05 9.99009E-05
0.991965 9.991E-05 9.991E-05 9.991E-05 9.991E-05 0.0070363 9.991E-05 9.991E-05 9.991E-05 9.991E-05 9.991E-05 9.991E-05
0.000722211 0.0135955 0.00959272 9.9964E-05 0.00537003 9.9964E-05 0.00228637 9.9964E-05 0.959735 0.00239513 0.00590278 9.9964E-05
9.99274E-05 9.99274E-05 9.99274E-05 9.99274E-05 9.99274E-05 0.00483009 9.99274E-05 9.99274E-05 0.992975 9.99274E-05 9.99274E-05 0.00129559
9.9901E-05 9.9901E-05 9.9901E-05 9.9901E-05 0.998901 9.9901E-05 9.9901E-05 9.9901E-05 9.9901E-05 9.9901E-05 9.9901E-05 9.9901E-05
9.99009E-05 9.99009E-05 9.99009E-05 9.99009E-05 0.998901 9.99009E-05 9.99009E-05 9.99009E-05 9.99009E-05 9.99009E-05 9.99009E-05 9.99009E-05
9.99471E-05 9.99471E-05 0.00136369 9.99471E-05 0.00817568 0.970278 9.99471E-05 9.99471E-05 9.99471E-05 0.00354394 0.00582114 0.0102181
9.9946E-05 9.9946E-05 0.000629729 9.9946E-05 0.00414311 0.00264162 0.00786431 9.9946E-05 9.9946E-05 9.9946E-05 0.00209849 0.982023
0.0878994 0.0558808 0.0561723 0.0348632 0.0354795 0.0505186 0.00210555 0.090512 0.0458894 0.179847 0.325334 0.0354985
9.9973E-05 0.00694277 0.00199175 0.00877021 0.0123893 0.00216613 0.00113813 0.00552668 9.9973E-05 0.00612279 9.9973E-05 0.954652
9.9928E-05 9.9928E-05 0.00429569 9.9928E-05 0.00387805 9.9928E-05 0.987691 9.9928E-05 9.9928E-05 9.9928E-05 9.9928E-05 0.00333563
0.110264 0.0428944 0.12751 0.039212 0.0496484 0.03956 0.0535073 0.375367 0.0781381 0.045859 0.0151377 0.0229021
0.116355 0.117932 0.0901679 0.0820931 0.086568 0.0574776 0.0683389 0.17642 0.0489748 0.0230392 0.0708617 0.0617723
0.152602 0.0552219 0.0779023 0.0560642 0.0346022 0.0733778 0.0399578 0.276527 0.0658579 0.0434582 0.0585196 0.0659096
0.0848958 0.017193 9.99977E-05 0.0306408 0.0288923 0.0407269 0.0252084 0.6727 0.0370454 0.0159697 0.0318265 0.0148014
0.0738304 0.0501118 0.0339242 0.0134679 0.0118305 0.0326156 0.0310737 0.644262 0.0269656 0.0330005 0.0140008 0.0349166
9.9901E-05 9.9901E-05 9.9901E-05 0.998901 9.9901E-05 9.9901E-05 9.9901E-05 9.9901E-05 9.9901E-05 9.9901E-05 9.9901E-05 9.9901E-05
9.99008E-05 0.998901 9.99008E-05 9.99008E-05 9.99008E-05 9.99008E-05 9.99008E-05 9.99008E-05 9.99008E-05 9.99008E-05 9.99008E-05 9.99008E-05
0.148152 0.0885119 0.0523976 0.108325 0.0447154 0.0632542 0.0380046 0.251908 0.0350518 0.00809157 0.0717837 0.0898042
0.0356923 0.0275108 0.857741 0.00613408 0.0176194 0.018554 0.0156486 0.000609266 0.0201907 9.9973E-05 9.9973E-05 9.9973E-05
0.998901 9.99009E-05 9.99009E-05 9.99009E-05 9.99009E-05 9.99009E-05 9.99009E-05 9.99009E-05 9.99009E-05 9.99009E-05 9.99009E-05 9.99009E-05
9.99009E-05 9.99009E-05 0.998901 9.99009E-05 9.99009E-05 9.99009E-05 9.99009E-05 9.99009E-05 9.99009E-05 9.99009E-05 9.99009E-05 9.99009E-05
0.975658 0.00745749 9.9946E-05 9.9946E-05 9.9946E-05 0.0113312 9.9946E-05 0.00193992 9.9946E-05 0.00240717 0.000606449 9.9946E-05
9.9919E-05 0.00275629 9.9919E-05 0.00421275 9.9919E-05 9.9919E-05 9.9919E-05 9.9919E-05 0.992132 9.9919E-05 9.9919E-05 9.9919E-05
0.0036135 0.0154648 9.9955E-05 0.00580332 0.95869 9.9955E-05 0.00630401 9.9955E-05 0.00774425 9.9955E-05 9.9955E-05 0.00188051
9.99009E-05 9.99009E-05 9.99009E-05 9.99009E-05 9.99009E-05 0.998901 9.99009E-05 9.99009E-05 9.99009E-05 9.99009E-05 9.99009E-05 9.99009E-05
0.103493 0.0151077 0.0163318 0.0235892 0.070276 0.480995 0.0243423 0.1214 0.0487709 0.0270786 0.0205987 0.0480175
0.129888 0.045278 0.0380591 0.0459816 0.0626081 0.0344708 0.0333383 0.151723 0.0591928 0.164055 0.195219 0.0401853
9.9901E-05 9.9901E-05 9.9901E-05 9.9901E-05 9.9901E-05 9.9901E-05 9.9901E-05 9.9901E-05 9.9901E-05 9.9901E-05 9.9901E-05 0.998901
9.9901E-05 9.9901E-05 9.9901E-05 9.9901E-05 9.9901E-05 9.9901E-05 9.9901E-05 9.9901E-05 9.9901E-05 0.998901 9.9901E-05 9.9901E-05
0.00546124 0.00873281 0.0257242 0.0142795 0.0199475 0.0154514 0.0148081 0.0219925 0.0176315 9.9982E-05 9.9982E-05 0.855771
9.9901E-05 9.9901E-05 9.9901E-05 9.9901E-05 9.9901E-05 9.9901E-05 0.998901 9.9901E-05 9.9901E-05 9.9901E-05 9.9901E-05 9.9901E-05
0.135749 0.058436 0.128696 0.0306236 0.0549957 0.049356 0.0510798 0.321442 0.0526773 0.0371996 0.0346015 0.0451433
0.153521 0.0990767 0.0965787 0.0754756 0.0888055 0.0479338 0.0687515 0.151109 0.0507894 0.046876 0.0473812 0.0737018
0.147673 0.0759956 0.0977164 0.0497807 0.0363726 0.048734 0.0417714 0.343691 0.0548568 0.0481727 0.0148983 0.0403379
0.043508 0.0405958 0.0317784 0.022438 9.9982E-05 0.0432362 0.0201827 0.737052 0.00285375 0.0398823 9.9982E-05 0.0182734
9.9964E-05 0.0016051 9.9964E-05 9.9964E-05 0.00667139 9.9964E-05 0.0214554 0.904676 0.0252004 0.0182315 0.00735795 0.0144025
9.9901E-05 9.9901E-05 9.9901E-05 0.998901 9.9901E-05 9.9901E-05 9.9901E-05 9.9901E-05 9.9901E-05 9.9901E-05 9.9901E-05 9.9901E-05
0.0187614 0.861278 0.0418312 0.00103486 0.0186821 0.0120272 9.9982E-05 9.9982E-05 0.0139508 0.0122499 0.00801597 0.0119688
0.147243 0.103128 0.043027 0.102836 0.0334098 0.0608734 0.0470915 0.273806 0.0338987 0.000904327 0.0658172 0.0879647
0.039401 0.0118158 0.790861 0.0079727 0.0365914 0.01717 0.0358132 0.00602001 0.023101 0.0117207 0.00067876 0.018854
0.998901 9.99009E-05 9.99009E-05 9.99009E-05 9.99009E-05 9.99009E-05 9.99009E-05 9.99009E-05 9.99009E-05 9.99009E-05 9.99009E-05 9.99009E-05
9.99009E-05 9.99009E-05 0.998901 9.99009E-05 9.99009E-05 9.99009E-05 9.99009E-05 9.99009E-05 9.99009E-05 9.99009E-05 9.99009E-05 9.99009E-05
9.991E-05 0.00236379 9.991E-05 9.991E-05 9.991E-05 9.991E-05 9.991E-05 9.991E-05 0.996637 9.991E-05 9.991E-05 9.991E-05
