9.99101E-05 9.99101E-05 9.99101E-05 9.99101E-05 9.99101E-05 9.99101E-05 9.99101E-05 9.99101E-05 9.99101E-05 0.999001 9.99101E-05
0.0124361 9.9955E-05 0.00406536 0.0168695 0.00120745 9.9955E-05 0.0117637 9.9955E-05 0.953158 9.9955E-05 9.9955E-05
0.0171186 9.9964E-05 0.0228804 0.0110895 0.00505249 9.9964E-05 0.00369915 0.00661091 0.933149 9.9964E-05 9.9964E-05
9.99101E-05 9.99101E-05 9.99101E-05 9.99101E-05 9.99101E-05 0.999001 9.99101E-05 9.99101E-05 9.99101E-05 9.99101E-05 9.99101E-05
9.99101E-05 9.99101E-05 9.99101E-05 9.99101E-05 9.99101E-05 0.999001 9.99101E-05 9.99101E-05 9.99101E-05 9.99101E-05 9.99101E-05
0.0508838 0.131444 0.0987709 0.0423896 0.0316945 0.0493306 0.0572138 0.0312819 0.0602932 0.0574451 0.389253
9.99101E-05 9.99101E-05 9.99101E-05 9.99101E-05 9.99101E-05 9.99101E-05 0.999001 9.99101E-05 9.99101E-05 9.99101E-05 9.99101E-05
9.99101E-05 9.99101E-05 9.99101E-05 9.99101E-05 9.99101E-05 9.99101E-05 9.99101E-05 9.99101E-05 9.99101E-05 9.99101E-05 0.999001
0.0229984 0.413431 0.12938 0.0166559 0.0754267 0.0354031 0.0586885 0.0970129 0.0344432 0.0519648 0.0645958
9.99383E-05 0.00209341 9.99383E-05 0.971455 9.99383E-05 0.00817587 9.99383E-05 9.99383E-05 0.0175765 9.99383E-05 9.99383E-05
0.0565402 0.253136 0.150216 0.0513825 0.0598942 0.078273 0.0535979 0.0947134 0.0588084 0.0787785 0.0646601
0.106142 0.160161 0.150792 0.0695802 0.0843948 0.0461557 0.0727702 0.0917819 0.0868092 0.0495732 0.0818403
9.99369E-05 0.988321 9.99369E-05 9.99369E-05 0.00188025 0.00210597 9.99369E-05 9.99369E-05 9.99369E-05 9.99369E-05 0.00699314
9.99101E-05 0.999001 9.99101E-05 9.99101E-05 9.99101E-05 9.99101E-05 9.99101E-05 9.99101E-05 9.99101E-05 9.99101E-05 9.99101E-05
0.0899522 0.148665 0.0779115 0.0378094 0.0527523 0.0159283 0.529976 0.00543283 0.0207427 0.0142355 0.00659466
9.99101E-05 9.99101E-05 9.99101E-05 9.99101E-05 0.999001 9.99101E-05 9.99101E-05 9.99101E-05 9.99101E-05 9.99101E-05 9.99101E-05
0.999001 9.99101E-05 9.99101E-05 9.99101E-05 9.99101E-05 9.99101E-05 9.99101E-05 9.99101E-05 9.99101E-05 9.99101E-05 9.99101E-05
0.0904931 0.234603 0.195575 0.0394173 0.0758134 0.0627134 0.0747627 0.0569216 0.0681708 0.0567066 0.0448235
0.034963 0.00403812 0.0331204 0.0219971 0.0140461 0.0202304 0.0101167 0.79228 0.0328762 0.0294461 0.00688604
0.0136353 0.0218911 0.715461 0.0274188 0.0126535 0.0340492 0.0365403 0.0556563 0.0347061 0.0251137 0.0228743
9.9937E-05 9.9937E-05 9.9937E-05 9.9937E-05 9.9937E-05 9.9937E-05 0.00931232 0.978634 0.00768123 9.9937E-05 0.00367289
0.012364 0.00910855 0.944829 9.9973E-05 9.9973E-05 0.0174338 9.9973E-05 0.00775839 0.00478162 0.00033599 0.00308822
9.9982E-05 0.0223971 0.02853 0.00188896 9.9982E-05 0.00604168 0.0125713 0.00457559 0.0048027 0.918201 0.00079154
9.99101E-05 9.99101E-05 9.99101E-05 9.99101E-05 9.99101E-05 9.99101E-05 9.99101E-05 9.99101E-05 0.999001 9.99101E-05 9.99101E-05
0.0185363 9.9973E-05 0.025584 0.00832935 0.00730806 0.00246589 0.013546 9.9973E-05 0.919998 0.00393293 9.9973E-05
9.99101E-05 9.99101E-05 9.99101E-05 9.99101E-05 9.99101E-05 0.999001 9.99101E-05 9.99101E-05 9.99101E-05 9.99101E-05 9.99101E-05
9.99101E-05 9.99101E-05 9.99101E-05 9.99101E-05 9.99101E-05 9.99101E-05 0.999001 9.99101E-05 9.99101E-05 9.99101E-05 9.99101E-05
9.99101E-05 9.99101E-05 9.99101E-05 9.99101E-05 9.99101E-05 9.99101E-05 9.99101E-05 9.99101E-05 9.99101E-05 9.99101E-05 0.999001
0.0154938 0.00359082 0.0126515 0.0127585 0.00227735 0.00127147 0.929988 0.00355947 0.00540146 0.0113971 0.00161012
9.99101E-05 9.99101E-05 9.99101E-05 9.99101E-05 9.99101E-05 9.99101E-05 9.99101E-05 9.99101E-05 9.99101E-05 9.99101E-05 0.999001
0.00231273 0.460671 0.140528 0.0119552 0.0582229 0.042015 0.045686 0.0982306 0.0233555 0.0502414 0.0667816
9.99101E-05 9.99101E-05 9.99101E-05 0.999001 9.99101E-05 9.99101E-05 9.99101E-05 9.99101E-05 9.99101E-05 9.99101E-05 9.99101E-05
0.050561 0.221593 0.122055 0.0556486 0.047762 0.0454031 0.0983863 0.093599 0.0794231 0.103155 0.0824134
9.99262E-05 0.997897 9.99262E-05 9.99262E-05 9.99262E-05 9.99262E-05 0.00120387 9.99262E-05 9.99262E-05 9.99262E-05 9.99262E-05
9.99101E-05 0.999001 9.99101E-05 9.99101E-05 9.99101E-05 9.99101E-05 9.99101E-05 9.99101E-05 9.99101E-05 9.99101E-05 9.99101E-05
0.120589 0.269657 0.175737 0.0542842 0.0902082 0.0469916 0.0403777 0.0642554 0.0461628 0.062945 0.0287919
9.99101E-05 9.99101E-05 9.99101E-05 9.99101E-05 0.999001 9.99101E-05 9.99101E-05 9.99101E-05 9.99101E-05 9.99101E-05 9.99101E-05
0.458412 0.0942404 0.11539 0.0280279 0.0538264 0.042089 0.0498477 0.0567561 0.0124491 0.0342848 0.0546766
9.9937E-05 9.9937E-05 0.970518 0.0117682 9.9937E-05 9.9937E-05 9.9937E-05 0.0123993 9.9937E-05 9.9937E-05 0.00461504
9.99101E-05 9.99101E-05 9.99101E-05 9.99101E-05 9.99101E-05 9.99101E-05 9.99101E-05 0.999001 9.99101E-05 9.99101E-05 9.99101E-05
0.0414284 0.0445498 0.686331 0.0135992 0.0307741 0.0250755 0.0165626 0.0372106 0.0262805 0.0394571 0.0387309
9.99101E-05 9.99101E-05 9.99101E-05 9.99101E-05 9.99101E-05 9.99101E-05 9.99101E-05 9.99101E-05 9.99101E-05 0.999001 9.99101E-05
0.00324524 0.0191073 0.0105909 9.9955E-05 0.00352095 0.00959818 9.9955E-05 9.9955E-05 9.9955E-05 0.953438 9.9955E-05
9.99101E-05 9.99101E-05 9.99101E-05 9.99101E-05 9.99101E-05 9.99101E-05 9.99101E-05 9.99101E-05 0.999001 9.99101E-05 9.99101E-05
0.0118362 0.0209372 0.0348677 0.00666194 0.0168957 0.00497317 0.00893574 0.00185602 0.876092 0.00543585 0.0115088
9.99101E-05 9.99101E-05 9.99101E-05 9.99101E-05 9.99101E-05 0.999001 9.99101E-05 9.99101E-05 9.99101E-05 9.99101E-05 9.99101E-05
9.99101E-05 9.99101E-05 9.99101E-05 9.99101E-05 9.99101E-05 9.99101E-05 0.999001 9.99101E-05 9.99101E-05 9.99101E-05 9.99101E-05
0.120427 0.146095 0.028008 0.0306636 0.016389 0.0141539 0.0142457 0.0107691 0.0172943 0.0319815 0.569973
9.99101E-05 9.99101E-05 9.99101E-05 9.99101E-05 9.99101E-05 9.99101E-05 0.999001 9.99101E-05 9.99101E-05 9.99101E-05 9.99101E-05
0.105811 0.152312 0.0324036 0.0260005 0.00908871 0.0138064 0.017705 9.9991E-05 0.0234659 0.0374123 0.581895
0.0151944 0.4113 0.124784 0.0237457 0.0610722 0.0491487 0.0640845 0.0978784 0.0295899 0.0559143 0.0672876
9.9955E-05 9.9955E-05 0.00150069 0.983426 0.000159758 9.9955E-05 0.00680404 9.9955E-05 9.9955E-05 0.00194764 0.00566184
0.0665172 0.301617 0.1742 0.045454 0.0351106 0.0589323 0.054241 0.104964 0.040563 0.0626655 0.0557352
9.99549E-05 0.969173 9.99549E-05 9.99549E-05 9.99549E-05 0.00172205 0.0106452 9.99549E-05 0.0115558 0.00372694 0.00267744
9.99189E-05 0.997494 9.99189E-05 9.99189E-05 9.99189E-05 9.99189E-05 9.99189E-05 9.99189E-05 9.99189E-05 0.00160655 9.99189E-05
0.0908343 0.235593 0.15561 0.0683248 0.0740109 0.0571366 0.0811522 0.060221 0.0593181 0.0623891 0.0554109
9.99101E-05 9.99101E-05 9.99101E-05 9.99101E-05 0.999001 9.99101E-05 9.99101E-05 9.99101E-05 9.99101E-05 9.99101E-05 9.99101E-05
0.0347715 0.170274 0.0944715 0.0422308 0.024203 0.0314674 0.0498395 0.381722 0.0690746 0.049562 0.0523833
0.000158435 0.00835137 0.837459 0.0229947 0.00401016 0.0103674 0.0249573 0.0251118 0.0333796 0.012855 0.0203555
9.99101E-05 9.99101E-05 9.99101E-05 9.99101E-05 9.99101E-05 9.99101E-05 9.99101E-05 0.999001 9.99101E-05 9.99101E-05 9.99101E-05
9.99101E-05 9.99101E-05 0.999001 9.99101E-05 9.99101E-05 9.99101E-05 9.99101E-05 9.99101E-05 9.99101E-05 9.99101E-05 9.99101E-05
0.00198847 9.9955E-05 9.9955E-05 9.9955E-05 0.0031927 9.9955E-05 9.9955E-05 0.00734469 0.00498654 0.980123 0.00186516
9.9955E-05 0.0173133 0.0162983 9.9955E-05 9.9955E-05 0.0124879 0.000337526 9.9955E-05 0.00142811 0.951635 9.9955E-05
9.99101E-05 9.99101E-05 9.99101E-05 9.99101E-05 9.99101E-05 9.99101E-05 9.99101E-05 9.99101E-05 0.999001 9.99101E-05 9.99101E-05
0.0191196 0.0700507 0.0877908 0.0316668 0.0333508 0.0355018 0.0287803 0.0437918 0.570809 0.0308794 0.0482586
0.010993 9.9955E-05 0.0137472 0.0072059 0.00177467 0.96063 9.9955E-05 9.9955E-05 0.00514952 9.9955E-05 9.9955E-05
9.9955E-05 9.9955E-05 9.9955E-05 0.0108479 0.00155015 9.9955E-05 0.97226 0.00309383 9.9955E-05 0.00195576 0.0097921
9.9946E-05 9.9946E-05 9.9946E-05 0.00014096 9.9946E-05 9.9946E-05 9.9946E-05 0.00531885 0.00547475 0.000208215 0.988258
0.00346553 0.0187455 0.0208131 0.0147926 0.0132996 0.0187377 0.833843 0.0170694 0.01858 0.0133263 0.027327
0.123391 0.150715 0.0268866 0.016093 0.00367081 0.00681886 0.0111719 0.00732737 0.0137288 0.0288222 0.611374
0.0195859 0.382698 0.106798 0.0433658 0.0448805 0.0637321 0.0558724 0.108812 0.0403906 0.06528 0.0685843
9.99101E-05 9.99101E-05 9.99101E-05 0.999001 9.99101E-05 9.99101E-05 9.99101E-05 9.99101E-05 9.99101E-05 9.99101E-05 9.99101E-05
0.0505233 0.347793 0.124544 0.061606 0.0346187 0.0497663 0.0537138 0.111503 0.0502567 0.0649342 0.0507404
0.0230279 0.644226 0.0911154 0.0177375 0.0249402 0.0236627 0.0362764 0.0447148 0.0280632 0.042174 0.0240622
9.99101E-05 0.999001 9.99101E-05 9.99101E-05 9.99101E-05 9.99101E-05 9.99101E-05 9.99101E-05 9.99101E-05 9.99101E-05 9.99101E-05
0.999001 9.99101E-05 9.99101E-05 9.99101E-05 9.99101E-05 9.99101E-05 9.99101E-05 9.99101E-05 9.99101E-05 9.99101E-05 9.99101E-05
0.0887159 0.222017 0.187316 0.0605122 0.0807184 0.0732426 0.071733 0.0499041 0.0469588 0.0741307 0.0447514
0.0403292 0.157044 0.0896304 0.0380878 0.0417813 0.0469793 0.0490698 0.353842 0.0707278 0.060005 0.0525034
0.00698404 9.9973E-05 0.913996 0.0124088 9.9973E-05 0.00347116 0.0120033 0.0146982 9.9973E-05 0.00504515 0.0310929
9.99101E-05 9.99101E-05 9.99101E-05 9.99101E-05 9.99101E-05 9.99101E-05 9.99101E-05 0.999001 9.99101E-05 9.99101E-05 9.99101E-05
0.0336857 0.0517643 0.761484 0.00512104 0.0275414 0.0173113 0.00891702 0.0223706 0.0253791 0.0205698 0.0258557
9.99101E-05 9.99101E-05 9.99101E-05 9.99101E-05 9.99101E-05 9.99101E-05 9.99101E-05 9.99101E-05 9.99101E-05 0.999001 9.99101E-05
9.99101E-05 9.99101E-05 9.99101E-05 9.99101E-05 9.99101E-05 9.99101E-05 9.99101E-05 9.99101E-05 9.99101E-05 0.999001 9.99101E-05
9.99101E-05 9.99101E-05 9.99101E-05 9.99101E-05 9.99101E-05 9.99101E-05 9.99101E-05 9.99101E-05 0.999001 9.99101E-05 9.99101E-05
0.0250901 0.0700588 0.0951319 0.0409872 0.0329262 0.0215403 0.0389663 0.029817 0.570008 0.0335563 0.0419176
0.0143332 0.0395764 0.0350078 0.00755287 9.9991E-05 0.829404 0.00965019 0.0214049 0.0140536 0.00516564 0.0237518
9.99101E-05 9.99101E-05 9.99101E-05 9.99101E-05 9.99101E-05 9.99101E-05 0.999001 9.99101E-05 9.99101E-05 9.99101E-05 9.99101E-05
9.99101E-05 9.99101E-05 9.99101E-05 9.99101E-05 9.99101E-05 9.99101E-05 9.99101E-05 9.99101E-05 9.99101E-05 9.99101E-05 0.999001
0.0081256 0.029133 0.0371661 0.0157509 0.0209626 0.0132668 0.743257 0.0224578 0.0378694 0.0506515 0.0213597
0.135533 0.149401 0.0353274 0.0172401 0.0102003 0.00346889 0.011615 9.9991E-05 0.0117268 0.027868 0.597519
0.0169237 0.421655 0.124813 0.0279557 0.0529536 0.0400936 0.0436317 0.113386 0.0278943 0.0597707 0.0709223
9.99101E-05 9.99101E-05 9.99101E-05 0.999001 9.99101E-05 9.99101E-05 9.99101E-05 9.99101E-05 9.99101E-05 9.99101E-05 9.99101E-05
0.134581 0.180451 0.141447 0.0584779 0.0899259 0.0586495 0.0695504 0.0794505 0.07448 0.050241 0.0627463
0.0418077 0.401355 0.140951 0.0605072 0.0346987 0.0527682 0.0343731 0.0969157 0.0314074 0.0578207 0.0473952
0.0332448 0.651795 0.0960115 0.0257186 0.0260719 0.0410002 0.0122959 0.0188645 0.0469263 0.0348925 0.0131791
0.0315086 0.791489 0.0376182 0.0334985 0.00123976 0.0180282 0.0182597 0.0104333 0.00987497 0.0327819 0.0152684
0.547272 0.107835 0.0434204 0.0252389 0.0382791 0.0366015 0.0363256 0.0324411 0.0584565 0.0298894 0.0442404
0.0972484 0.217463 0.170721 0.0626893 0.0739625 0.0759435 0.0664056 0.0595877 0.0519624 0.0721924 0.0518237
0.0180199 0.0131906 0.0329247 0.0205624 0.00959317 0.0165338 0.00198926 0.824372 0.027748 0.0238491 0.0112173
9.9955E-05 9.9955E-05 0.955592 0.0192793 9.9955E-05 9.9955E-05 0.0155835 0.00417527 0.000295711 9.9955E-05 0.00457443
9.999E-05 0.0152139 0.0138648 0.00771001 0.00506813 0.00889833 0.000554411 0.923483 0.00733069 0.00897323 0.00880316
9.99101E-05 9.99101E-05 0.999001 9.99101E-05 9.99101E-05 9.99101E-05 9.99101E-05 9.99101E-05 9.99101E-05 9.99101E-05 9.99101E-05
0.00394265 9.9964E-05 9.9964E-05 0.00643897 0.00759243 9.9964E-05 9.9964E-05 0.0101992 0.0107298 0.954795 0.00590249
9.99101E-05 9.99101E-05 9.99101E-05 9.99101E-05 9.99101E-05 9.99101E-05 9.99101E-05 9.99101E-05 9.99101E-05 0.999001 9.99101E-05
9.99101E-05 9.99101E-05 9.99101E-05 9.99101E-05 9.99101E-05 9.99101E-05 9.99101E-05 9.99101E-05 0.999001 9.99101E-05 9.99101E-05
0.0246553 9.9982E-05 0.0256405 0.00964483 0.00321403 9.9982E-05 0.0138322 0.00387139 0.910467 0.00736074 0.00111435
9.9919E-05 9.9919E-05 9.9919E-05 9.9919E-05 9.9919E-05 0.998656 9.9919E-05 9.9919E-05 9.9919E-05 0.000445011 9.9919E-05
9.99101E-05 9.99101E-05 9.99101E-05 9.99101E-05 9.99101E-05 9.99101E-05 0.999001 9.99101E-05 9.99101E-05 9.99101E-05 9.99101E-05
9.99101E-05 9.99101E-05 9.99101E-05 9.99101E-05 9.99101E-05 9.99101E-05 9.99101E-05 9.99101E-05 9.99101E-05 9.99101E-05 0.999001
9.99101E-05 9.99101E-05 9.99101E-05 9.99101E-05 9.99101E-05 9.99101E-05 0.999001 9.99101E-05 9.99101E-05 9.99101E-05 9.99101E-05
0.111434 0.157954 0.0285234 0.032538 0.0082908 0.00307126 0.0127266 9.9991E-05 0.00951108 0.0234966 0.612354
0.0887363 0.293701 0.161927 0.0549721 0.0810923 0.0495727 0.0887884 0.0442727 0.0375803 0.0663017 0.0330552
9.9955E-05 9.9955E-05 9.9955E-05 0.979743 9.9955E-05 0.00515231 0.0101443 9.9955E-05 0.000452398 0.00289042 0.00111741
0.140408 0.166397 0.1453 0.0750436 0.076361 0.0645015 0.0614172 0.0861677 0.0852326 0.0351419 0.0640297
0.0592994 0.319094 0.161662 0.0343765 0.0368341 0.0528963 0.0590965 0.103981 0.0541579 0.0455085 0.0730933
0.0495918 0.659637 0.0993266 0.0265935 0.0327743 0.0402755 0.00979513 0.00739116 0.0310489 0.0314281 0.0121377
0.0492532 0.767089 0.0649411 0.00989214 0.0049858 0.0170914 0.0173554 0.0346216 0.018969 0.00958628 0.00621508
0.999001 9.99101E-05 9.99101E-05 9.99101E-05 9.99101E-05 9.99101E-05 9.99101E-05 9.99101E-05 9.99101E-05 9.99101E-05 9.99101E-05
0.0821682 0.227612 0.150574 0.0700728 0.0752235 0.0666558 0.0817273 0.0606979 0.0748951 0.0603381 0.0500354
0.0267854 0.0183934 0.0248918 0.0180357 0.00847108 0.0268072 0.00394655 0.816066 0.0299929 0.0195641 0.00704549
9.99101E-05 9.99101E-05 0.999001 9.99101E-05 9.99101E-05 9.99101E-05 9.99101E-05 9.99101E-05 9.99101E-05 9.99101E-05 9.99101E-05
9.99101E-05 9.99101E-05 9.99101E-05 9.99101E-05 9.99101E-05 9.99101E-05 9.99101E-05 0.999001 9.99101E-05 9.99101E-05 9.99101E-05
9.9928E-05 0.00399786 0.992144 9.9928E-05 9.9928E-05 0.00305854 9.9928E-05 9.9928E-05 9.9928E-05 9.9928E-05 9.9928E-05
0.0079459 9.9955E-05 9.9955E-05 0.00717092 0.00139276 9.9955E-05 9.9955E-05 0.0167741 9.9955E-05 0.958148 0.00806821
9.9928E-05 9.9928E-05 0.0057045 9.9928E-05 9.9928E-05 0.00209014 9.9928E-05 9.9928E-05 9.9928E-05 0.991406 9.9928E-05
9.99101E-05 9.99101E-05 9.99101E-05 9.99101E-05 9.99101E-05 9.99101E-05 9.99101E-05 9.99101E-05 0.999001 9.99101E-05 9.99101E-05
9.99101E-05 9.99101E-05 9.99101E-05 9.99101E-05 9.99101E-05 9.99101E-05 9.99101E-05 9.99101E-05 0.999001 9.99101E-05 9.99101E-05
0.00269476 0.00109652 9.9964E-05 9.9964E-05 0.000914492 0.975834 9.9964E-05 0.0126797 0.00348822 0.00289275 9.9964E-05
9.9964E-05 9.9964E-05 0.00210337 9.9964E-05 0.00617182 0.00269703 0.972724 0.00435404 0.00458089 9.9964E-05 0.00696887
0.0722422 0.128824 0.0947233 0.0152165 0.035883 0.0584776 0.0494749 0.0541598 0.047247 0.0551014 0.388651
9.9973E-05 0.0122714 0.00317764 0.00391955 0.0106691 9.9973E-05 0.960012 9.9973E-05 0.00818588 0.000866338 0.000598129
0.00643638 0.00169371 9.9937E-05 0.98897 9.9937E-05 9.9937E-05 0.00220037 9.9937E-05 9.9937E-05 9.9937E-05 9.9937E-05
0.0506805 0.363174 0.129438 0.0421524 0.0435703 0.034502 0.026582 0.130344 0.0426933 0.0668448 0.0700187
0.133212 0.180439 0.129529 0.0729378 0.0891457 0.0595914 0.0673451 0.0889374 0.0884683 0.0464608 0.0439342
0.0736504 0.298493 0.140025 0.0398104 0.0533849 0.0695432 0.0645094 0.083588 0.0303799 0.0688034 0.077812
0.0187335 0.670618 0.0884873 0.0291364 0.0310448 0.0480203 0.0195479 0.0128119 0.0332137 0.0299569 0.0184294
0.046528 0.649077 0.0605512 0.0261802 0.0129153 0.0342071 0.0413697 0.0389763 0.0114216 0.0350272 0.0437463
9.99101E-05 9.99101E-05 9.99101E-05 9.99101E-05 0.999001 9.99101E-05 9.99101E-05 9.99101E-05 9.99101E-05 9.99101E-05 9.99101E-05
0.999001 9.99101E-05 9.99101E-05 9.99101E-05 9.99101E-05 9.99101E-05 9.99101E-05 9.99101E-05 9.99101E-05 9.99101E-05 9.99101E-05
0.110124 0.264889 0.164362 0.0442422 0.0978698 0.0675538 0.0888845 0.050469 0.0416562 0.035265 0.034684
0.0149161 0.00906157 0.0342671 0.011315 0.00512463 0.0258209 0.00317714 0.844788 0.034168 0.0172617 9.9991E-05
9.99101E-05 9.99101E-05 0.999001 9.99101E-05 9.99101E-05 9.99101E-05 9.99101E-05 9.99101E-05 9.99101E-05 9.99101E-05 9.99101E-05
9.99101E-05 9.99101E-05 9.99101E-05 9.99101E-05 9.99101E-05 9.99101E-05 9.99101E-05 0.999001 9.99101E-05 9.99101E-05 9.99101E-05
9.9937E-05 0.0098612 0.973986 9.9937E-05 9.9937E-05 0.00870167 0.00675182 9.9937E-05 9.9937E-05 9.9937E-05 9.9937E-05
0.00157137 9.9937E-05 9.9937E-05 0.000665641 0.00564558 9.9937E-05 9.9937E-05 9.9937E-05 9.9937E-05 0.991418 9.9937E-05
0.013849 9.9964E-05 0.0074173 0.0105757 0.00536406 9.9964E-05 0.0064186 9.9964E-05 0.953902 0.00207309 9.9964E-05
9.99101E-05 9.99101E-05 9.99101E-05 9.99101E-05 9.99101E-05 0.999001 9.99101E-05 9.99101E-05 9.99101E-05 9.99101E-05 9.99101E-05
0.0358173 0.108336 0.100233 0.0335952 0.0305432 0.492395 0.036426 0.0166091 0.0693454 0.0475325 0.0291668
0.0571673 0.173782 0.119664 0.0413601 0.0480921 0.038092 0.0388047 0.0479256 0.0593618 0.0733088 0.302442
9.99101E-05 9.99101E-05 9.99101E-05 9.99101E-05 9.99101E-05 9.99101E-05 0.999001 9.99101E-05 9.99101E-05 9.99101E-05 9.99101E-05
9.99101E-05 9.99101E-05 9.99101E-05 9.99101E-05 9.99101E-05 9.99101E-05 9.99101E-05 9.99101E-05 9.99101E-05 9.99101E-05 0.999001
0.0121788 0.0344513 9.9991E-05 0.0136563 0.00444367 0.00767915 0.868914 0.0117497 0.0135677 0.0163854 0.0168737
9.99101E-05 9.99101E-05 9.99101E-05 0.999001 9.99101E-05 9.99101E-05 9.99101E-05 9.99101E-05 9.99101E-05 9.99101E-05 9.99101E-05
0.0675794 0.327984 0.138935 0.0423692 0.0294787 0.0481656 0.0496168 0.128325 0.0591606 0.0490795 0.0593065
0.106208 0.161982 0.147825 0.0680098 0.0849259 0.0452276 0.0689887 0.0934908 0.0806767 0.0551142 0.0875513
0.0667494 0.315833 0.146828 0.0398635 0.0587791 0.0583308 0.0524542 0.0875842 0.0561277 0.0583185 0.0591318
0.0401104 0.716201 0.0521552 0.016648 0.0138579 0.0467606 0.0149078 0.0269467 0.00847006 0.00892259 0.0550196
9.9964E-05 0.907113 9.9964E-05 0.0239962 9.9964E-05 0.00285696 0.0155879 9.9964E-05 0.00567556 0.0199765 0.0243943
9.99101E-05 9.99101E-05 9.99101E-05 9.99101E-05 0.999001 9.99101E-05 9.99101E-05 9.99101E-05 9.99101E-05 9.99101E-05 9.99101E-05
0.862897 0.0144465 0.0171787 0.00208619 0.00686639 0.00949754 0.0112758 0.0272979 0.0225548 0.0192886 0.0066101
0.102652 0.270319 0.152953 0.0514425 0.104719 0.063537 0.085062 0.0536874 0.0427748 0.0353553 0.0374975
0.015333 0.0249249 0.0371982 0.022651 0.0148793 0.025482 0.0160568 0.788259 0.0236261 0.0229165 0.00867326
9.99101E-05 9.99101E-05 0.999001 9.99101E-05 9.99101E-05 9.99101E-05 9.99101E-05 9.99101E-05 9.99101E-05 9.99101E-05 9.99101E-05
9.99101E-05 9.99101E-05 9.99101E-05 9.99101E-05 9.99101E-05 9.99101E-05 9.99101E-05 0.999001 9.99101E-05 9.99101E-05 9.99101E-05
9.99101E-05 9.99101E-05 9.99101E-05 9.99101E-05 9.99101E-05 9.99101E-05 9.99101E-05 9.99101E-05 9.99101E-05 0.999001 9.99101E-05
