9.99101E-05 9.99101E-05 9.99101E-05 9.99101E-05 9.99101E-05 9.99101E-05 9.99101E-05 9.99101E-05 9.99101E-05 9.99101E-05 0.999001
9.9964E-05 0.940258 9.9964E-05 0.0178284 9.9964E-05 0.00985622 0.00402743 0.00380889 0.00670336 0.0171174 9.9964E-05
9.9946E-05 0.948568 9.9946E-05 0.00674111 9.9946E-05 0.0094758 9.9946E-05 9.9946E-05 0.013171 0.0214442 9.9946E-05
9.99101E-05 9.99101E-05 9.99101E-05 9.99101E-05 9.99101E-05 9.99101E-05 9.99101E-05 0.999001 9.99101E-05 9.99101E-05 9.99101E-05
9.99101E-05 9.99101E-05 9.99101E-05 9.99101E-05 9.99101E-05 9.99101E-05 9.99101E-05 0.999001 9.99101E-05 9.99101E-05 9.99101E-05
0.391538 0.0616677 0.115023 0.0387077 0.0300572 0.0283823 0.0558058 0.0398681 0.0516831 0.118612 0.0686554
9.99101E-05 9.99101E-05 9.99101E-05 9.99101E-05 9.99101E-05 9.99101E-05 0.999001 9.99101E-05 9.99101E-05 9.99101E-05 9.99101E-05
0.999001 9.99101E-05 9.99101E-05 9.99101E-05 9.99101E-05 9.99101E-05 9.99101E-05 9.99101E-05 9.99101E-05 9.99101E-05 9.99101E-05
0.0610507 0.0276415 0.424894 0.0268036 0.0975406 0.0299454 0.0559633 0.0454519 0.039092 0.13834 0.0532775
9.9928E-05 0.0164005 9.9928E-05 0.979517 9.9928E-05 9.9928E-05 9.9928E-05 0.00328258 9.9928E-05 9.9928E-05 9.9928E-05
0.0748667 0.0597612 0.272225 0.0548137 0.0965286 0.0503771 0.053474 0.0759527 0.0637995 0.124523 0.0736787
0.0701506 0.0937636 0.171028 0.055389 0.0937845 0.0705656 0.0803119 0.0534599 0.0970628 0.163607 0.0508775
0.00896231 9.99369E-05 0.980127 9.99369E-05 9.99369E-05 9.99369E-05 0.00283634 9.99369E-05 9.99369E-05 9.99369E-05 0.00737468
9.99101E-05 9.99101E-05 0.999001 9.99101E-05 9.99101E-05 9.99101E-05 9.99101E-05 9.99101E-05 9.99101E-05 9.99101E-05 9.99101E-05
9.999E-05 0.0291058 0.158657 0.0461184 0.00349058 0.0546412 0.540173 0.00826207 0.0621158 0.0820365 0.0152991
9.99101E-05 9.99101E-05 9.99101E-05 9.99101E-05 9.99101E-05 0.999001 9.99101E-05 9.99101E-05 9.99101E-05 9.99101E-05 9.99101E-05
9.99101E-05 9.99101E-05 9.99101E-05 9.99101E-05 9.99101E-05 9.99101E-05 9.99101E-05 9.99101E-05 0.999001 9.99101E-05 9.99101E-05
0.0518688 0.0786173 0.22586 0.0341205 0.0551318 0.0704837 0.0852569 0.0674956 0.0757882 0.181982 0.073396
0.0116569 0.0434775 9.9982E-05 0.0222541 0.795663 0.0100529 9.9982E-05 0.0228812 0.0330908 0.0333842 0.0273397
0.0196574 0.0385938 0.0307163 0.0144625 0.037899 0.0155173 0.0214336 0.0271884 0.0320652 0.725939 0.036528
9.9946E-05 0.0100547 9.9946E-05 9.9946E-05 0.980174 9.9946E-05 0.00032314 0.00570531 0.0031437 9.9946E-05 9.9946E-05
0.00123853 0.00481214 0.0204656 0.00847974 0.00597086 0.000944876 9.9982E-05 0.00627613 0.00781588 0.943796 9.9982E-05
0.00208812 0.00452141 0.0251948 9.9964E-05 9.9964E-05 9.9964E-05 0.0185162 0.00889581 9.9964E-05 0.0328377 0.907546
9.99101E-05 0.999001 9.99101E-05 9.99101E-05 9.99101E-05 9.99101E-05 9.99101E-05 9.99101E-05 9.99101E-05 9.99101E-05 9.99101E-05
9.9964E-05 0.913413 9.9964E-05 0.0155581 9.9964E-05 0.00797651 0.0156196 9.9964E-05 0.0095291 0.0249367 0.0125675
9.99101E-05 9.99101E-05 9.99101E-05 9.99101E-05 9.99101E-05 9.99101E-05 9.99101E-05 0.999001 9.99101E-05 9.99101E-05 9.99101E-05
9.99101E-05 9.99101E-05 9.99101E-05 9.99101E-05 9.99101E-05 9.99101E-05 0.999001 9.99101E-05 9.99101E-05 9.99101E-05 9.99101E-05
0.999001 9.99101E-05 9.99101E-05 9.99101E-05 9.99101E-05 9.99101E-05 9.99101E-05 9.99101E-05 9.99101E-05 9.99101E-05 9.99101E-05
0.0131793 0.0118128 9.9982E-05 0.0130422 0.014968 0.00110367 0.919554 0.00354841 0.00850124 9.9982E-05 0.01409
0.999001 9.99101E-05 9.99101E-05 9.99101E-05 9.99101E-05 9.99101E-05 9.99101E-05 9.99101E-05 9.99101E-05 9.99101E-05 9.99101E-05
0.06363 0.0187032 0.481809 0.00136732 0.109822 0.0379295 0.0363113 0.0481874 0.0249114 0.145719 0.0316099
9.99101E-05 9.99101E-05 9.99101E-05 0.999001 9.99101E-05 9.99101E-05 9.99101E-05 9.99101E-05 9.99101E-05 9.99101E-05 9.99101E-05
0.0708214 0.106137 0.21471 0.056424 0.0809296 0.0447168 0.0904639 0.0764722 0.0578287 0.111459 0.0900372
9.99189E-05 9.99189E-05 0.997415 9.99189E-05 9.99189E-05 9.99189E-05 0.00168527 9.99189E-05 9.99189E-05 9.99189E-05 9.99189E-05
9.99101E-05 9.99101E-05 0.999001 9.99101E-05 9.99101E-05 9.99101E-05 9.99101E-05 9.99101E-05 9.99101E-05 9.99101E-05 9.99101E-05
0.0344528 0.0482761 0.264112 0.0519906 0.0575978 0.102376 0.0547038 0.0356719 0.11865 0.16801 0.0641586
9.99101E-05 9.99101E-05 9.99101E-05 9.99101E-05 9.99101E-05 0.999001 9.99101E-05 9.99101E-05 9.99101E-05 9.99101E-05 9.99101E-05
0.0562755 0.0134063 0.103963 0.0329715 0.0496584 0.0656704 0.0425457 0.0395411 0.443837 0.118993 0.0331387
0.00488962 0.00886398 9.9955E-05 0.0109794 0.00358006 9.9955E-05 9.9955E-05 9.9955E-05 0.00351122 0.967676 9.9955E-05
9.99101E-05 9.99101E-05 9.99101E-05 9.99101E-05 0.999001 9.99101E-05 9.99101E-05 9.99101E-05 9.99101E-05 9.99101E-05 9.99101E-05
0.0410649 0.0258063 0.0501532 0.0114032 0.0374409 0.0159704 0.01065 0.0298504 0.0340596 0.705019 0.0385823
9.99101E-05 9.99101E-05 9.99101E-05 9.99101E-05 9.99101E-05 9.99101E-05 9.99101E-05 9.99101E-05 9.99101E-05 9.99101E-05 0.999001
9.9937E-05 9.9937E-05 0.0258193 9.9937E-05 9.9937E-05 9.9937E-05 0.00750889 9.9937E-05 9.9937E-05 0.0205243 0.945448
9.99101E-05 0.999001 9.99101E-05 9.99101E-05 9.99101E-05 9.99101E-05 9.99101E-05 9.99101E-05 9.99101E-05 9.99101E-05 9.99101E-05
0.0138955 0.87451 0.0220569 0.0164543 0.00405543 0.0156595 0.0194128 0.00314302 0.00379556 0.0250618 0.0019557
9.99101E-05 9.99101E-05 9.99101E-05 9.99101E-05 9.99101E-05 9.99101E-05 9.99101E-05 0.999001 9.99101E-05 9.99101E-05 9.99101E-05
9.99101E-05 9.99101E-05 9.99101E-05 9.99101E-05 9.99101E-05 9.99101E-05 0.999001 9.99101E-05 9.99101E-05 9.99101E-05 9.99101E-05
0.54989 0.0282013 0.165354 0.0370394 0.0048028 0.0152587 0.0102837 0.0254974 0.101551 0.0317593 0.0303617
9.99101E-05 9.99101E-05 9.99101E-05 9.99101E-05 9.99101E-05 9.99101E-05 0.999001 9.99101E-05 9.99101E-05 9.99101E-05 9.99101E-05
0.565585 0.0359566 0.150205 0.037256 9.9991E-05 0.0159259 0.0204703 0.0114963 0.100456 0.0278052 0.0347437
0.059909 0.021384 0.434921 0.0146094 0.114914 0.0408422 0.0489387 0.0386741 0.0152239 0.158785 0.0517981
0.011884 9.9955E-05 9.9955E-05 0.982641 9.9955E-05 9.9955E-05 0.00328226 0.00102414 9.9955E-05 0.000496069 0.000172389
0.0750086 0.0362844 0.309586 0.0464822 0.109098 0.0246071 0.0567392 0.0484011 0.0650868 0.17111 0.0575961
0.0131253 9.99369E-05 0.976834 9.99369E-05 9.99369E-05 9.99369E-05 9.99369E-05 0.0039529 9.99369E-05 9.99369E-05 0.00538796
9.99101E-05 9.99101E-05 0.999001 9.99101E-05 9.99101E-05 9.99101E-05 9.99101E-05 9.99101E-05 9.99101E-05 9.99101E-05 9.99101E-05
0.0468465 0.0640194 0.241002 0.081039 0.05438 0.0771362 0.0653173 0.069393 0.0850327 0.157031 0.0588029
9.99101E-05 9.99101E-05 9.99101E-05 9.99101E-05 9.99101E-05 0.999001 9.99101E-05 9.99101E-05 9.99101E-05 9.99101E-05 9.99101E-05
0.0459567 0.06503 0.158418 0.0438838 0.398809 0.016231 0.0409348 0.0484565 0.0438238 0.0869686 0.0514874
0.0296103 0.0396699 0.00571539 0.00781743 0.00804622 0.010869 0.0194128 0.0152812 0.00351903 0.850381 0.00967733
9.99101E-05 9.99101E-05 9.99101E-05 9.99101E-05 0.999001 9.99101E-05 9.99101E-05 9.99101E-05 9.99101E-05 9.99101E-05 9.99101E-05
9.99101E-05 9.99101E-05 9.99101E-05 9.99101E-05 9.99101E-05 9.99101E-05 9.99101E-05 9.99101E-05 9.99101E-05 0.999001 9.99101E-05
9.9937E-05 0.00506197 9.9937E-05 9.9937E-05 0.00318991 9.9937E-05 9.9937E-05 9.9937E-05 0.00592691 9.9937E-05 0.985122
9.9955E-05 9.9955E-05 0.0272864 0.00231473 9.9955E-05 9.9955E-05 0.00044802 0.0022117 9.9955E-05 0.0254597 0.94178
9.99101E-05 0.999001 9.99101E-05 9.99101E-05 9.99101E-05 9.99101E-05 9.99101E-05 9.99101E-05 9.99101E-05 9.99101E-05 9.99101E-05
0.0607679 0.563073 0.0832558 0.0291707 0.0352044 0.0358451 0.0351302 0.0295651 0.0234333 0.0721079 0.0324463
0.00243202 0.00197752 0.0121043 0.00425876 9.9973E-05 0.00580623 0.00505892 0.959082 0.00898003 9.9973E-05 9.9973E-05
9.9964E-05 0.00507483 9.9964E-05 0.00789846 0.0032004 0.000905703 0.974148 9.9964E-05 0.00104299 9.9964E-05 0.00732992
0.975613 0.00544897 9.99459E-05 0.00308606 0.0101665 9.99459E-05 9.99459E-05 0.00508587 9.99459E-05 9.99459E-05 9.99459E-05
0.0274003 0.0333541 0.0306179 0.0130836 0.0167355 9.9991E-05 0.833296 0.0145774 0.00505079 0.0157771 0.0100076
0.602595 0.0140545 0.138949 0.0305849 0.00599884 0.00670609 0.0190167 0.0175263 0.109923 0.0175445 0.0371012
0.0643345 0.033316 0.397577 0.0339232 0.0992291 0.0452167 0.0516893 0.0506661 0.0346682 0.128261 0.0611192
9.99101E-05 9.99101E-05 9.99101E-05 0.999001 9.99101E-05 9.99101E-05 9.99101E-05 9.99101E-05 9.99101E-05 9.99101E-05 9.99101E-05
0.054728 0.0435114 0.348015 0.0589593 0.112445 0.0376752 0.0535003 0.0559035 0.0414435 0.125813 0.0680066
0.0295914 0.030945 0.654106 0.0135508 0.0379022 0.0300989 0.0287133 0.0214964 0.034199 0.0860562 0.0333407
9.99101E-05 9.99101E-05 0.999001 9.99101E-05 9.99101E-05 9.99101E-05 9.99101E-05 9.99101E-05 9.99101E-05 9.99101E-05 9.99101E-05
9.99101E-05 9.99101E-05 9.99101E-05 9.99101E-05 9.99101E-05 9.99101E-05 9.99101E-05 9.99101E-05 0.999001 9.99101E-05 9.99101E-05
0.0524596 0.0707531 0.221784 0.0658713 0.0473692 0.0772176 0.0679999 0.0741486 0.0954795 0.160672 0.0662455
0.0631383 0.05953 0.154813 0.0498699 0.356199 0.0201886 0.0467257 0.0519272 0.0480409 0.0914717 0.0580959
0.0184825 0.0154718 9.9964E-05 0.014814 0.00283479 9.9964E-05 9.9964E-05 9.9964E-05 0.0119231 0.928872 0.00720181
9.99101E-05 9.99101E-05 9.99101E-05 9.99101E-05 0.999001 9.99101E-05 9.99101E-05 9.99101E-05 9.99101E-05 9.99101E-05 9.99101E-05
0.0261178 0.0300318 0.0398077 0.00784303 0.0217807 0.0242974 0.00868022 0.0255627 0.0312508 0.769493 0.015135
9.99101E-05 9.99101E-05 9.99101E-05 9.99101E-05 9.99101E-05 9.99101E-05 9.99101E-05 9.99101E-05 9.99101E-05 9.99101E-05 0.999001
9.99101E-05 9.99101E-05 9.99101E-05 9.99101E-05 9.99101E-05 9.99101E-05 9.99101E-05 9.99101E-05 9.99101E-05 9.99101E-05 0.999001
9.99101E-05 0.999001 9.99101E-05 9.99101E-05 9.99101E-05 9.99101E-05 9.99101E-05 9.99101E-05 9.99101E-05 9.99101E-05 9.99101E-05
0.0402219 0.568311 0.0526373 0.0278086 0.0385271 0.0449896 0.0335076 0.0328794 0.0318736 0.0948513 0.0343923
0.0195178 0.00635526 0.0389326 0.0184481 0.0224267 0.00658744 0.0152668 0.835324 0.00866281 0.0237928 0.00468584
9.99101E-05 9.99101E-05 9.99101E-05 9.99101E-05 9.99101E-05 9.99101E-05 0.999001 9.99101E-05 9.99101E-05 9.99101E-05 9.99101E-05
0.999001 9.99101E-05 9.99101E-05 9.99101E-05 9.99101E-05 9.99101E-05 9.99101E-05 9.99101E-05 9.99101E-05 9.99101E-05 9.99101E-05
0.0313611 0.0373592 0.0292534 0.0316217 0.0201279 0.0273856 0.734208 0.0248509 9.9991E-05 0.0313629 0.0323694
0.601607 0.0161381 0.157871 0.0302804 0.000536759 0.0127408 0.0101052 0.0088192 0.105264 0.0254388 0.0311995
0.0522256 0.022331 0.441031 0.0270979 0.104631 0.0340884 0.047546 0.0473191 0.025307 0.14546 0.0529636
9.99101E-05 9.99101E-05 9.99101E-05 0.999001 9.99101E-05 9.99101E-05 9.99101E-05 9.99101E-05 9.99101E-05 9.99101E-05 9.99101E-05
0.0629293 0.0813135 0.177965 0.0587683 0.0815973 0.0804585 0.0769763 0.0614849 0.121983 0.147765 0.0487592
0.0555185 0.0253183 0.40959 0.0581584 0.108616 0.0331529 0.0391418 0.051112 0.0355689 0.126997 0.0568261
0.0113643 0.0382667 0.641312 0.0243589 0.016514 0.0375422 0.0137983 0.0426172 0.019663 0.118503 0.0360607
0.0115793 0.00761995 0.817818 0.0274905 0.0206201 0.0101709 0.0229229 0.0254261 0.0193153 0.0156509 0.0213856
0.0517241 0.0408009 0.101449 0.0270486 0.0206054 0.0405338 0.033996 0.0371053 0.559977 0.054225 0.0325348
0.0524442 0.0588713 0.245215 0.066334 0.0589295 0.0656958 0.070831 0.08205 0.0775316 0.154653 0.0674444
0.00520454 0.01848 0.0108241 0.0248579 0.829442 0.0124622 0.00995169 0.0173075 0.0201556 0.0295601 0.0217546
0.00780105 0.0105953 9.9955E-05 0.0113333 9.9955E-05 9.9955E-05 0.00712103 9.9955E-05 9.9955E-05 0.955407 0.0072427
0.015181 0.00589576 0.013235 0.00502841 0.920646 0.00991232 0.013262 0.00446199 9.9991E-05 0.00906677 0.00321087
9.9919E-05 9.9919E-05 0.00640633 9.9919E-05 9.9919E-05 9.9919E-05 9.9919E-05 9.9919E-05 9.9919E-05 0.992694 9.9919E-05
0.013382 0.00717159 9.9973E-05 0.00123732 0.0100582 0.00371785 0.00275602 9.9973E-05 0.0125488 9.9973E-05 0.948828
9.99101E-05 9.99101E-05 9.99101E-05 9.99101E-05 9.99101E-05 9.99101E-05 9.99101E-05 9.99101E-05 9.99101E-05 9.99101E-05 0.999001
9.99101E-05 0.999001 9.99101E-05 9.99101E-05 9.99101E-05 9.99101E-05 9.99101E-05 9.99101E-05 9.99101E-05 9.99101E-05 9.99101E-05
0.00375645 0.909149 0.0115679 0.00640281 9.9991E-05 0.0118398 0.000427725 0.000177702 0.0171082 0.0338653 0.00560501
0.000905618 9.9928E-05 9.9928E-05 9.9928E-05 9.9928E-05 9.9928E-05 0.00330052 0.994994 9.9928E-05 9.9928E-05 9.9928E-05
9.99101E-05 9.99101E-05 9.99101E-05 9.99101E-05 9.99101E-05 9.99101E-05 0.999001 9.99101E-05 9.99101E-05 9.99101E-05 9.99101E-05
0.999001 9.99101E-05 9.99101E-05 9.99101E-05 9.99101E-05 9.99101E-05 9.99101E-05 9.99101E-05 9.99101E-05 9.99101E-05 9.99101E-05
9.99101E-05 9.99101E-05 9.99101E-05 9.99101E-05 9.99101E-05 9.99101E-05 0.999001 9.99101E-05 9.99101E-05 9.99101E-05 9.99101E-05
0.599779 0.0175642 0.168014 0.0382848 9.9991E-05 0.00656665 0.0172121 0.0145748 0.0971967 0.0174304 0.0232774
0.026874 0.0554355 0.274469 0.0603449 0.0539084 0.0784131 0.0855899 0.0494272 0.0883113 0.160913 0.066314
0.000963379 9.99632E-05 0.0138596 0.974756 9.99632E-05 0.00340977 0.00427368 0.00223802 9.99632E-05 9.99632E-05 9.99632E-05
0.0609638 0.086716 0.183593 0.0710179 0.0897057 0.0784731 0.0589861 0.0662075 0.114553 0.146468 0.0433163
0.0708611 0.0428951 0.339267 0.0454006 0.110505 0.0234897 0.0618977 0.053432 0.0454367 0.149656 0.0571585
0.0173526 0.0413805 0.667462 0.0196862 0.00874365 0.0311459 0.00981535 0.0397055 0.0338157 0.0981871 0.0327058
0.0177279 0.0160973 0.78088 0.0154688 0.0411161 0.0203722 0.0170116 0.00553476 0.0391968 0.0435325 0.00306231
9.99101E-05 9.99101E-05 9.99101E-05 9.99101E-05 9.99101E-05 9.99101E-05 9.99101E-05 9.99101E-05 0.999001 9.99101E-05 9.99101E-05
0.0467502 0.0594532 0.240949 0.0589562 0.0676068 0.0669335 0.0804058 0.0698608 0.0830917 0.155961 0.0700314
0.0219751 0.0260489 0.0162392 0.0161407 0.819695 0.0156687 0.00565314 0.0215268 0.0187184 0.0168439 0.0214902
9.99101E-05 9.99101E-05 9.99101E-05 9.99101E-05 9.99101E-05 9.99101E-05 9.99101E-05 9.99101E-05 9.99101E-05 0.999001 9.99101E-05
9.99101E-05 9.99101E-05 9.99101E-05 9.99101E-05 0.999001 9.99101E-05 9.99101E-05 9.99101E-05 9.99101E-05 9.99101E-05 9.99101E-05
9.9928E-05 9.9928E-05 0.0054439 9.9928E-05 9.9928E-05 9.9928E-05 9.9928E-05 0.00944639 9.9928E-05 0.98431 9.9928E-05
0.00783369 0.00828771 9.9964E-05 0.00989205 0.00690942 0.00212899 9.9964E-05 9.9964E-05 0.00143357 9.9964E-05 0.963115
9.9937E-05 9.9937E-05 0.000566842 9.9937E-05 9.9937E-05 9.9937E-05 9.9937E-05 0.00116854 9.9937E-05 0.000347958 0.997217
9.99101E-05 0.999001 9.99101E-05 9.99101E-05 9.99101E-05 9.99101E-05 9.99101E-05 9.99101E-05 9.99101E-05 9.99101E-05 9.99101E-05
9.99101E-05 0.999001 9.99101E-05 9.99101E-05 9.99101E-05 9.99101E-05 9.99101E-05 9.99101E-05 9.99101E-05 9.99101E-05 9.99101E-05
0.00522571 0.0153275 0.00304739 0.00231698 0.004046 0.00364567 9.9964E-05 0.965991 9.9964E-05 9.9964E-05 9.9964E-05
0.0141941 9.9937E-05 9.9937E-05 9.9937E-05 9.9937E-05 9.9937E-05 0.974126 0.00336683 0.00761373 9.9937E-05 9.9937E-05
0.388988 0.0458689 0.133826 0.020027 0.0578289 0.0255111 0.0495631 0.0600995 0.0717782 0.095403 0.0511064
0.00722847 0.00531271 9.9964E-05 0.00614067 0.00358198 9.9964E-05 0.966217 0.00289084 9.9964E-05 0.00822865 9.9964E-05
9.9928E-05 0.00597034 9.9928E-05 0.991326 9.9928E-05 9.9928E-05 9.9928E-05 9.9928E-05 9.9928E-05 9.9928E-05 0.00190384
0.0656457 0.0406888 0.381542 0.0463078 0.12411 0.032445 0.0337223 0.0323884 0.0411 0.143611 0.0584397
0.0451472 0.082718 0.177387 0.0703883 0.0914012 0.0747663 0.0764826 0.0628481 0.121103 0.140891 0.0568678
0.0847165 0.042427 0.286816 0.0371247 0.0776098 0.0582508 0.0691635 0.0759471 0.0561953 0.138292 0.0734574
0.0246526 0.0303777 0.690452 0.0250202 9.9991E-05 0.0302534 0.0166132 0.0458344 0.0215384 0.0788856 0.0362726
0.0514734 0.0150251 0.656639 0.0290108 0.0291222 0.0169617 0.0416719 0.0314672 0.0363879 0.0680358 0.0242047
9.99101E-05 9.99101E-05 9.99101E-05 9.99101E-05 9.99101E-05 0.999001 9.99101E-05 9.99101E-05 9.99101E-05 9.99101E-05 9.99101E-05
9.99101E-05 9.99101E-05 9.99101E-05 9.99101E-05 9.99101E-05 9.99101E-05 9.99101E-05 9.99101E-05 0.999001 9.99101E-05 9.99101E-05
0.0439174 0.0450113 0.277464 0.0261096 0.0469836 0.104854 0.08683 0.0712626 0.0838402 0.169493 0.0442337
0.00282466 0.0218721 9.99988E-05 0.0118477 0.855183 0.0134117 0.00848565 0.0190464 0.0168262 0.031169 0.0192337
9.99101E-05 9.99101E-05 9.99101E-05 9.99101E-05 9.99101E-05 9.99101E-05 9.99101E-05 9.99101E-05 9.99101E-05 0.999001 9.99101E-05
9.99101E-05 9.99101E-05 9.99101E-05 9.99101E-05 0.999001 9.99101E-05 9.99101E-05 9.99101E-05 9.99101E-05 9.99101E-05 9.99101E-05
0.00273359 9.9946E-05 0.0137312 9.9946E-05 9.9946E-05 9.9946E-05 9.9946E-05 0.0105524 0.000974441 0.971409 9.9946E-05
9.99243E-05 9.99243E-05 9.99243E-05 9.99243E-05 0.00463569 9.99243E-05 9.99243E-05 9.99243E-05 9.99243E-05 9.99243E-05 0.994465
9.9964E-05 0.950021 9.9964E-05 0.00658506 9.9964E-05 0.00751674 0.00335787 9.9964E-05 0.0166705 0.0148129 0.000635505
9.99101E-05 9.99101E-05 9.99101E-05 9.99101E-05 9.99101E-05 9.99101E-05 9.99101E-05 0.999001 9.99101E-05 9.99101E-05 9.99101E-05
0.0232128 0.0681451 0.125702 0.026317 0.0160116 0.0239636 0.0334601 0.496482 0.0223758 0.116095 0.0482348
0.287835 0.062554 0.156168 0.0536884 0.0461639 0.0487486 0.0433548 0.046066 0.0524545 0.129171 0.0737963
9.99101E-05 9.99101E-05 9.99101E-05 9.99101E-05 9.99101E-05 9.99101E-05 0.999001 9.99101E-05 9.99101E-05 9.99101E-05 9.99101E-05
0.999001 9.99101E-05 9.99101E-05 9.99101E-05 9.99101E-05 9.99101E-05 9.99101E-05 9.99101E-05 9.99101E-05 9.99101E-05 9.99101E-05
0.0209643 0.016987 0.0116714 0.0164807 0.0192187 0.0110155 0.854733 0.0172864 0.0130307 9.9991E-05 0.018512
9.99101E-05 9.99101E-05 9.99101E-05 0.999001 9.99101E-05 9.99101E-05 9.99101E-05 9.99101E-05 9.99101E-05 9.99101E-05 9.99101E-05
0.0632562 0.057112 0.336723 0.0473923 0.133875 0.0258771 0.044253 0.0505963 0.0641969 0.128502 0.0482163
0.0764513 0.0773951 0.179707 0.0616506 0.0933131 0.0883064 0.0649709 0.055315 0.0996261 0.15209 0.051174
0.0645329 0.0518135 0.338409 0.045154 0.092995 0.04357 0.0522056 0.0501347 0.0752797 0.138924 0.0469819
0.0373233 0.00623451 0.725072 0.0177735 0.0366741 0.0223194 0.0130233 0.0418842 0.0352246 0.0554208 0.00905054
0.0250227 9.9955E-05 0.912115 0.0279522 9.9955E-05 0.00225094 0.0184446 9.9955E-05 9.9955E-05 9.9955E-05 0.0137144
9.99101E-05 9.99101E-05 9.99101E-05 9.99101E-05 9.99101E-05 0.999001 9.99101E-05 9.99101E-05 9.99101E-05 9.99101E-05 9.99101E-05
0.0159561 0.0124645 0.024508 0.00814613 0.0137063 0.00412693 0.0231159 0.0176253 0.856809 0.00339901 0.0201429
0.0404674 0.0402407 0.276103 0.0470225 0.0497065 0.109585 0.08282 0.0489322 0.0995325 0.167491 0.0380998
0.0123902 0.0226785 0.0306355 0.0280088 0.795697 0.00669428 0.0166728 0.0227412 0.0301377 0.0167893 0.0175546
9.99101E-05 9.99101E-05 9.99101E-05 9.99101E-05 9.99101E-05 9.99101E-05 9.99101E-05 9.99101E-05 9.99101E-05 0.999001 9.99101E-05
9.99101E-05 9.99101E-05 9.99101E-05 9.99101E-05 0.999001 9.99101E-05 9.99101E-05 9.99101E-05 9.99101E-05 9.99101E-05 9.99101E-05
9.99101E-05 9.99101E-05 9.99101E-05 9.99101E-05 9.99101E-05 9.99101E-05 9.99101E-05 9.99101E-05 9.99101E-05 9.99101E-05 0.999001
