0.00317571 9.991E-05 9.991E-05 9.991E-05 9.991E-05 0.995825 9.991E-05 9.991E-05 9.991E-05 9.991E-05 9.991E-05 9.991E-05
0.00472808 0.00923231 0.951033 0.00631236 0.0145433 0.000921244 9.9973E-05 0.00241348 0.00590284 0.00461336 9.9973E-05 9.9973E-05
9.9955E-05 0.0196991 0.940172 0.0183428 0.0105136 0.00143496 9.9955E-05 9.9955E-05 0.000939149 0.00839916 9.9955E-05 9.9955E-05
0.998901 9.9901E-05 9.9901E-05 9.9901E-05 9.9901E-05 9.9901E-05 9.9901E-05 9.9901E-05 9.9901E-05 9.9901E-05 9.9901E-05 9.9901E-05
0.998901 9.9901E-05 9.9901E-05 9.9901E-05 9.9901E-05 9.9901E-05 9.9901E-05 9.9901E-05 9.9901E-05 9.9901E-05 9.9901E-05 9.9901E-05
0.0439568 0.0485544 0.0638176 0.112698 0.0348663 0.0610883 0.0878672 0.320328 0.0475041 0.0393192 0.122034 0.0179659
9.9901E-05 9.9901E-05 9.9901E-05 9.9901E-05 9.9901E-05 9.9901E-05 9.9901E-05 9.9901E-05 0.998901 9.9901E-05 9.9901E-05 9.9901E-05
9.9901E-05 9.9901E-05 9.9901E-05 9.9901E-05 9.9901E-05 9.9901E-05 9.9901E-05 0.998901 9.9901E-05 9.9901E-05 9.9901E-05 9.9901E-05
0.0403864 0.0299211 0.0343921 0.121261 0.0291485 0.0548293 0.0405489 0.0308495 0.0509898 0.0419496 0.437717 0.0880071
9.9937E-05 9.9937E-05 0.00758809 9.9937E-05 0.983622 9.9937E-05 0.000461581 9.9937E-05 0.000571168 9.9937E-05 9.9937E-05 0.00705759
0.0791201 0.0516223 0.0621435 0.124548 0.0475546 0.0640137 0.0437158 0.0549288 0.0607859 0.0417531 0.272663 0.0971506
0.0496525 0.0785542 0.0931691 0.158285 0.0568996 0.0614373 0.0542585 0.0449166 0.0719014 0.0776499 0.167165 0.0861115
9.99279E-05 9.99279E-05 9.99279E-05 9.99279E-05 9.99279E-05 0.00487942 9.99279E-05 9.99279E-05 0.00407935 0.00137952 0.988862 9.99279E-05
9.99008E-05 9.99008E-05 9.99008E-05 9.99008E-05 9.99008E-05 9.99008E-05 9.99008E-05 9.99008E-05 9.99008E-05 9.99008E-05 0.998901 9.99008E-05
0.0130802 0.0602439 0.0279957 0.0707816 0.0325756 0.00904928 0.0365151 9.9991E-05 0.550732 0.0426636 0.148002 0.00826106
9.9901E-05 9.9901E-05 9.9901E-05 9.9901E-05 9.9901E-05 9.9901E-05 9.9901E-05 9.9901E-05 9.9901E-05 0.998901 9.9901E-05 9.9901E-05
9.99009E-05 0.998901 9.99009E-05 9.99009E-05 9.99009E-05 9.99009E-05 9.99009E-05 9.99009E-05 9.99009E-05 9.99009E-05 9.99009E-05 9.99009E-05
0.0672813 0.0784206 0.0694913 0.164603 0.0398797 0.0688016 0.046433 0.0282219 0.0921965 0.0634652 0.225899 0.0553067
0.0278118 0.0212234 0.037678 0.0319476 0.023756 0.0186093 0.00264074 0.00127403 0.0133332 0.00375881 0.0255285 0.792439
0.03271 0.00842684 0.0349479 0.708157 0.0209808 0.0343588 0.0209883 0.0240166 0.0318588 0.0197619 0.0250283 0.0387641
0.00260663 9.9946E-05 0.00298983 9.9946E-05 9.9946E-05 9.9946E-05 0.00262385 0.00323887 0.000369668 9.9946E-05 9.9946E-05 0.987571
0.00851053 0.00930348 9.9973E-05 0.930858 9.9973E-05 0.00648589 0.00198026 0.00628777 9.9973E-05 0.00390503 0.0260352 0.00633389
0.0143971 9.9955E-05 0.00215852 0.0276091 0.000337654 0.916228 9.9955E-05 9.9955E-05 0.0155707 9.9955E-05 0.0231991 9.9955E-05
9.99009E-05 9.99009E-05 0.998901 9.99009E-05 9.99009E-05 9.99009E-05 9.99009E-05 9.99009E-05 9.99009E-05 9.99009E-05 9.99009E-05 9.99009E-05
9.9964E-05 0.00915679 0.917499 0.0156052 0.0151579 0.0164931 9.9964E-05 9.9964E-05 0.00971752 0.01135 0.00462061 9.9964E-05
0.998901 9.9901E-05 9.9901E-05 9.9901E-05 9.9901E-05 9.9901E-05 9.9901E-05 9.9901E-05 9.9901E-05 9.9901E-05 9.9901E-05 9.9901E-05
9.9901E-05 9.9901E-05 9.9901E-05 9.9901E-05 9.9901E-05 9.9901E-05 9.9901E-05 9.9901E-05 0.998901 9.9901E-05 9.9901E-05 9.9901E-05
9.9901E-05 9.9901E-05 9.9901E-05 9.9901E-05 9.9901E-05 9.9901E-05 9.9901E-05 0.998901 9.9901E-05 9.9901E-05 9.9901E-05 9.9901E-05
0.0161678 0.0065543 0.00359361 0.00340451 9.9982E-05 0.00754942 0.00897487 0.01177 0.927308 9.9982E-05 0.00826877 0.00620915
9.9955E-05 0.011259 0.00353285 9.9955E-05 0.00588925 0.00459748 9.9955E-05 0.967153 9.9955E-05 0.00217925 9.9955E-05 0.00488934
0.0401255 0.0201941 0.0286744 0.115614 0.0125063 0.0375419 0.0515099 0.0370764 0.0249848 0.0404638 0.487936 0.103373
9.9901E-05 9.9901E-05 9.9901E-05 9.9901E-05 0.998901 9.9901E-05 9.9901E-05 9.9901E-05 9.9901E-05 9.9901E-05 9.9901E-05 9.9901E-05
0.0530929 0.0471393 0.0931204 0.139528 0.0514434 0.0804499 0.064797 0.0442322 0.0823934 0.063503 0.203364 0.0769365
9.99009E-05 9.99009E-05 9.99009E-05 9.99009E-05 9.99009E-05 9.99009E-05 9.99009E-05 9.99009E-05 9.99009E-05 9.99009E-05 0.998901 9.99009E-05
9.99008E-05 9.99008E-05 9.99008E-05 9.99008E-05 9.99008E-05 9.99008E-05 9.99008E-05 9.99008E-05 9.99008E-05 9.99008E-05 0.998901 9.99008E-05
0.0366777 0.111368 0.0491503 0.163819 0.0525496 0.0598511 0.0189202 0.026805 0.0470511 0.092769 0.283696 0.0573423
9.99009E-05 9.99009E-05 9.99009E-05 9.99009E-05 9.99009E-05 9.99009E-05 9.99009E-05 9.99009E-05 9.99009E-05 0.998901 9.99009E-05 9.99009E-05
0.0420332 0.444821 0.0152153 0.110256 0.0258908 0.031254 0.0300316 0.042863 0.0450888 0.056706 0.097722 0.0581184
9.9937E-05 9.9937E-05 9.9937E-05 0.946826 0.0168889 9.9937E-05 0.0171063 9.9937E-05 0.0126721 9.9937E-05 9.9937E-05 0.00580692
9.99009E-05 9.99009E-05 9.99009E-05 9.99009E-05 9.99009E-05 9.99009E-05 9.99009E-05 9.99009E-05 9.99009E-05 9.99009E-05 9.99009E-05 0.998901
0.023134 0.0330874 0.033833 0.70358 0.0131915 0.0439309 0.00583907 0.025498 0.0191341 0.0196965 0.0355843 0.0434908
9.9901E-05 9.9901E-05 9.9901E-05 9.9901E-05 9.9901E-05 0.998901 9.9901E-05 9.9901E-05 9.9901E-05 9.9901E-05 9.9901E-05 9.9901E-05
0.00950425 9.9946E-05 9.9946E-05 0.0190837 0.00103471 0.949702 9.9946E-05 9.9946E-05 0.00213662 9.9946E-05 0.0179387 9.9946E-05
9.99009E-05 9.99009E-05 0.998901 9.99009E-05 9.99009E-05 9.99009E-05 9.99009E-05 9.99009E-05 9.99009E-05 9.99009E-05 9.99009E-05 9.99009E-05
0.0131039 0.0125243 0.872294 0.0287384 0.00877414 0.00215878 0.000477542 0.0156337 0.0210612 0.00783225 0.00671858 0.010683
0.998901 9.9901E-05 9.9901E-05 9.9901E-05 9.9901E-05 9.9901E-05 9.9901E-05 9.9901E-05 9.9901E-05 9.9901E-05 9.9901E-05 9.9901E-05
9.991E-05 9.991E-05 9.991E-05 0.00010373 9.991E-05 9.991E-05 9.991E-05 9.991E-05 0.998897 9.991E-05 9.991E-05 9.991E-05
0.00378325 9.9946E-05 0.00116434 9.9946E-05 0.00252473 9.9946E-05 0.974853 9.9946E-05 9.9946E-05 0.00366055 9.9946E-05 0.0134149
9.9901E-05 9.9901E-05 9.9901E-05 9.9901E-05 9.9901E-05 9.9901E-05 9.9901E-05 9.9901E-05 0.998901 9.9901E-05 9.9901E-05 9.9901E-05
9.9919E-05 9.9919E-05 9.9919E-05 9.9919E-05 0.00429819 9.9919E-05 0.99382 9.9919E-05 0.000982751 9.9919E-05 9.9919E-05 9.9919E-05
0.0435465 0.0241153 0.0360542 0.105929 0.0352583 0.0556187 0.0400019 0.0391596 0.048889 0.044747 0.442112 0.0845683
9.9928E-05 9.9928E-05 0.0119545 9.9928E-05 0.978271 9.9928E-05 9.9928E-05 0.00334183 0.00563316 9.9928E-05 9.9928E-05 9.9928E-05
0.0592445 0.0702773 0.0323419 0.158922 0.0413395 0.0559718 0.050933 0.039985 0.0443915 0.0194576 0.314337 0.112799
0.00312609 9.99369E-05 0.00879835 9.99369E-05 9.99369E-05 0.00228959 0.00408003 9.99369E-05 9.99369E-05 9.99369E-05 0.981006 9.99369E-05
9.99009E-05 9.99009E-05 9.99009E-05 9.99009E-05 9.99009E-05 9.99009E-05 9.99009E-05 9.99009E-05 9.99009E-05 9.99009E-05 0.998901 9.99009E-05
0.051046 0.0667318 0.0560978 0.165581 0.0800426 0.0649196 0.0670025 0.0175996 0.0577193 0.0822967 0.234199 0.0567642
9.99009E-05 9.99009E-05 9.99009E-05 9.99009E-05 9.99009E-05 9.99009E-05 9.99009E-05 9.99009E-05 9.99009E-05 0.998901 9.99009E-05 9.99009E-05
0.0444079 0.0328964 0.0637777 0.0907983 0.0413844 0.0462747 0.0319913 0.0286946 0.0367553 0.015439 0.169027 0.398553
0.0176886 0.0060985 0.029073 0.829077 0.0192049 0.0102452 0.0277722 0.0188559 0.0149874 0.00318491 0.00525853 0.0185535
9.99009E-05 9.99009E-05 9.99009E-05 9.99009E-05 9.99009E-05 9.99009E-05 9.99009E-05 9.99009E-05 9.99009E-05 9.99009E-05 9.99009E-05 0.998901
9.99009E-05 9.99009E-05 9.99009E-05 0.998901 9.99009E-05 9.99009E-05 9.99009E-05 9.99009E-05 9.99009E-05 9.99009E-05 9.99009E-05 9.99009E-05
9.9937E-05 0.00293978 0.00461266 9.9937E-05 9.9937E-05 0.989234 9.9937E-05 0.000889394 9.9937E-05 0.00162459 9.9937E-05 9.9937E-05
0.00989956 9.9946E-05 9.9946E-05 0.0133495 0.0014324 0.949199 9.9946E-05 9.9946E-05 0.00555383 9.9946E-05 0.0199664 9.9946E-05
9.9901E-05 9.9901E-05 0.998901 9.9901E-05 9.9901E-05 9.9901E-05 9.9901E-05 9.9901E-05 9.9901E-05 9.9901E-05 9.9901E-05 9.9901E-05
0.0340901 0.00902383 0.566286 0.0866645 0.0417321 0.0259034 0.0175838 0.0395235 0.0340851 0.04439 0.0750051 0.0257129
0.961201 0.00997876 9.9955E-05 0.00891785 0.0042828 0.00348163 9.9955E-05 0.00205939 9.9955E-05 0.00957864 9.9955E-05 9.9955E-05
9.99629E-05 0.00408628 9.99629E-05 9.99629E-05 0.00502626 0.00487878 0.00590685 9.99629E-05 0.968823 0.00682171 9.99629E-05 0.00395692
0.00547717 0.0016373 0.0229472 9.9964E-05 0.00790482 0.00671989 9.9964E-05 0.934835 0.00268115 9.9964E-05 9.9964E-05 0.0173977
0.00776773 0.0186385 0.027904 0.0298059 0.0148615 0.0149268 0.00957435 0.00283937 0.833751 0.00235325 0.0156799 0.0218973
9.99009E-05 9.99009E-05 9.99009E-05 9.99009E-05 9.99009E-05 9.99009E-05 0.998901 9.99009E-05 9.99009E-05 9.99009E-05 9.99009E-05 9.99009E-05
0.0541215 0.0208989 0.0540651 0.101242 0.0371876 0.0585166 0.0301355 0.0451702 0.0595314 0.0396857 0.400297 0.0991489
9.9901E-05 9.9901E-05 9.9901E-05 9.9901E-05 0.998901 9.9901E-05 9.9901E-05 9.9901E-05 9.9901E-05 9.9901E-05 9.9901E-05 9.9901E-05
0.0429488 0.0393622 0.0554576 0.120068 0.0683056 0.0646993 0.02028 0.0389867 0.0533304 0.0247799 0.363646 0.108136
0.0337066 0.0251196 0.0275768 0.0833212 0.0117527 0.0391877 9.9991E-05 0.031998 0.0361929 0.0296672 0.657801 0.0235768
9.99008E-05 9.99008E-05 9.99008E-05 9.99008E-05 9.99008E-05 9.99008E-05 9.99008E-05 9.99008E-05 9.99008E-05 9.99008E-05 0.998901 9.99008E-05
9.99009E-05 0.998901 9.99009E-05 9.99009E-05 9.99009E-05 9.99009E-05 9.99009E-05 9.99009E-05 9.99009E-05 9.99009E-05 9.99009E-05 9.99009E-05
0.0680204 0.063846 0.0644524 0.173339 0.0734963 0.0704138 0.0731475 0.00810588 0.0602307 0.0684344 0.232686 0.0438273
0.0514187 0.0436566 0.0762308 0.101895 0.0470832 0.0456753 0.012469 0.0491638 0.0478689 0.0180964 0.164306 0.342136
0.00550421 0.0147783 0.0205325 0.912117 0.00680924 0.00648766 0.0159829 9.9982E-05 0.0015063 0.000684913 9.9982E-05 0.0153973
9.99009E-05 9.99009E-05 9.99009E-05 9.99009E-05 9.99009E-05 9.99009E-05 9.99009E-05 9.99009E-05 9.99009E-05 9.99009E-05 9.99009E-05 0.998901
0.0274742 0.0401235 0.0186813 0.769664 0.000271087 0.0193264 0.00195843 0.0120255 0.0150186 0.0242306 0.050812 0.0204146
9.99101E-05 0.000535559 9.99101E-05 9.99101E-05 9.99101E-05 0.998465 9.99101E-05 9.99101E-05 9.99101E-05 9.99101E-05 9.99101E-05 9.99101E-05
9.99011E-05 9.99011E-05 9.99011E-05 9.99011E-05 9.99011E-05 0.998901 9.99011E-05 9.99011E-05 9.99011E-05 9.99011E-05 9.99011E-05 9.99011E-05
9.99009E-05 9.99009E-05 0.998901 9.99009E-05 9.99009E-05 9.99009E-05 9.99009E-05 9.99009E-05 9.99009E-05 9.99009E-05 9.99009E-05 9.99009E-05
0.0274124 0.0260251 0.561325 0.0917821 0.0358907 0.0312395 0.0258337 0.0176191 0.0346858 0.048617 0.0600307 0.0395391
0.838634 9.9982E-05 0.0139887 0.0245724 0.0123118 0.00801205 0.0129974 9.9982E-05 0.0137359 0.00893028 0.0411415 0.0254757
9.9901E-05 9.9901E-05 9.9901E-05 9.9901E-05 9.9901E-05 9.9901E-05 9.9901E-05 9.9901E-05 0.998901 9.9901E-05 9.9901E-05 9.9901E-05
9.9901E-05 9.9901E-05 9.9901E-05 9.9901E-05 9.9901E-05 9.9901E-05 9.9901E-05 0.998901 9.9901E-05 9.9901E-05 9.9901E-05 9.9901E-05
0.0168685 0.00668163 0.0451029 0.0286403 0.0291052 0.0295873 0.0173521 0.0163213 0.74436 0.0100462 0.0492576 0.00667723
9.99009E-05 9.99009E-05 9.99009E-05 9.99009E-05 9.99009E-05 9.99009E-05 0.998901 9.99009E-05 9.99009E-05 9.99009E-05 9.99009E-05 9.99009E-05
0.0380308 0.031891 0.0299143 0.122271 0.0241615 0.0502164 0.0392345 0.0373124 0.0395477 0.0396081 0.451528 0.0962838
9.9901E-05 9.9901E-05 9.9901E-05 9.9901E-05 0.998901 9.9901E-05 9.9901E-05 9.9901E-05 9.9901E-05 9.9901E-05 9.9901E-05 9.9901E-05
0.0550008 0.110846 0.0832469 0.142612 0.0615189 0.043859 0.0772614 0.0154541 0.0643048 0.0806426 0.171578 0.0936756
0.0393013 0.0516382 0.026399 0.141535 0.0586214 0.0444001 0.0326165 0.0382493 0.032665 0.0188743 0.408215 0.107485
0.0457354 0.0430413 0.0294278 0.109317 0.0225592 0.0300228 0.0243466 9.9991E-05 0.0140347 0.0258214 0.639123 0.0164709
0.0267171 0.0133341 0.00375584 0.0338689 0.0358249 0.0254131 0.00155595 0.00712186 0.0141044 0.00966606 0.808811 0.0198272
0.0270272 0.542028 0.0446844 0.0523277 0.0174213 0.0263007 0.0343495 0.0300102 0.0411948 0.0521253 0.108017 0.0245139
0.0718331 0.0762033 0.0585104 0.160093 0.064324 0.0556671 0.0550233 0.0257293 0.0701894 0.0746777 0.234439 0.0533102
0.0338248 0.0251061 0.0278372 0.0372958 0.018801 0.0153174 9.9973E-05 0.00720329 9.9973E-05 9.9973E-05 0.00437233 0.829942
0.00636346 9.9964E-05 9.9964E-05 0.934023 0.0139662 0.00732955 0.0163774 0.000631879 0.0186176 9.9964E-05 9.9964E-05 0.00229112
0.00964379 0.00267183 0.012948 9.9973E-05 0.0101988 0.00975935 0.0132506 0.00571322 0.012218 9.9973E-05 9.9973E-05 0.923297
9.991E-05 0.00679081 9.991E-05 0.99221 9.991E-05 9.991E-05 9.991E-05 9.991E-05 9.991E-05 9.991E-05 9.991E-05 9.991E-05
0.000317903 0.0119723 0.0109983 9.9973E-05 0.00456237 0.949073 0.00962838 0.00694978 9.9973E-05 0.00097151 9.9973E-05 0.00522691
9.99011E-05 9.99011E-05 9.99011E-05 9.99011E-05 9.99011E-05 0.998901 9.99011E-05 9.99011E-05 9.99011E-05 9.99011E-05 9.99011E-05 9.99011E-05
9.9901E-05 9.9901E-05 0.998901 9.9901E-05 9.9901E-05 9.9901E-05 9.9901E-05 9.9901E-05 9.9901E-05 9.9901E-05 9.9901E-05 9.9901E-05
0.00168741 0.0211618 0.914237 0.0132742 0.01329 0.014002 0.00640094 0.00066758 0.00369944 0.00704524 0.00443475 9.9991E-05
0.992826 9.9937E-05 9.9937E-05 9.9937E-05 0.0023699 0.00129812 0.00266577 0.000140749 9.9937E-05 9.9937E-05 9.9937E-05 9.9937E-05
9.9901E-05 9.9901E-05 9.9901E-05 9.9901E-05 9.9901E-05 9.9901E-05 9.9901E-05 9.9901E-05 0.998901 9.9901E-05 9.9901E-05 9.9901E-05
9.9901E-05 9.9901E-05 9.9901E-05 9.9901E-05 9.9901E-05 9.9901E-05 9.9901E-05 0.998901 9.9901E-05 9.9901E-05 9.9901E-05 9.9901E-05
9.99011E-05 9.99011E-05 9.99011E-05 9.99011E-05 9.99011E-05 9.99011E-05 9.99011E-05 9.99011E-05 0.998901 9.99011E-05 9.99011E-05 9.99011E-05
9.99009E-05 9.99009E-05 9.99009E-05 9.99009E-05 9.99009E-05 9.99009E-05 0.998901 9.99009E-05 9.99009E-05 9.99009E-05 9.99009E-05 9.99009E-05
0.0448686 0.0762256 0.0411641 0.164411 0.0612176 0.0564236 0.0440997 9.9991E-05 0.0887166 0.0777824 0.295513 0.0494785
0.00268134 9.9946E-05 9.9946E-05 9.9946E-05 0.977424 0.00243317 9.9946E-05 0.00358636 0.0108481 0.00242785 9.9946E-05 9.9946E-05
0.0557153 0.110469 0.0804982 0.136581 0.0636587 0.0407267 0.0846579 0.0132504 0.0677353 0.0852548 0.177663 0.0837903
0.0610486 0.0599979 0.0346705 0.153715 0.0379249 0.0466234 0.061129 0.0291647 0.0615163 0.0227213 0.335464 0.0960247
0.033822 0.037633 0.0339562 0.090134 0.0242337 0.0298315 0.0208364 0.00672104 0.00784061 0.0360495 0.668911 0.0100312
0.00661778 0.0263526 0.0276673 0.0444703 0.0134981 0.00840715 0.0206338 9.9991E-05 0.0227305 0.00939344 0.787554 0.0325746
9.99008E-05 0.998901 9.99008E-05 9.99008E-05 9.99008E-05 9.99008E-05 9.99008E-05 9.99008E-05 9.99008E-05 9.99008E-05 9.99008E-05 9.99008E-05
0.0543172 0.0733621 0.0846499 0.14773 0.0564222 0.0725849 0.0283149 0.0229408 0.0794437 0.0718518 0.250717 0.0576661
0.0237987 0.0194435 0.0218826 0.0274855 0.0131294 0.0233374 0.0131076 0.0086263 0.0043076 0.0130417 0.00965034 0.822189
9.99009E-05 9.99009E-05 9.99009E-05 0.998901 9.99009E-05 9.99009E-05 9.99009E-05 9.99009E-05 9.99009E-05 9.99009E-05 9.99009E-05 9.99009E-05
9.99009E-05 9.99009E-05 9.99009E-05 9.99009E-05 9.99009E-05 9.99009E-05 9.99009E-05 9.99009E-05 9.99009E-05 9.99009E-05 9.99009E-05 0.998901
0.000632477 9.9928E-05 9.9928E-05 0.994775 9.9928E-05 9.9928E-05 9.9928E-05 9.9928E-05 9.9928E-05 9.9928E-05 0.00277869 0.00101404
9.9964E-05 0.00309809 0.003129 9.9964E-05 0.000671608 0.962595 0.00444348 0.00878624 9.9964E-05 0.00271305 9.9964E-05 0.0141638
0.00494981 9.991E-05 9.991E-05 9.991E-05 9.991E-05 0.994051 9.991E-05 9.991E-05 9.991E-05 9.991E-05 9.991E-05 9.991E-05
9.9901E-05 9.9901E-05 0.998901 9.9901E-05 9.9901E-05 9.9901E-05 9.9901E-05 9.9901E-05 9.9901E-05 9.9901E-05 9.9901E-05 9.9901E-05
9.99009E-05 9.99009E-05 0.998901 9.99009E-05 9.99009E-05 9.99009E-05 9.99009E-05 9.99009E-05 9.99009E-05 9.99009E-05 9.99009E-05 9.99009E-05
0.962126 9.9957E-05 0.00823004 9.9957E-05 9.9957E-05 0.005221 0.00237323 0.00828313 9.9957E-05 0.0100886 9.9957E-05 0.00317798
0.00345568 0.00013931 0.0025663 0.00535949 9.9964E-05 9.9964E-05 0.00713563 0.00362886 0.97399 9.9964E-05 9.9964E-05 0.00332513
0.0500718 0.0340472 0.0347865 0.0988971 0.00590078 0.0430355 0.32599 0.187612 0.0393025 0.0321511 0.0909289 0.0572768
0.000222799 9.9964E-05 9.9964E-05 9.9964E-05 0.00657643 0.00397027 0.00539677 0.00463016 0.972931 9.9964E-05 0.00128751 0.00458555
9.9937E-05 9.9937E-05 9.9937E-05 0.00346029 0.988162 9.9937E-05 9.9937E-05 0.00105432 0.00579016 0.000833818 9.9937E-05 9.9937E-05
0.039877 0.0636958 0.0357062 0.114679 0.0460355 0.0731019 0.0233945 0.0509393 0.0255059 0.0344508 0.372742 0.119873
0.0583036 0.106306 0.0806211 0.13558 0.0716885 0.0479779 0.0812052 0.00379714 0.0647471 0.085677 0.173552 0.0905433
0.0744453 0.0647497 0.028028 0.138989 0.0462344 0.0669067 0.058795 0.0487457 0.0655666 0.0543229 0.279247 0.0739698
0.0522407 0.0270419 0.0269281 0.0757549 0.0194419 0.0308246 0.0300768 0.00862195 0.0154187 0.0280051 0.682394 0.00325171
0.0360045 0.0428146 0.0143463 0.0565607 0.0392695 0.0261897 0.0125267 0.0377247 0.0403639 0.0127125 0.654723 0.0267639
9.9901E-05 9.9901E-05 9.9901E-05 9.9901E-05 9.9901E-05 9.9901E-05 9.9901E-05 9.9901E-05 9.9901E-05 0.998901 9.9901E-05 9.9901E-05
9.99008E-05 0.998901 9.99008E-05 9.99008E-05 9.99008E-05 9.99008E-05 9.99008E-05 9.99008E-05 9.99008E-05 9.99008E-05 9.99008E-05 9.99008E-05
0.060407 0.0926863 0.0414205 0.144495 0.0380931 0.0331175 0.0600117 0.0104275 0.084958 0.0980832 0.290385 0.0459154
0.0186743 0.00976401 0.0205228 0.0347743 0.0145501 0.0193344 9.9982E-05 0.00294279 9.9982E-05 0.0129891 0.00118391 0.865064
9.99009E-05 9.99009E-05 9.99009E-05 0.998901 9.99009E-05 9.99009E-05 9.99009E-05 9.99009E-05 9.99009E-05 9.99009E-05 9.99009E-05 9.99009E-05
9.99009E-05 9.99009E-05 9.99009E-05 9.99009E-05 9.99009E-05 9.99009E-05 9.99009E-05 9.99009E-05 9.99009E-05 9.99009E-05 9.99009E-05 0.998901
0.00557269 0.014968 9.9937E-05 0.974872 9.9937E-05 9.9937E-05 9.9937E-05 9.9937E-05 0.0017929 9.9937E-05 0.00209529 9.9937E-05
9.9919E-05 9.9919E-05 9.9919E-05 9.9919E-05 9.9919E-05 0.993311 9.9919E-05 0.000807693 9.9919E-05 0.00498213 9.9919E-05 9.9919E-05
9.9955E-05 0.0195215 0.955372 0.00148571 0.0127758 0.00683783 9.9955E-05 9.9955E-05 0.00111245 0.00239518 9.9955E-05 9.9955E-05
0.998901 9.99009E-05 9.99009E-05 9.99009E-05 9.99009E-05 9.99009E-05 9.99009E-05 9.99009E-05 9.99009E-05 9.99009E-05 9.99009E-05 9.99009E-05
0.487765 0.043654 0.0667275 0.0893483 0.02504 0.05263 0.0206758 0.0232254 0.0414026 0.025131 0.1243 9.9991E-05
0.0289624 0.0496391 0.0564429 0.123322 0.0399448 0.0594025 0.190577 0.167368 0.035565 0.0415077 0.158678 0.0485898
9.99009E-05 9.99009E-05 9.99009E-05 9.99009E-05 9.99009E-05 9.99009E-05 9.99009E-05 9.99009E-05 0.998901 9.99009E-05 9.99009E-05 9.99009E-05
9.9901E-05 9.9901E-05 9.9901E-05 9.9901E-05 9.9901E-05 9.9901E-05 9.9901E-05 0.998901 9.9901E-05 9.9901E-05 9.9901E-05 9.9901E-05
0.0208487 0.00999007 0.0160966 0.00525958 0.0187723 0.016794 0.00907128 0.00769804 0.857296 0.00086154 0.0244667 0.0128451
9.9901E-05 9.9901E-05 9.9901E-05 9.9901E-05 0.998901 9.9901E-05 9.9901E-05 9.9901E-05 9.9901E-05 9.9901E-05 9.9901E-05 9.9901E-05
0.0578239 0.0754356 0.0450777 0.122864 0.048144 0.0471912 0.036471 0.0407146 0.0407089 0.0228923 0.33152 0.131157
0.0549439 0.0764107 0.0916968 0.148319 0.0566143 0.0459052 0.0555465 0.0370255 0.0764193 0.0852161 0.179938 0.0919645
0.0470763 0.0745514 0.0502403 0.127978 0.0447739 0.0516322 0.0172106 0.0489312 0.061418 0.0468438 0.334229 0.0951152
0.039196 0.0457213 0.00331273 0.0593751 0.020302 0.00868534 9.9991E-05 0.0420567 0.00614862 0.0189185 0.72245 0.0337342
0.00289873 9.9955E-05 9.9955E-05 9.9955E-05 0.0272168 0.0193538 9.9955E-05 0.0166855 0.0190989 9.9955E-05 0.910225 0.00402139
9.9901E-05 9.9901E-05 9.9901E-05 9.9901E-05 9.9901E-05 9.9901E-05 9.9901E-05 9.9901E-05 9.9901E-05 0.998901 9.9901E-05 9.9901E-05
0.0140637 0.861062 0.0183534 0.00662124 0.0123184 0.0201698 0.00276677 0.0047798 0.0296285 0.00377765 0.0133299 0.0131288
0.0609263 0.0893581 0.0368268 0.146954 0.0457575 0.0358575 0.0553104 0.00560358 0.0744172 0.105993 0.291193 0.051803
0.0287183 0.00835811 0.0246933 0.0226498 0.0277678 0.0276679 0.00187462 0.0176239 0.0107715 0.0206121 0.0117408 0.797522
9.99009E-05 9.99009E-05 9.99009E-05 0.998901 9.99009E-05 9.99009E-05 9.99009E-05 9.99009E-05 9.99009E-05 9.99009E-05 9.99009E-05 9.99009E-05
9.99009E-05 9.99009E-05 9.99009E-05 9.99009E-05 9.99009E-05 9.99009E-05 9.99009E-05 9.99009E-05 9.99009E-05 9.99009E-05 9.99009E-05 0.998901
9.9901E-05 9.9901E-05 9.9901E-05 9.9901E-05 9.9901E-05 0.998901 9.9901E-05 9.9901E-05 9.9901E-05 9.9901E-05 9.9901E-05 9.9901E-05
