9.997E-05 9.997E-05 9.997E-05 0.9996 9.997E-05
0.00414337 0.0291284 9.9991E-05 0.00670708 0.959921
0.00432634 0.0263877 0.00710326 0.000410003 0.961773
9.997E-05 0.9996 9.997E-05 9.997E-05 9.997E-05
9.997E-05 0.9996 9.997E-05 9.997E-05 9.997E-05
0.0613426 0.725946 0.0538236 0.0660989 0.0927887
0.9996 9.997E-05 9.997E-05 9.997E-05 9.997E-05
9.9982E-05 0.948622 0.00484069 9.9982E-05 0.046337
0.0837824 0.650639 0.140158 0.0766164 0.0488038
9.9982E-05 0.954364 9.9982E-05 0.00585138 0.0395846
0.0780776 0.643122 0.118 0.0826311 0.0781688
0.0966662 0.618441 0.11556 0.0542166 0.115117
0.0835291 0.810471 0.0544007 0.0292627 0.0223364
0.0805818 0.813882 0.0726596 0.0167703 0.0161063
0.561572 0.350056 0.0213099 0.0259513 0.0411114
0.0368859 0.818116 0.067369 0.00482619 0.0728026
0.0361584 0.788086 0.0682332 0.0120136 0.0955086
0.105896 0.651821 0.0939585 0.0630425 0.0852817
0.0177466 0.109113 0.803952 0.0326153 0.0365737
0.0659677 0.714294 0.0941044 0.042412 0.0832224
9.997E-05 9.997E-05 0.9996 9.997E-05 9.997E-05
0.042411 0.824855 0.0752437 0.0222642 0.0352267
0.0156834 0.0472789 0.00657127 0.927457 0.00300964
9.997E-05 9.997E-05 9.997E-05 9.997E-05 0.9996
0.0185682 0.0428765 9.9991E-05 0.012117 0.926338
9.997E-05 0.9996 9.997E-05 9.997E-05 9.997E-05
0.9996 9.997E-05 9.997E-05 9.997E-05 9.997E-05
9.9982E-05 0.937698 0.00377436 9.9982E-05 0.0583279
0.930682 0.0339113 0.00672322 0.0173595 0.0113242
9.9982E-05 0.915864 0.0138238 9.9982E-05 0.0701123
0.069918 0.682253 0.159612 0.059022 0.0291952
9.9973E-05 0.987227 9.9973E-05 9.9973E-05 0.012473
0.11524 0.557156 0.120219 0.104879 0.102507
0.0911627 0.809942 0.0644602 0.0275702 0.00686477
0.0769743 0.80543 0.0852579 0.0107664 0.0215711
0.0807709 0.684531 0.0924173 0.066536 0.0757451
0.0305518 0.81757 0.0701064 0.0148286 0.0669435
0.076705 0.723503 0.104791 0.0381951 0.0568057
0.0504335 0.803877 0.0652286 0.02945 0.0510106
9.997E-05 9.997E-05 0.9996 9.997E-05 9.997E-05
0.0596305 0.739737 0.0835134 0.0624672 0.0546523
9.997E-05 9.997E-05 9.997E-05 0.9996 9.997E-05
0.00571623 0.0222651 0.0157498 0.956169 9.9991E-05
9.997E-05 9.997E-05 9.997E-05 9.997E-05 0.9996
0.0121539 0.0906328 0.00925905 0.0111862 0.876768
9.997E-05 0.9996 9.997E-05 9.997E-05 9.997E-05
0.9996 9.997E-05 9.997E-05 9.997E-05 9.997E-05
0.0160044 0.89181 0.0172137 0.0267134 0.0482584
0.9996 9.997E-05 9.997E-05 9.997E-05 9.997E-05
0.0174878 0.888319 0.00416159 0.0345707 0.0554606
0.0856818 0.651775 0.141184 0.0765259 0.0448331
0.00366634 0.970014 9.9991E-05 0.0034854 0.022734
0.0688624 0.660816 0.147123 0.0690129 0.0541854
0.0856118 0.78994 0.0614847 0.0353227 0.0276411
0.0694007 0.783154 0.0884582 0.0295252 0.0294615
0.0988248 0.705165 0.063315 0.0529422 0.0797527
0.0377176 0.799395 0.0845946 0.00283706 0.0754555
0.0536296 0.4048 0.420366 0.0410212 0.0801833
0.072681 0.758472 0.0678327 0.0336 0.0674142
9.997E-05 9.997E-05 0.9996 9.997E-05 9.997E-05
0.0443486 0.810767 0.0681181 0.0160388 0.0607271
9.9982E-05 9.9982E-05 0.00815993 0.986927 0.00471329
0.00278067 0.0378197 0.00412065 0.954197 0.00108173
9.997E-05 9.997E-05 9.997E-05 9.997E-05 0.9996
0.0413284 0.315005 0.0458157 0.0311737 0.566677
9.997E-05 0.9996 9.997E-05 9.997E-05 9.997E-05
0.979303 9.9982E-05 9.9982E-05 0.0123756 0.00812153
9.9991E-05 0.893223 0.0146688 0.0091863 0.0828223
0.850258 0.0862347 0.0151838 0.0143454 0.0339777
0.0153981 0.89608 0.0148426 0.0202861 0.0533931
0.0749356 0.67182 0.124015 0.0744387 0.0547907
9.9982E-05 0.982567 9.9982E-05 0.00242678 0.0148061
0.0720474 0.625917 0.154698 0.0800595 0.067278
0.0940627 0.711959 0.0854517 0.0631014 0.0454251
0.07104 0.81339 0.0880257 0.0103516 0.017193
0.0331089 0.791378 0.0661718 0.0181013 0.0912401
0.090104 0.682423 0.0751482 0.0671636 0.0851616
0.0711253 0.408962 0.381585 0.0636467 0.0746809
0.0582752 0.783867 0.0751183 0.0292061 0.0535333
9.997E-05 9.997E-05 0.9996 9.997E-05 9.997E-05
0.0513721 0.767066 0.0772627 0.0448318 0.059467
9.997E-05 9.997E-05 9.997E-05 0.9996 9.997E-05
9.997E-05 9.997E-05 9.997E-05 0.9996 9.997E-05
9.997E-05 9.997E-05 9.997E-05 9.997E-05 0.9996
0.0428743 0.297582 0.049547 0.0280965 0.5819
0.00150457 0.976276 0.0220199 9.9982E-05 9.9982E-05
0.9996 9.997E-05 9.997E-05 9.997E-05 9.997E-05
9.9973E-05 0.94045 9.9973E-05 9.9973E-05 0.0592502
0.757178 0.142098 0.0238721 0.0343661 0.0424856
0.0154448 0.912259 0.0030561 0.0227391 0.0465005
0.0806928 0.672083 0.151197 0.0680982 0.0279294
9.9982E-05 0.98386 9.9982E-05 0.00712063 0.00881922
0.0802204 0.644623 0.119584 0.052567 0.103006
0.0697883 0.682445 0.136829 0.0656149 0.0453224
0.071437 0.745868 0.0721113 0.0467314 0.0638521
0.0767631 0.735361 0.101348 0.0540487 0.032479
0.0731159 0.703899 0.0626915 0.0494705 0.110824
0.0894186 0.683472 0.0822825 0.0662473 0.0785794
9.9991E-05 0.109816 0.847388 0.0211001 0.021596
0.0543723 0.802162 0.0621113 0.0342871 0.0470669
0.0320881 0.0002373 0.947337 0.00549647 0.0148412
0.0529556 0.841674 0.06318 0.0181991 0.0239915
0.00171808 0.0206984 0.00840652 0.954384 0.0147931
9.997E-05 9.997E-05 9.997E-05 0.9996 9.997E-05
9.997E-05 9.997E-05 9.997E-05 9.997E-05 0.9996
0.005732 0.054679 0.00483533 0.00590347 0.92885
9.997E-05 0.9996 9.997E-05 9.997E-05 9.997E-05
0.9996 9.997E-05 9.997E-05 9.997E-05 9.997E-05
9.9982E-05 0.937946 0.00317466 9.9982E-05 0.0586789
0.9996 9.997E-05 9.997E-05 9.997E-05 9.997E-05
0.0148829 0.913281 9.9991E-05 0.0196529 0.0520828
0.108161 0.674469 0.077484 0.0760272 0.0638592
0.0072592 0.982301 9.9991E-05 0.00397656 0.00636371
0.0851584 0.645328 0.123826 0.0401291 0.105559
0.0871367 0.666188 0.132034 0.0530495 0.0615921
0.0640024 0.763512 0.0689607 0.0517753 0.0517498
0.0863129 0.734922 0.0962484 0.0336207 0.0488963
0.0343508 0.816695 0.0630187 0.00754308 0.078392
0.103778 0.658948 0.0833794 0.073189 0.0807057
0.00406957 0.12589 0.817118 0.0222779 0.0306448
0.0587789 0.807342 0.0569206 0.0224067 0.0545518
9.997E-05 9.997E-05 0.9996 9.997E-05 9.997E-05
0.049554 0.841738 0.0693093 0.020815 0.018584
9.9991E-05 0.00839681 0.0137913 0.967399 0.0103127
0.00124441 0.00238495 9.9982E-05 0.996171 9.9982E-05
9.997E-05 9.997E-05 9.997E-05 9.997E-05 0.9996
9.997E-05 9.997E-05 9.997E-05 9.997E-05 0.9996
9.997E-05 0.9996 9.997E-05 9.997E-05 9.997E-05
0.979882 0.0100282 0.00200254 9.9991E-05 0.00798757
0.059018 0.741165 0.0685586 0.0512372 0.0800212
0.971272 0.0217841 9.9982E-05 9.9982E-05 0.00674382
0.00171582 0.957399 0.00503547 0.00688148 0.0289685
0.0642059 0.636017 0.170145 0.0767968 0.0528352
0.0838281 0.636811 0.119424 0.0561106 0.103827
0.103057 0.669613 0.110269 0.0660872 0.0509733
0.071566 0.761339 0.0577521 0.0528324 0.05651
0.0949117 0.733996 0.0880499 0.0427389 0.0403038
0.0290253 0.791894 0.089436 0.0146303 0.0750148
0.0411769 0.78978 0.0689618 0.0104595 0.089622
0.120758 0.693781 0.0807905 0.035851 0.0688201
9.9991E-05 0.0822562 0.858839 0.0289 0.0299049
0.0463321 0.839942 0.057932 0.0120415 0.0437527
9.997E-05 9.997E-05 0.9996 9.997E-05 9.997E-05
0.0642006 0.842123 0.053596 0.0185697 0.0215106
9.9973E-05 9.9973E-05 0.000791376 0.998909 9.9973E-05
0.00476058 0.0168217 9.9982E-05 9.9982E-05 0.978218
9.997E-05 0.9996 9.997E-05 9.997E-05 9.997E-05
0.045388 0.823552 0.027349 0.0443142 0.0593972
0.0565715 0.708784 0.0671026 0.069383 0.0981585
0.9996 9.997E-05 9.997E-05 9.997E-05 9.997E-05
9.9982E-05 0.938099 0.00490627 9.9982E-05 0.0567947
0.871504 0.0804239 0.0199677 0.0128232 0.0152814
9.9982E-05 0.977694 0.00247128 9.9982E-05 0.0196344
0.0634889 0.642434 0.157097 0.0618676 0.0751127
0.0837957 0.636937 0.120995 0.0522487 0.106024
0.0794014 0.657881 0.129236 0.0707621 0.0627194
0.0690399 0.764465 0.10665 0.0328778 0.0269675
0.0803178 0.759854 0.075471 0.0530173 0.0313403
0.0367501 0.80884 0.0613763 0.00386227 0.0891712
0.0611652 0.725958 0.0761673 0.0338478 0.102862
0.104513 0.704123 0.0736975 0.0419737 0.0756923
0.0160986 0.136542 0.795467 0.0206499 0.0312418
0.0564517 0.818917 0.058894 0.0140581 0.0516794
9.997E-05 9.997E-05 0.9996 9.997E-05 9.997E-05
9.997E-05 9.997E-05 9.997E-05 0.9996 9.997E-05
