9.998E-05 0.9997 9.998E-05 9.998E-05
0.00324389 0.00823889 0.0272282 0.961289
0.0135211 0.0023241 0.0292522 0.954903
9.998E-05 9.998E-05 0.9997 9.998E-05
9.998E-05 9.998E-05 0.9997 9.998E-05
0.0727795 0.0734075 0.738853 0.11496
0.9997 9.998E-05 9.998E-05 9.998E-05
9.999E-05 0.000703826 0.906162 0.0930343
0.0811288 0.0747551 0.788446 0.0556705
0.0269612 0.0222091 0.886579 0.0642502
0.0863125 0.0821037 0.757854 0.0737302
0.102748 0.0588172 0.721318 0.117117
0.099125 0.055888 0.807362 0.0376253
0.0861717 0.0332183 0.861859 0.0187509
0.556043 0.0234048 0.368417 0.052135
0.0367307 0.0210928 0.867989 0.0741878
0.0483776 0.019446 0.825767 0.10641
0.103798 0.0729138 0.725521 0.0977675
9.9991E-05 0.00761809 0.960047 0.0322348
0.0746827 0.0640333 0.775917 0.0853666
9.998E-05 9.998E-05 0.9997 9.998E-05
0.0660677 0.039969 0.86167 0.032293
0.0233992 0.925765 0.0361216 0.0147147
9.998E-05 9.998E-05 9.998E-05 0.9997
0.0169346 0.0111743 0.03822 0.933671
9.998E-05 9.998E-05 0.9997 9.998E-05
0.9997 9.998E-05 9.998E-05 9.998E-05
9.9991E-05 0.0042171 0.914566 0.0811167
0.934002 0.00919162 0.0492611 0.00754511
9.9991E-05 0.00601195 0.897263 0.0966252
0.0747778 0.058134 0.826722 0.0403666
0.0169905 0.0261321 0.906642 0.0502356
0.11922 0.0943744 0.67314 0.113266
0.0947606 0.0513951 0.837187 0.0166573
0.0854169 0.02787 0.871607 0.0151058
0.0909655 0.0792772 0.74894 0.0808174
0.0431145 0.0224605 0.866563 0.067862
0.0817434 0.0484954 0.789147 0.0806141
0.0692604 0.0347689 0.841955 0.0540158
9.998E-05 9.998E-05 0.9997 9.998E-05
0.0706026 0.0621922 0.806185 0.0610202
9.998E-05 0.9997 9.998E-05 9.998E-05
0.00949192 0.954076 0.0292883 0.00714346
9.998E-05 9.998E-05 9.998E-05 0.9997
0.00963681 0.0296918 0.065584 0.895087
9.9982E-05 0.00185916 0.997941 9.9982E-05
0.9997 9.998E-05 9.998E-05 9.998E-05
0.0398369 0.0489435 0.838898 0.0723216
0.9997 9.998E-05 9.998E-05 9.998E-05
0.0334214 0.0509386 0.842343 0.0732967
0.0848781 0.0804621 0.801886 0.0327742
0.0217157 0.0255333 0.88621 0.0665414
0.0755215 0.0769007 0.779747 0.0678304
0.0967549 0.0566222 0.800338 0.0462853
0.0760174 0.0483296 0.845585 0.0300682
0.0968854 0.0785213 0.726675 0.097918
0.0316616 0.0157313 0.876456 0.0761512
0.0503258 0.0424771 0.834956 0.0722412
0.0683904 0.0540998 0.810762 0.0667477
9.998E-05 9.998E-05 0.9997 9.998E-05
0.0551273 0.0328576 0.853819 0.0581959
9.9982E-05 0.986862 9.9982E-05 0.0129375
0.00743831 0.955746 0.0354602 0.00135565
9.998E-05 9.998E-05 9.998E-05 0.9997
0.0392988 0.0409632 0.327881 0.591857
0.000466478 0.0184899 0.980944 9.9991E-05
0.986633 0.00282741 0.00872995 0.00180989
0.00162956 0.0226459 0.873851 0.101874
0.857323 0.0170197 0.0952809 0.0303767
0.0335734 0.0405651 0.851971 0.0738908
0.0920367 0.0767649 0.778845 0.0523537
0.0135503 0.0291235 0.899929 0.0573976
0.0800237 0.0775665 0.781026 0.0613838
0.103417 0.0630581 0.777145 0.0563794
0.0796949 0.0218697 0.878469 0.0199669
0.0482221 0.0270638 0.818104 0.10661
0.100059 0.0826081 0.729153 0.0881796
0.0587319 0.0644045 0.802899 0.0739642
0.0694199 0.0439253 0.813979 0.0726754
9.998E-05 9.998E-05 0.9997 9.998E-05
0.061236 0.0489255 0.813966 0.0758728
9.998E-05 0.9997 9.998E-05 9.998E-05
9.998E-05 0.9997 9.998E-05 9.998E-05
9.998E-05 9.998E-05 9.998E-05 0.9997
0.0398102 0.0319687 0.333299 0.594922
0.0133685 0.0104617 0.97607 9.9991E-05
0.9997 9.998E-05 9.998E-05 9.998E-05
9.9982E-05 9.9982E-05 0.903491 0.0963092
0.753038 0.0357428 0.167288 0.0439313
0.0208864 0.0518793 0.859891 0.0673429
0.0758663 0.0746862 0.810576 0.0388719
0.0218962 0.0266242 0.906269 0.0452105
0.0942967 0.0629597 0.727744 0.114999
0.0636077 0.067721 0.809199 0.0594721
0.088046 0.0620006 0.783674 0.066279
0.0973815 0.0610046 0.794992 0.046622
0.06676 0.0491042 0.765121 0.119014
0.0962109 0.0840185 0.729697 0.0900739
9.9982E-05 9.9982E-05 0.975649 0.0241512
0.0798152 0.0415951 0.834442 0.0441472
9.9982E-05 9.9982E-05 0.99335 0.00645
0.0665012 0.0319054 0.88009 0.0215038
0.00557456 0.959797 0.0127514 0.0218767
9.998E-05 0.9997 9.998E-05 9.998E-05
9.998E-05 9.998E-05 9.998E-05 0.9997
0.00930423 0.00828368 0.056474 0.925938
9.9982E-05 0.0112258 0.988574 9.9982E-05
0.9997 9.998E-05 9.998E-05 9.998E-05
9.9982E-05 9.9982E-05 0.904879 0.0949212
0.9997 9.998E-05 9.998E-05 9.998E-05
0.0264713 0.0416438 0.87256 0.059325
0.129621 0.0888237 0.707237 0.0743187
0.0290149 0.0349098 0.882906 0.0531693
0.0923822 0.0480803 0.742786 0.116751
0.087407 0.0707971 0.7639 0.0778962
0.0721981 0.0710583 0.802122 0.0546212
0.0928889 0.0478914 0.810846 0.0483741
0.0387448 0.0137083 0.843608 0.103939
0.106691 0.0789675 0.719065 0.0952767
9.9991E-05 0.000342259 0.975348 0.0242094
0.0636451 0.0355879 0.830181 0.0705858
9.998E-05 9.998E-05 0.9997 9.998E-05
0.0593366 0.0313058 0.887534 0.0218234
9.9991E-05 0.954828 0.0358278 0.00924387
0.0012348 0.998565 9.9982E-05 9.9982E-05
9.998E-05 9.998E-05 9.998E-05 0.9997
9.998E-05 9.998E-05 9.998E-05 0.9997
0.00483812 0.0100473 0.985015 9.9991E-05
0.981643 0.00741226 0.00691463 0.00403003
0.0607578 0.0726311 0.777746 0.088865
0.972572 9.9991E-05 0.00744523 0.0198825
0.0364421 0.0352828 0.872322 0.0559529
0.0633685 0.0841773 0.794152 0.0583026
0.0931224 0.0519318 0.739403 0.115543
0.0988408 0.0820461 0.767864 0.0512493
0.07555 0.0797345 0.79796 0.0467558
0.105499 0.0597618 0.796314 0.0384255
0.0397217 0.0255388 0.867546 0.067193
0.0381537 0.0266053 0.835129 0.100112
0.126453 0.0594932 0.73871 0.075344
9.9982E-05 9.9982E-05 0.977485 0.0223151
0.0601889 0.0221901 0.860444 0.0571771
9.998E-05 9.998E-05 0.9997 9.998E-05
0.066989 0.0404881 0.869893 0.0226304
9.998E-05 0.9997 9.998E-05 9.998E-05
0.0110412 0.0123947 0.000850099 0.975714
9.998E-05 9.998E-05 0.9997 9.998E-05
0.05121 0.0553926 0.821645 0.0717526
0.0685229 0.0791129 0.748585 0.103779
0.9997 9.998E-05 9.998E-05 9.998E-05
9.9991E-05 0.00824661 0.910784 0.0808699
0.868414 0.0169154 0.0797105 0.0349601
0.0174405 0.0184572 0.903724 0.0603782
0.080207 0.0679371 0.7766 0.0752556
0.0917487 0.0592002 0.734205 0.114846
0.0935733 0.0702007 0.760468 0.0757577
0.0799395 0.0453043 0.83856 0.0361966
0.0935096 0.0615031 0.811612 0.033375
0.042142 0.0262246 0.852186 0.0794474
0.0575888 0.0422643 0.783559 0.116588
0.117057 0.0574152 0.762332 0.0631958
0.00467344 0.00842689 0.953424 0.0334756
0.0654327 0.0362284 0.845548 0.0527907
9.998E-05 9.998E-05 0.9997 9.998E-05
9.998E-05 0.9997 9.998E-05 9.998E-05
