9.994E-05 0.9993 9.994E-05 9.994E-05 9.994E-05 9.994E-05 9.994E-05 9.994E-05
0.954455 9.9964E-05 0.0151519 9.9964E-05 0.0154429 0.0145502 9.9964E-05 9.9964E-05
0.938398 0.0028734 0.0425912 0.00540384 0.0104333 9.9973E-05 9.9973E-05 9.9973E-05
9.994E-05 9.994E-05 9.994E-05 9.994E-05 9.994E-05 9.994E-05 0.9993 9.994E-05
9.994E-05 9.994E-05 9.994E-05 9.994E-05 9.994E-05 9.994E-05 0.9993 9.994E-05
0.054979 0.0667257 0.295397 0.0314459 0.0430985 0.054421 0.0470907 0.406842
9.994E-05 9.994E-05 9.994E-05 9.994E-05 9.994E-05 0.9993 9.994E-05 9.994E-05
9.994E-05 9.994E-05 9.994E-05 9.994E-05 9.994E-05 9.994E-05 9.994E-05 0.9993
0.0412913 0.0584854 0.650514 0.095921 0.0193881 0.0455291 0.0273528 0.0615187
0.0153477 9.9973E-05 9.9973E-05 0.00556755 0.975987 0.00053253 0.00226547 9.9973E-05
0.0529171 0.0667496 0.533512 0.0888884 0.0677135 0.0551178 0.0619084 0.0731929
0.101421 0.0518982 0.491382 0.0917251 0.0586153 0.0715036 0.0514083 0.0820466
9.9973E-05 0.0150373 0.948846 9.9973E-05 9.9973E-05 0.0234217 0.00290733 0.00948737
9.9946E-05 9.9946E-05 0.997692 9.9946E-05 9.9946E-05 0.00170838 9.9946E-05 9.9946E-05
0.0257049 0.0138773 0.364271 9.9991E-05 0.0422925 0.529954 0.00511938 0.0186816
0.0395406 0.00587126 0.802556 0.0216041 0.0506275 9.9991E-05 0.0165997 0.0631004
0.0609225 9.9991E-05 0.80032 0.00615827 0.0559819 0.0036376 0.0250575 0.0478224
0.0688139 0.0597765 0.596979 0.0608433 0.0298804 0.0694676 0.0582212 0.0560176
0.0416165 0.0300265 0.0889941 0.790302 0.0285831 0.00158795 0.018404 0.000486372
0.0288831 0.0428105 0.765804 0.0407459 0.0144873 0.028559 0.0494953 0.0292152
0.0029906 9.99724E-05 9.99724E-05 0.98804 9.99724E-05 0.00312895 9.99724E-05 0.00544036
0.00695359 0.00309857 0.967212 0.00633438 0.00119853 9.9991E-05 0.00852954 0.0065736
0.00760614 0.921663 0.0582602 9.9973E-05 9.9973E-05 0.00986003 0.00231027 9.9973E-05
0.9993 9.994E-05 9.994E-05 9.994E-05 9.994E-05 9.994E-05 9.994E-05 9.994E-05
0.919475 0.0125383 0.0404632 9.9982E-05 0.0141156 0.00775562 0.00545266 9.9982E-05
9.994E-05 9.994E-05 9.994E-05 9.994E-05 9.994E-05 9.994E-05 0.9993 9.994E-05
9.994E-05 9.994E-05 9.994E-05 9.994E-05 9.994E-05 0.9993 9.994E-05 9.994E-05
9.994E-05 9.994E-05 9.994E-05 9.994E-05 9.994E-05 9.994E-05 9.994E-05 0.9993
0.00447051 0.00848437 0.0225771 9.9991E-05 0.011167 0.937561 0.00509124 0.0105488
9.994E-05 9.994E-05 9.994E-05 9.994E-05 9.994E-05 9.994E-05 9.994E-05 0.9993
0.0114286 0.0479939 0.704821 0.0999904 0.00534142 0.0430451 0.0291142 0.0582656
9.994E-05 9.994E-05 9.994E-05 9.994E-05 0.9993 9.994E-05 9.994E-05 9.994E-05
0.0946584 0.0897842 0.390386 0.102772 0.0584685 0.103871 0.0701128 0.0899462
9.9973E-05 0.013598 0.952407 9.9973E-05 9.9973E-05 0.0285852 0.00092758 0.0041823
9.9946E-05 9.9946E-05 0.991664 9.9946E-05 9.9946E-05 0.00773597 9.9946E-05 9.9946E-05
0.0604639 0.0583568 0.666498 0.0557159 0.0470787 0.0446455 0.029942 0.0372996
0.0362196 0.00016989 0.799457 0.02772 0.0605975 9.9991E-05 0.028647 0.0470889
0.041143 0.029468 0.638298 0.0577489 0.0422942 0.0502039 0.049646 0.0911978
0.00997518 0.00995375 0.941497 0.0087322 0.0105374 0.00634965 0.00157405 0.011381
9.994E-05 9.994E-05 9.994E-05 0.9993 9.994E-05 9.994E-05 9.994E-05 9.994E-05
0.0241847 0.0303231 0.82655 0.0347024 0.0151851 0.00143963 0.0165505 0.0510647
9.994E-05 0.9993 9.994E-05 9.994E-05 9.994E-05 9.994E-05 9.994E-05 9.994E-05
9.9973E-05 0.948717 0.035554 0.00176168 9.9973E-05 0.00449253 0.00917449 9.9973E-05
0.9993 9.994E-05 9.994E-05 9.994E-05 9.994E-05 9.994E-05 9.994E-05 9.994E-05
0.878788 0.00686232 0.0632025 0.0103059 0.00937318 0.00288668 0.00714783 0.0214334
9.994E-05 9.994E-05 9.994E-05 9.994E-05 9.994E-05 9.994E-05 0.9993 9.994E-05
9.9946E-05 9.9946E-05 9.9946E-05 0.00305594 9.9946E-05 0.996344 9.9946E-05 9.9946E-05
0.0219577 0.0285705 0.283497 0.000996379 0.0290693 0.0145285 0.0232239 0.598156
9.994E-05 9.994E-05 9.994E-05 9.994E-05 9.994E-05 0.9993 9.994E-05 9.994E-05
0.016949 0.0412878 0.275647 9.9991E-05 0.0313796 0.01739 0.0166417 0.600605
0.0226592 0.0537994 0.661734 0.0989932 0.0155421 0.0547443 0.0305374 0.0619903
0.00541997 0.00543065 9.9991E-05 0.00161758 0.977331 0.00133811 0.00377263 0.00498977
0.0431913 0.0556697 0.60806 0.100124 0.0423562 0.045853 0.0479473 0.056799
0.00792958 0.0187162 0.93419 0.00291485 9.9991E-05 0.0188982 0.0120375 0.00521393
9.9982E-05 0.0112568 0.975779 0.00343752 9.9982E-05 0.00600235 0.00187185 0.00145264
0.0593619 0.0579354 0.610423 0.0458452 0.0690259 0.0562416 0.0489133 0.0522535
0.042623 9.9982E-05 0.80053 0.0353338 0.0487552 9.9982E-05 0.0155865 0.0569713
0.0637598 0.0506196 0.301506 0.404319 0.044518 0.0439251 0.03716 0.0541923
0.0438656 0.0140857 0.864965 0.0162199 0.0133797 0.0236611 0.00119167 0.0226317
9.994E-05 9.994E-05 9.994E-05 0.9993 9.994E-05 9.994E-05 9.994E-05 9.994E-05
9.994E-05 9.994E-05 0.9993 9.994E-05 9.994E-05 9.994E-05 9.994E-05 9.994E-05
0.00725805 0.985239 9.9964E-05 0.00465623 9.9964E-05 9.9964E-05 9.9964E-05 0.00244684
9.9964E-05 0.949585 0.0330005 9.9964E-05 9.9964E-05 0.0076372 0.00937737 9.9964E-05
0.9993 9.994E-05 9.994E-05 9.994E-05 9.994E-05 9.994E-05 9.994E-05 9.994E-05
0.585536 0.0317734 0.210257 0.0274971 0.026777 0.0291991 0.0345631 0.054397
9.9973E-05 0.00611855 0.0108542 9.9973E-05 0.00280752 9.9973E-05 0.974632 0.00528752
9.9973E-05 0.0078611 9.9973E-05 9.9973E-05 0.00471479 0.972235 0.00451301 0.0103757
0.00252682 9.9973E-05 9.9973E-05 0.00578479 0.00739213 9.9973E-05 0.00262056 0.981376
0.0273256 0.0203707 0.0309848 0.0287123 0.0110947 0.849564 0.0154296 0.0165188
0.0147403 0.0274496 0.293627 9.9991E-05 0.0235137 0.00219988 0.00201609 0.636353
0.0336433 0.0691142 0.612372 0.0989418 0.0307367 0.0449897 0.0457609 0.0644411
9.994E-05 9.994E-05 9.994E-05 9.994E-05 0.9993 9.994E-05 9.994E-05 9.994E-05
0.0489339 0.0584072 0.606892 0.106761 0.04486 0.0425222 0.0382177 0.0534061
0.0323853 0.039971 0.768921 0.0420431 0.0118807 0.043061 0.0264509 0.0352873
9.994E-05 9.994E-05 0.9993 9.994E-05 9.994E-05 9.994E-05 9.994E-05 9.994E-05
0.0680405 0.00495494 0.792133 0.0259475 0.037682 0.00254542 0.021221 0.0474753
0.0545155 0.0615674 0.595792 0.0490997 0.0637311 0.0640228 0.0610766 0.0501953
0.0604325 0.0577359 0.328507 0.352109 0.0492436 0.0450316 0.0436515 0.0632887
0.0194312 0.0124944 0.943138 0.0133294 0.000332842 0.00417996 0.0056062 0.00148814
9.994E-05 9.994E-05 9.994E-05 0.9993 9.994E-05 9.994E-05 9.994E-05 9.994E-05
0.0226342 0.0205159 0.890269 0.0137814 0.00912366 0.00458304 0.0104335 0.028659
9.9946E-05 0.997357 9.9946E-05 0.00204307 9.9946E-05 9.9946E-05 9.9946E-05 9.9946E-05
9.994E-05 0.9993 9.994E-05 9.994E-05 9.994E-05 9.994E-05 9.994E-05 9.994E-05
0.9993 9.994E-05 9.994E-05 9.994E-05 9.994E-05 9.994E-05 9.994E-05 9.994E-05
0.565864 0.0404076 0.215718 0.0382959 0.028971 0.0259576 0.0278598 0.0569259
0.0181642 0.00288248 0.0813052 0.0238145 0.0152652 0.0178675 0.83252 0.0081806
9.994E-05 9.994E-05 9.994E-05 9.994E-05 9.994E-05 0.9993 9.994E-05 9.994E-05
9.994E-05 9.994E-05 9.994E-05 9.994E-05 9.994E-05 9.994E-05 9.994E-05 0.9993
0.0368273 0.0349658 0.0846868 0.0263563 0.0163651 0.742333 0.0269892 0.0314764
0.0182889 0.0254763 0.280405 9.9991E-05 0.0270414 0.00603425 0.0105189 0.632135
0.0221706 0.0509839 0.682538 0.100287 0.0111268 0.0388726 0.0300106 0.0640098
9.994E-05 9.994E-05 9.994E-05 9.994E-05 0.9993 9.994E-05 9.994E-05 9.994E-05
0.0881524 0.0396118 0.540572 0.0674383 0.0651968 0.0624989 0.0610297 0.0755006
0.0246949 0.0566576 0.649264 0.0925432 0.0483983 0.0310846 0.042388 0.0549693
0.0356229 0.0342074 0.801586 0.0358951 0.026989 0.0230081 0.0334342 0.00925725
0.00936879 0.0279073 0.836972 0.0266864 0.021805 0.0405865 0.0150754 0.0215989
0.0812897 0.0306676 0.619957 0.0445279 0.0596613 0.035709 0.0428305 0.085357
0.0615763 0.0643758 0.597331 0.0473293 0.0576372 0.0630011 0.0636472 0.0451019
0.0292737 0.0145056 0.0801797 0.825656 0.0242989 0.0029431 0.0172796 0.00586324
0.0183078 0.0074145 0.947179 0.00446136 0.00244161 0.0104087 0.00369721 0.00608949
0.010308 0.011406 0.0108895 0.948018 9.9991E-05 0.0154966 0.00342761 0.000354145
9.994E-05 9.994E-05 0.9993 9.994E-05 9.994E-05 9.994E-05 9.994E-05 9.994E-05
0.0135452 0.95498 9.9982E-05 0.0131363 0.00554982 0.00278464 9.9982E-05 0.00980389
9.994E-05 0.9993 9.994E-05 9.994E-05 9.994E-05 9.994E-05 9.994E-05 9.994E-05
0.9993 9.994E-05 9.994E-05 9.994E-05 9.994E-05 9.994E-05 9.994E-05 9.994E-05
0.920217 0.00841153 0.0436278 0.00570303 0.00537599 0.0116512 0.00491307 9.9991E-05
9.994E-05 9.994E-05 9.994E-05 9.994E-05 9.994E-05 9.994E-05 0.9993 9.994E-05
9.994E-05 9.994E-05 9.994E-05 9.994E-05 9.994E-05 0.9993 9.994E-05 9.994E-05
9.994E-05 9.994E-05 9.994E-05 9.994E-05 9.994E-05 9.994E-05 9.994E-05 0.9993
9.994E-05 9.994E-05 9.994E-05 9.994E-05 9.994E-05 0.9993 9.994E-05 9.994E-05
0.00890048 0.0186503 0.275545 9.9991E-05 0.0363943 0.00418951 0.00989238 0.646328
0.058566 0.0623615 0.618053 0.0492681 0.0566406 0.0785101 0.0410916 0.0355087
9.99682E-05 9.99682E-05 0.00577099 9.99682E-05 0.976516 0.0119582 0.00535447 9.99682E-05
0.0977189 0.0421972 0.525841 0.0794589 0.0655749 0.0594081 0.0576042 0.0721964
0.0538066 0.0532391 0.580524 0.0908567 0.0331427 0.0570144 0.0554635 0.0759529
0.0310388 0.0296916 0.828675 0.0185852 0.0137599 0.0201871 0.0359925 0.0220694
0.0130861 0.0117268 0.863978 0.0416734 0.00820157 0.0339389 0.00697169 0.0204234
0.055243 9.9982E-05 0.826801 0.00681056 0.0585537 9.9982E-05 0.0160826 0.0363095
0.0712024 0.0653107 0.567034 0.0608867 0.0657438 0.0733821 0.0477849 0.0486553
0.0324214 0.0168016 0.0749925 0.821073 0.0110192 0.00325769 0.0263291 0.014106
0.0112971 9.9946E-05 0.988103 9.9946E-05 9.9946E-05 9.9946E-05 9.9946E-05 9.9946E-05
9.994E-05 9.994E-05 9.994E-05 0.9993 9.994E-05 9.994E-05 9.994E-05 9.994E-05
9.994E-05 9.994E-05 0.9993 9.994E-05 9.994E-05 9.994E-05 9.994E-05 9.994E-05
0.00839642 0.958716 9.9973E-05 0.0182705 0.00852963 9.9973E-05 9.9973E-05 0.00578748
9.9946E-05 0.996615 9.9946E-05 9.9946E-05 9.9946E-05 9.9946E-05 0.00278525 9.9946E-05
0.9993 9.994E-05 9.994E-05 9.994E-05 9.994E-05 9.994E-05 9.994E-05 9.994E-05
0.9993 9.994E-05 9.994E-05 9.994E-05 9.994E-05 9.994E-05 9.994E-05 9.994E-05
0.00507285 0.00412732 9.9973E-05 0.0103995 9.9973E-05 9.9973E-05 0.972232 0.00786792
9.9955E-05 9.9955E-05 0.010801 9.9955E-05 9.9955E-05 0.978256 9.9955E-05 0.0104434
0.0495274 0.0558185 0.316523 0.0564436 0.0223162 0.0414885 0.0592201 0.398662
0.00730006 9.99789E-05 0.0144804 9.99789E-05 0.00568668 0.965147 9.99789E-05 0.00708555
0.00201297 0.00605036 9.9955E-05 9.9955E-05 0.991437 9.9955E-05 9.9955E-05 9.9955E-05
0.0463107 0.0586954 0.603467 0.125579 0.046892 0.0295635 0.0233292 0.0661629
0.0977757 0.0395673 0.537176 0.0766604 0.0632781 0.0496753 0.0603412 0.0755265
0.0345091 0.0729871 0.567125 0.0801085 0.0308612 0.0676006 0.0675551 0.0792537
0.0303073 0.0427897 0.807884 0.0204208 0.00985547 0.0241483 0.0422588 0.0223357
0.0169667 0.0424691 0.747873 0.0377348 0.0251962 0.053508 0.028554 0.0476978
0.0411733 0.00438622 0.781308 0.0421186 0.0553137 9.9991E-05 0.028564 0.0470365
0.0529839 9.9982E-05 0.820537 0.024481 0.04604 9.9982E-05 0.0141319 0.0416266
0.0521131 0.0247322 0.653631 0.037215 0.0332233 0.0926372 0.0641549 0.0422937
0.0246308 0.0156164 0.0631357 0.840189 0.0163294 9.9991E-05 0.0236251 0.0163736
9.994E-05 9.994E-05 0.9993 9.994E-05 9.994E-05 9.994E-05 9.994E-05 9.994E-05
9.994E-05 9.994E-05 9.994E-05 0.9993 9.994E-05 9.994E-05 9.994E-05 9.994E-05
9.9946E-05 9.9946E-05 0.992287 9.9946E-05 9.9946E-05 9.9946E-05 0.00711312 9.9946E-05
9.9955E-05 0.995247 9.9955E-05 9.9955E-05 0.00152222 9.9955E-05 9.9955E-05 0.00273059
0.952269 0.00861708 0.0249266 9.9964E-05 0.0137874 9.9964E-05 9.9964E-05 9.9964E-05
9.994E-05 9.994E-05 9.994E-05 9.994E-05 9.994E-05 9.994E-05 0.9993 9.994E-05
0.061903 0.044998 0.299522 0.00613142 0.0264472 0.0449151 0.485826 0.0302575
0.0650483 0.0634431 0.407536 0.0478855 0.0358291 0.0398836 0.0362762 0.304098
9.994E-05 9.994E-05 9.994E-05 9.994E-05 9.994E-05 0.9993 9.994E-05 9.994E-05
9.994E-05 9.994E-05 9.994E-05 9.994E-05 9.994E-05 9.994E-05 9.994E-05 0.9993
0.0165069 0.0153232 0.0387008 0.0219908 0.0270023 0.86157 0.00556623 0.0133397
9.994E-05 9.994E-05 9.994E-05 9.994E-05 0.9993 9.994E-05 9.994E-05 9.994E-05
0.0520984 0.0494374 0.569957 0.119778 0.047154 0.0450599 0.0495435 0.0669713
0.0947515 0.0527873 0.498831 0.0841913 0.0718936 0.0722885 0.0477291 0.0775277
0.0437904 0.0590445 0.602003 0.073648 0.0435 0.053154 0.0471973 0.0776629
9.99918E-05 0.013508 0.819249 0.037532 0.0218782 0.0233635 0.0392307 0.0451388
0.0029234 0.031691 0.883738 0.00240444 0.0241301 0.0333172 9.9991E-05 0.0216956
0.0464216 9.9991E-05 0.764188 0.0301107 0.0628525 0.00576241 0.0236455 0.0669196
0.0648492 0.0200308 0.724489 0.0397265 0.053975 0.00670179 0.0377922 0.0524353
0.0491289 0.0288126 0.650234 0.0387378 0.0414379 0.0754382 0.0599807 0.0562296
0.031565 0.0213069 0.0858123 0.791052 0.0228311 0.00532782 0.0373893 0.00471589
0.00813941 9.99459E-05 0.991261 9.99459E-05 9.99459E-05 9.99459E-05 9.99459E-05 9.99459E-05
9.994E-05 9.994E-05 9.994E-05 0.9993 9.994E-05 9.994E-05 9.994E-05 9.994E-05
9.994E-05 0.9993 9.994E-05 9.994E-05 9.994E-05 9.994E-05 9.994E-05 9.994E-05
