9.997E-05 9.997E-05 9.997E-05 0.9996 9.997E-05
9.999E-05 0.00741535 0.949037 0.00415286 0.0392945
0.00709958 0.00723597 0.946054 9.9991E-05 0.0395106
9.997E-05 9.997E-05 9.997E-05 9.997E-05 0.9996
9.997E-05 9.997E-05 9.997E-05 9.997E-05 0.9996
0.0510968 0.0607721 0.0927289 0.0672839 0.728118
9.997E-05 0.9996 9.997E-05 9.997E-05 9.997E-05
9.9973E-05 9.9973E-05 0.0395886 9.9973E-05 0.960112
0.13262 0.0914455 0.0506124 0.0760977 0.649224
9.9982E-05 0.00356619 0.0445149 9.9982E-05 0.951719
0.125467 0.0865034 0.0906098 0.070564 0.626856
0.117544 0.0957657 0.114529 0.0661157 0.606045
0.0531748 0.0822264 0.0198247 0.042375 0.802399
0.0711772 0.0873461 0.0106199 0.0256972 0.80516
0.029565 0.556483 0.0388298 0.0174127 0.357709
0.0639656 0.0455344 0.0537603 0.00874456 0.827995
0.0809629 0.0360796 0.0934838 9.9991E-05 0.789374
0.0965593 0.104354 0.0904667 0.0689789 0.639641
0.806008 0.00614848 0.0301291 0.0216882 0.136026
0.0981314 0.0711562 0.0802062 0.0533972 0.697109
0.992105 9.9973E-05 0.00759557 9.9973E-05 9.9973E-05
0.0725069 0.0555536 0.0284866 0.0220831 0.82137
0.002452 0.0250172 0.00305427 0.929279 0.0401976
9.997E-05 9.997E-05 0.9996 9.997E-05 9.997E-05
9.9991E-05 0.0145949 0.925812 0.0183735 0.0411193
9.997E-05 9.997E-05 9.997E-05 9.997E-05 0.9996
9.997E-05 0.9996 9.997E-05 9.997E-05 9.997E-05
0.0102765 9.9982E-05 0.0476842 9.9982E-05 0.941839
0.00596546 0.934334 0.0138129 0.00966104 0.0362269
0.0144575 9.9991E-05 0.0497242 0.000560828 0.935157
0.127712 0.0762567 0.0279067 0.0530356 0.715089
9.9973E-05 9.9973E-05 0.033897 9.9973E-05 0.965803
0.129181 0.118781 0.0966046 0.0893134 0.56612
0.0514318 0.0910983 0.0077019 0.0295162 0.820252
0.0745847 0.0961373 0.0180925 0.0221713 0.789014
0.0886621 0.0804741 0.071309 0.0661055 0.693449
0.0635124 0.0334178 0.0452461 0.0155859 0.842238
0.109351 0.0700261 0.0584602 0.0489615 0.713201
0.0766729 0.0544151 0.0476975 0.0342989 0.786915
0.9996 9.997E-05 9.997E-05 9.997E-05 9.997E-05
0.09026 0.0552087 0.0663038 0.0562899 0.731937
9.997E-05 9.997E-05 9.997E-05 0.9996 9.997E-05
0.0071925 0.0154383 0.000675305 0.966495 0.0101986
9.997E-05 9.997E-05 0.9996 9.997E-05 9.997E-05
0.0168002 0.00582789 0.880333 0.0120255 0.0850135
9.997E-05 9.997E-05 9.997E-05 9.997E-05 0.9996
9.997E-05 0.9996 9.997E-05 9.997E-05 9.997E-05
0.00286585 0.0182852 0.0529837 0.0293105 0.896555
9.997E-05 0.9996 9.997E-05 9.997E-05 9.997E-05
0.00219132 0.0226476 0.0569828 0.0357085 0.88247
0.136067 0.0963786 0.0296615 0.0706009 0.667292
9.9982E-05 0.00533217 0.0369771 9.9982E-05 0.957491
0.143737 0.0885101 0.06304 0.0602071 0.644506
0.0533952 0.0820413 0.0227322 0.0370357 0.804796
0.0722827 0.0765619 0.0267484 0.0390261 0.785381
0.0722236 0.0821119 0.0978783 0.0718586 0.675928
0.0771728 0.0324589 0.0552011 0.0154 0.819767
0.423821 0.0670046 0.0789948 0.0434745 0.386705
0.0775063 0.0622827 0.0791315 0.0392761 0.741803
0.9996 9.997E-05 9.997E-05 9.997E-05 9.997E-05
0.0636003 0.044975 0.0475877 0.0322351 0.811602
0.00789167 9.9982E-05 0.00352748 0.988381 9.9982E-05
9.9982E-05 0.0152233 9.9982E-05 0.949023 0.0355541
9.997E-05 9.997E-05 0.9996 9.997E-05 9.997E-05
0.0535901 0.0466502 0.578033 0.0379592 0.283768
9.997E-05 9.997E-05 9.997E-05 9.997E-05 0.9996
0.0044236 0.975421 0.00897545 0.00723421 0.00394571
0.0193233 9.9982E-05 0.0718526 9.9982E-05 0.908624
0.0179834 0.849046 0.0125447 0.0167833 0.103643
0.0139292 0.00748743 0.0393837 0.0243264 0.914873
0.132466 0.0925163 0.0509517 0.0808908 0.643175
9.9973E-05 9.9973E-05 0.0305955 9.9973E-05 0.969105
0.142926 0.0779751 0.0607491 0.0687116 0.649638
0.0853615 0.101633 0.044574 0.0581033 0.710328
0.0834992 0.0794101 0.00387231 0.0150816 0.818137
0.0695524 0.0323184 0.096415 0.0127021 0.789012
0.0746022 0.100196 0.0872494 0.0781489 0.659803
0.379648 0.0627137 0.0825751 0.0648656 0.410198
0.0771413 0.0614178 0.0739394 0.0317848 0.755717
0.9996 9.997E-05 9.997E-05 9.997E-05 9.997E-05
0.0802503 0.0482517 0.063912 0.0436199 0.763966
9.997E-05 9.997E-05 9.997E-05 0.9996 9.997E-05
9.997E-05 9.997E-05 9.997E-05 0.9996 9.997E-05
9.997E-05 9.997E-05 0.9996 9.997E-05 9.997E-05
0.0514956 0.0465089 0.580757 0.0309487 0.290289
0.0306122 0.0172156 9.9991E-05 0.00707682 0.944995
9.997E-05 0.9996 9.997E-05 9.997E-05 9.997E-05
0.00676159 9.9982E-05 0.0406332 9.9982E-05 0.952405
0.0226609 0.74801 0.0236955 0.0362502 0.169384
0.00195373 0.00536197 0.0385854 0.0254623 0.928637
0.1359 0.0846802 0.0349429 0.0669038 0.677573
9.9982E-05 9.9982E-05 0.0175109 0.000941682 0.981347
0.109571 0.0846707 0.0979188 0.0542342 0.653605
0.148561 0.0684058 0.0530738 0.0607718 0.669188
0.0680909 0.0804425 0.0671516 0.0558846 0.72843
0.0749948 0.0946445 0.0284192 0.0524196 0.749522
0.0793892 0.072185 0.0891186 0.05012 0.709187
0.0702864 0.0921382 0.0793925 0.0726128 0.68557
0.846063 0.000158172 0.0324198 0.0225695 0.0987893
0.0696828 0.0676453 0.0511282 0.037902 0.773642
0.93026 0.0122753 0.010548 0.0158776 0.0310395
0.070951 0.0532312 0.016603 0.0162487 0.842966
0.00967335 9.9991E-05 0.0228033 0.951302 0.0161214
9.997E-05 9.997E-05 9.997E-05 0.9996 9.997E-05
9.997E-05 9.997E-05 0.9996 9.997E-05 9.997E-05
0.00281349 0.0194548 0.919724 0.00483543 0.0531722
9.997E-05 9.997E-05 9.997E-05 9.997E-05 0.9996
9.997E-05 0.9996 9.997E-05 9.997E-05 9.997E-05
9.9973E-05 9.9973E-05 0.0459312 9.9973E-05 0.953769
9.997E-05 0.9996 9.997E-05 9.997E-05 9.997E-05
9.9991E-05 0.0130089 0.0454958 0.0195151 0.92188
0.0699678 0.110682 0.0727897 0.0697294 0.676831
9.9991E-05 0.00543937 0.0270571 0.00618313 0.96122
0.116424 0.0908589 0.100064 0.0510287 0.641624
0.130482 0.0980431 0.0769325 0.0512809 0.643262
0.0691218 0.071538 0.0557682 0.0529284 0.750644
0.093166 0.0842715 0.0376099 0.0389269 0.746026
0.060799 0.0277465 0.0784723 0.000978117 0.832004
0.0757921 0.111359 0.0939584 0.0687774 0.650113
0.819883 9.9991E-05 0.0277397 0.0246057 0.127672
0.0602424 0.0524874 0.0554777 0.0342485 0.797544
0.9996 9.997E-05 9.997E-05 9.997E-05 9.997E-05
0.0669596 0.0479846 0.00932529 0.0185418 0.857189
0.0141656 0.000223723 0.00723799 0.96739 0.0109823
9.997E-05 9.997E-05 9.997E-05 0.9996 9.997E-05
9.997E-05 9.997E-05 0.9996 9.997E-05 9.997E-05
9.997E-05 9.997E-05 0.9996 9.997E-05 9.997E-05
9.997E-05 9.997E-05 9.997E-05 9.997E-05 0.9996
0.00328884 0.973599 9.9991E-05 0.00976375 0.0132484
0.069831 0.0509837 0.072606 0.054625 0.751954
9.9991E-05 0.969036 0.0180461 0.00245507 0.0103625
9.9982E-05 9.9982E-05 0.0258656 0.0101297 0.963805
0.161698 0.0670423 0.0667972 0.0768948 0.627568
0.117084 0.0853518 0.11409 0.0503659 0.633108
0.104777 0.0974667 0.0529715 0.0838749 0.66091
0.0533729 0.070718 0.050831 0.0636606 0.761418
0.0832871 0.0977254 0.0392211 0.0520732 0.727693
0.08788 0.0339699 0.057899 0.0105073 0.809744
0.0654736 0.0341149 0.0772371 0.00911369 0.814061
0.0705595 0.122296 0.0702679 0.0388915 0.697985
0.865134 9.9991E-05 0.0291296 0.0226256 0.0830104
0.0658168 0.0485178 0.0423843 0.0155942 0.827687
0.9996 9.997E-05 9.997E-05 9.997E-05 9.997E-05
0.0594994 0.0591983 0.0151616 0.0194249 0.846716
9.997E-05 9.997E-05 9.997E-05 0.9996 9.997E-05
9.9991E-05 0.0072812 0.974222 0.00368961 0.0147068
9.997E-05 9.997E-05 9.997E-05 9.997E-05 0.9996
0.0252248 0.0458546 0.0569711 0.0502735 0.821676
0.0648412 0.0556533 0.0853217 0.0707766 0.723407
9.997E-05 0.9996 9.997E-05 9.997E-05 9.997E-05
0.00730815 9.9982E-05 0.0381045 9.9982E-05 0.954387
0.0124735 0.864783 0.0247181 0.012111 0.085914
9.9973E-05 9.9973E-05 0.0214998 9.9973E-05 0.9782
0.152707 0.076288 0.0689711 0.055878 0.646156
0.130591 0.0859674 0.111719 0.0579236 0.6138
0.128293 0.0936428 0.0613042 0.0581133 0.658647
0.10001 0.0793934 0.0290426 0.031071 0.760483
0.0640723 0.0861116 0.0302115 0.0557887 0.763816
0.0707395 0.0314041 0.0665484 0.0100858 0.821222
0.0883309 0.0524315 0.0936409 0.0286183 0.736978
0.0654267 0.120581 0.0570046 0.0407806 0.716207
0.795985 0.0221423 0.0294878 0.0136861 0.138698
0.0576783 0.0435952 0.0551861 0.0285743 0.814966
0.9996 9.997E-05 9.997E-05 9.997E-05 9.997E-05
9.997E-05 9.997E-05 9.997E-05 0.9996 9.997E-05
