9.99201E-05 9.99201E-05 9.99201E-05 9.99201E-05 9.99201E-05 9.99201E-05 9.99201E-05 9.99201E-05 9.99201E-05 0.999101
0.0128437 0.943624 0.00725771 0.0221654 9.9973E-05 9.9973E-05 0.00612408 0.00211877 9.9973E-05 0.00556697
0.0208412 0.943317 0.0149021 0.0138505 9.9963E-05 0.00658904 9.9963E-05 9.9963E-05 9.9963E-05 9.9963E-05
9.99201E-05 9.99201E-05 9.99201E-05 9.99201E-05 9.99201E-05 9.99201E-05 9.99201E-05 0.999101 9.99201E-05 9.99201E-05
9.99201E-05 9.99201E-05 9.99201E-05 9.99201E-05 9.99201E-05 9.99201E-05 9.99201E-05 0.999101 9.99201E-05 9.99201E-05
0.0880272 0.0564001 0.219208 0.0479011 0.314962 0.0214191 0.0600525 0.0344744 0.0883471 0.0692088
9.99201E-05 9.99201E-05 9.99201E-05 9.99201E-05 9.99201E-05 9.99201E-05 0.999101 9.99201E-05 9.99201E-05 9.99201E-05
9.99201E-05 9.99201E-05 9.99201E-05 9.99201E-05 0.999101 9.99201E-05 9.99201E-05 9.99201E-05 9.99201E-05 9.99201E-05
0.0891121 0.0297633 0.562611 0.020743 0.0274565 0.080686 0.0657763 0.0314957 0.0398445 0.0525119
9.9964E-05 0.0118385 9.9964E-05 0.975819 9.9964E-05 9.9964E-05 0.000306255 0.000870875 0.0101054 0.000659889
0.121937 0.0553726 0.424031 0.05052 0.04825 0.077812 0.0609793 0.0589293 0.043277 0.0588924
0.119155 0.0809208 0.364984 0.0625299 0.0439627 0.0983718 0.0686885 0.0437256 0.0576748 0.0599867
9.99369E-05 9.99369E-05 0.993726 9.99369E-05 9.99369E-05 9.99369E-05 0.00143484 9.99369E-05 9.99369E-05 0.00413975
9.99201E-05 9.99201E-05 0.999101 9.99201E-05 9.99201E-05 9.99201E-05 9.99201E-05 9.99201E-05 9.99201E-05 9.99201E-05
0.0659902 0.0138938 0.307538 0.024535 9.9991E-05 0.00175125 0.532042 0.0092977 0.0375652 0.00728681
9.9964E-05 0.0231796 0.918529 0.0274035 0.0184811 0.00179347 9.9964E-05 0.0102137 9.9964E-05 9.9964E-05
0.0268124 0.049619 0.799469 0.029964 0.00453618 0.0135759 0.00462063 0.0256261 0.0432641 0.00251235
0.153252 0.0650767 0.429127 0.0250846 0.0272243 0.038978 0.075355 0.0699543 0.0632364 0.052712
0.0345832 0.0335802 0.0500917 0.0230073 0.0113614 0.794141 0.0118403 0.0193715 0.000798663 0.0212242
0.704445 0.031361 0.0594658 0.0306519 0.0236437 0.0299769 0.0381128 0.0361145 0.00803992 0.0381882
9.9937E-05 0.0145273 9.9937E-05 0.00276498 9.9937E-05 0.982008 9.9937E-05 9.9937E-05 9.9937E-05 9.9937E-05
0.933525 9.9973E-05 0.032426 9.9973E-05 0.0023405 0.00730819 0.00867891 0.0139006 9.9973E-05 0.0015206
0.0371732 0.000654126 0.0162014 0.00100802 0.00114152 0.00186867 0.0198859 0.00327124 9.9991E-05 0.918696
9.99201E-05 0.999101 9.99201E-05 9.99201E-05 9.99201E-05 9.99201E-05 9.99201E-05 9.99201E-05 9.99201E-05 9.99201E-05
0.0195357 0.914656 0.0181456 0.0166386 9.9973E-05 9.9973E-05 0.0161533 0.00503652 9.9973E-05 0.00953469
9.99201E-05 9.99201E-05 9.99201E-05 9.99201E-05 9.99201E-05 9.99201E-05 9.99201E-05 0.999101 9.99201E-05 9.99201E-05
9.9928E-05 9.9928E-05 9.9928E-05 9.9928E-05 9.9928E-05 0.0016237 0.997577 9.9928E-05 9.9928E-05 9.9928E-05
9.99201E-05 9.99201E-05 9.99201E-05 9.99201E-05 0.999101 9.99201E-05 9.99201E-05 9.99201E-05 9.99201E-05 9.99201E-05
0.0108351 0.00650747 0.015238 0.0123921 9.9991E-05 0.00181917 0.925093 0.00513001 0.0072341 0.0156508
0.00184474 0.0123511 9.9955E-05 9.9955E-05 0.974826 0.00326381 9.9955E-05 0.00721452 9.9955E-05 9.9955E-05
0.101162 0.00362003 0.63521 0.00651374 0.0329583 0.0829476 0.038412 0.0264374 0.0396954 0.0330435
9.99201E-05 9.99201E-05 9.99201E-05 0.999101 9.99201E-05 9.99201E-05 9.99201E-05 9.99201E-05 9.99201E-05 9.99201E-05
0.123474 0.0884557 0.299135 0.058202 0.047795 0.077693 0.0932863 0.0574122 0.0646273 0.0899185
9.99279E-05 9.99279E-05 0.991664 9.99279E-05 9.99279E-05 9.99279E-05 0.00753684 9.99279E-05 9.99279E-05 9.99279E-05
9.99201E-05 9.99201E-05 0.999101 9.99201E-05 9.99201E-05 9.99201E-05 9.99201E-05 9.99201E-05 9.99201E-05 9.99201E-05
0.146835 0.0467879 0.547376 0.0486724 0.0136448 0.0488432 0.0371333 0.0326454 0.0321483 0.0459143
9.99679E-05 0.0132027 0.911913 0.0310969 0.0226052 0.0197537 9.99679E-05 0.00102893 9.99679E-05 9.99679E-05
0.125253 0.034167 0.54299 0.0393709 0.0400677 0.0621887 0.0306387 0.051416 0.0518784 0.0220296
0.951426 0.00164178 9.9964E-05 0.0147137 0.00175355 0.00636249 9.9964E-05 9.9964E-05 0.0237031 9.9964E-05
9.99201E-05 9.99201E-05 9.99201E-05 9.99201E-05 9.99201E-05 0.999101 9.99201E-05 9.99201E-05 9.99201E-05 9.99201E-05
0.703749 0.0179661 0.10036 0.0122411 0.0205784 0.038426 0.0226178 0.0223761 0.0275321 0.0341533
9.99201E-05 9.99201E-05 9.99201E-05 9.99201E-05 9.99201E-05 9.99201E-05 9.99201E-05 9.99201E-05 9.99201E-05 0.999101
0.0186238 9.9964E-05 0.0219901 0.000349398 9.9964E-05 9.9964E-05 0.0060616 0.000424296 9.9964E-05 0.952151
9.99201E-05 0.999101 9.99201E-05 9.99201E-05 9.99201E-05 9.99201E-05 9.99201E-05 9.99201E-05 9.99201E-05 9.99201E-05
0.0349975 0.877201 0.0246625 0.0120374 0.00831157 9.9991E-05 0.0116711 0.00185074 0.00944882 0.019719
9.99201E-05 9.99201E-05 9.99201E-05 9.99201E-05 9.99201E-05 9.99201E-05 9.99201E-05 0.999101 9.99201E-05 9.99201E-05
9.99201E-05 9.99201E-05 9.99201E-05 9.99201E-05 9.99201E-05 9.99201E-05 0.999101 9.99201E-05 9.99201E-05 9.99201E-05
0.00929171 0.00720489 9.9955E-05 9.9955E-05 9.9955E-05 0.00488003 9.9955E-05 0.00140914 0.976714 9.9955E-05
9.99201E-05 9.99201E-05 9.99201E-05 9.99201E-05 9.99201E-05 9.99201E-05 0.999101 9.99201E-05 9.99201E-05 9.99201E-05
9.9928E-05 9.9928E-05 9.9928E-05 9.9928E-05 9.9928E-05 9.9928E-05 9.9928E-05 9.9928E-05 0.997056 0.00214437
0.0931183 0.0281367 0.580262 0.0232442 0.0365035 0.0762127 0.0489085 0.0207223 0.0380462 0.0548456
9.9955E-05 9.9955E-05 9.9955E-05 0.980818 0.00919028 9.9955E-05 0.00469578 0.00207172 9.9955E-05 0.00272408
0.139664 0.0325516 0.456831 0.0390975 0.0408417 0.0953483 0.0486171 0.0538526 0.0457705 0.0474253
9.99459E-05 9.99459E-05 0.970857 9.99459E-05 0.00540149 9.99459E-05 0.0114992 9.99459E-05 9.99459E-05 0.0116423
9.99279E-05 9.99279E-05 0.995623 9.99279E-05 9.99279E-05 9.99279E-05 9.99279E-05 9.99279E-05 9.99279E-05 0.0035775
0.122648 0.056169 0.460965 0.0619778 0.0115646 0.0424583 0.0589635 0.0590071 0.0693124 0.0569344
9.9964E-05 0.0234009 0.894397 0.0284373 0.0229838 0.0261549 9.9964E-05 0.00422584 9.9964E-05 9.9964E-05
0.0867533 0.0636345 0.257847 0.0388936 0.0266874 0.392719 0.0522024 0.0384905 0.00588186 0.0368903
0.848845 0.0413814 9.9991E-05 0.0189287 0.00205196 0.0133582 0.0161491 0.0109243 0.0331852 0.0150761
9.99201E-05 9.99201E-05 9.99201E-05 9.99201E-05 9.99201E-05 0.999101 9.99201E-05 9.99201E-05 9.99201E-05 9.99201E-05
0.999101 9.99201E-05 9.99201E-05 9.99201E-05 9.99201E-05 9.99201E-05 9.99201E-05 9.99201E-05 9.99201E-05 9.99201E-05
9.9946E-05 0.0049963 9.9946E-05 9.9946E-05 0.00447765 0.00442261 9.9946E-05 9.9946E-05 9.9946E-05 0.985504
0.0231074 9.9955E-05 0.00465206 9.9955E-05 9.9955E-05 9.9955E-05 0.00916594 0.0144887 9.9955E-05 0.948086
9.99201E-05 0.999101 9.99201E-05 9.99201E-05 9.99201E-05 9.99201E-05 9.99201E-05 9.99201E-05 9.99201E-05 9.99201E-05
0.0818454 0.558122 0.144922 0.0311137 0.0289814 0.0482153 0.016798 0.0328194 0.0217028 0.0354807
0.00674322 9.9973E-05 0.0149241 9.9973E-05 0.00077721 0.0116177 0.00312926 0.960867 9.9973E-05 0.00164161
0.008515 0.00512933 9.9982E-05 0.00130692 0.00035932 0.0022737 0.974346 9.9982E-05 0.0072213 0.000648062
0.00669075 0.0154574 9.9982E-05 0.0118715 0.940674 0.00376817 0.0114384 0.00221315 9.9982E-05 0.00768614
0.0217857 0.0344557 0.0177768 0.00599394 0.020978 0.0189762 0.852313 0.00850047 0.0128439 0.00637606
9.99201E-05 9.99201E-05 9.99201E-05 9.99201E-05 9.99201E-05 9.99201E-05 9.99201E-05 9.99201E-05 0.999101 9.99201E-05
0.0966034 0.0291997 0.540637 0.0186431 0.0368002 0.0868045 0.0460777 0.0321924 0.047353 0.0656887
9.99201E-05 9.99201E-05 9.99201E-05 0.999101 9.99201E-05 9.99201E-05 9.99201E-05 9.99201E-05 9.99201E-05 9.99201E-05
0.110454 0.031193 0.488045 0.0527428 0.0258731 0.098369 0.0462266 0.0568038 0.0264647 0.0638278
0.061175 0.0276525 0.738437 0.0184612 0.019074 0.0205177 0.0397268 0.028828 9.9991E-05 0.0460279
9.99201E-05 9.99201E-05 0.999101 9.99201E-05 9.99201E-05 9.99201E-05 9.99201E-05 9.99201E-05 9.99201E-05 9.99201E-05
0.0321855 0.0483851 0.801575 0.0323781 9.9973E-05 0.0124109 9.9973E-05 0.0280679 0.0446972 9.9973E-05
0.143144 0.0502637 0.466722 0.0502102 0.00652254 0.0338628 0.0601102 0.0696663 0.0631128 0.0563862
0.0691716 0.0670543 0.251774 0.0468713 0.0488309 0.341751 0.0567845 0.0388103 0.0261172 0.0528349
0.911838 0.0228457 0.00154485 0.00181388 0.0176636 0.00296248 0.0150697 0.00532463 0.016744 0.00419345
9.99201E-05 9.99201E-05 9.99201E-05 9.99201E-05 9.99201E-05 0.999101 9.99201E-05 9.99201E-05 9.99201E-05 9.99201E-05
0.75786 0.0283337 0.122913 0.00734968 0.0146096 0.019844 9.9991E-05 0.0187771 0.0116008 0.0186128
9.99201E-05 9.99201E-05 9.99201E-05 9.99201E-05 9.99201E-05 9.99201E-05 9.99201E-05 9.99201E-05 9.99201E-05 0.999101
9.99201E-05 9.99201E-05 9.99201E-05 9.99201E-05 9.99201E-05 9.99201E-05 9.99201E-05 9.99201E-05 9.99201E-05 0.999101
9.99201E-05 0.999101 9.99201E-05 9.99201E-05 9.99201E-05 9.99201E-05 9.99201E-05 9.99201E-05 9.99201E-05 9.99201E-05
0.0875045 0.567694 0.14214 0.0286661 0.0357158 0.0345271 0.0289191 0.0252527 0.0208214 0.0287595
0.0312231 0.0144373 0.0302396 0.00942194 0.0045327 0.0253459 0.0207539 0.836385 0.022511 0.00514905
9.99201E-05 9.99201E-05 9.99201E-05 9.99201E-05 9.99201E-05 9.99201E-05 0.999101 9.99201E-05 9.99201E-05 9.99201E-05
9.99201E-05 9.99201E-05 9.99201E-05 9.99201E-05 0.999101 9.99201E-05 9.99201E-05 9.99201E-05 9.99201E-05 9.99201E-05
0.0385923 0.0362167 0.0571746 0.0233098 0.0122399 0.0107589 0.731061 0.0265854 0.0250349 0.0390266
9.99201E-05 9.99201E-05 9.99201E-05 9.99201E-05 9.99201E-05 9.99201E-05 9.99201E-05 9.99201E-05 0.999101 9.99201E-05
0.0899579 0.0148997 0.610246 0.0222281 0.0323816 0.0861818 0.0402691 0.0264506 0.0342309 0.0431546
9.99201E-05 9.99201E-05 9.99201E-05 0.999101 9.99201E-05 9.99201E-05 9.99201E-05 9.99201E-05 9.99201E-05 9.99201E-05
0.131987 0.0774826 0.407825 0.0645596 0.0111083 0.0781223 0.0569031 0.0411629 0.084319 0.0465303
0.103152 0.0196842 0.544591 0.0533088 0.0283004 0.0925263 0.0312335 0.0359221 0.0385173 0.0527645
0.101602 0.0301805 0.74063 0.0151996 9.9991E-05 0.00438056 0.0190723 0.0375869 0.0258329 0.0254149
0.0140123 0.00449019 0.876556 0.0142505 0.00255839 0.00841497 0.0276205 0.0153421 0.00690398 0.0298513
0.0639073 0.0643429 0.601125 0.0404972 0.0373786 0.0327416 0.0203779 0.0388739 0.0633124 0.0374427
0.138137 0.0322347 0.450936 0.0664194 0.0131995 0.0419638 0.0589974 0.0622427 0.0637512 0.0721178
0.0261741 0.0251224 0.0758901 0.0192353 0.00307125 0.824695 9.9982E-05 0.0202312 9.9982E-05 0.00538049
0.936173 0.00193188 9.9964E-05 0.0214367 9.9964E-05 0.00721751 0.0101611 9.9964E-05 0.0226801 9.9964E-05
0.00270353 0.00709761 0.013935 0.00219828 0.00442169 0.929916 0.019941 0.00980478 0.00241965 0.00756224
0.99668 9.9928E-05 9.9928E-05 9.9928E-05 9.9928E-05 9.9928E-05 9.9928E-05 0.00252013 9.9928E-05 9.9928E-05
9.9973E-05 0.0150299 0.00471408 0.00370262 0.00652454 0.0149547 9.9973E-05 9.9973E-05 0.00261564 0.952159
9.99201E-05 9.99201E-05 9.99201E-05 9.99201E-05 9.99201E-05 9.99201E-05 9.99201E-05 9.99201E-05 9.99201E-05 0.999101
9.99201E-05 0.999101 9.99201E-05 9.99201E-05 9.99201E-05 9.99201E-05 9.99201E-05 9.99201E-05 9.99201E-05 9.99201E-05
0.0125852 0.918073 0.0312 0.0132917 0.00398235 0.00231966 0.00994658 9.9982E-05 9.9982E-05 0.00840177
9.9928E-05 9.9928E-05 9.9928E-05 9.9928E-05 9.9928E-05 9.9928E-05 9.9928E-05 0.993098 9.9928E-05 0.00610282
9.99201E-05 9.99201E-05 9.99201E-05 9.99201E-05 9.99201E-05 9.99201E-05 0.999101 9.99201E-05 9.99201E-05 9.99201E-05
9.99201E-05 9.99201E-05 9.99201E-05 9.99201E-05 0.999101 9.99201E-05 9.99201E-05 9.99201E-05 9.99201E-05 9.99201E-05
9.99201E-05 9.99201E-05 9.99201E-05 9.99201E-05 9.99201E-05 9.99201E-05 0.999101 9.99201E-05 9.99201E-05 9.99201E-05
9.99201E-05 9.99201E-05 9.99201E-05 9.99201E-05 9.99201E-05 9.99201E-05 9.99201E-05 9.99201E-05 0.999101 9.99201E-05
0.128119 0.0489147 0.509321 0.0471044 9.9991E-05 0.0374892 0.0897837 0.0368003 0.0477884 0.0545798
0.00206965 9.9973E-05 0.017611 0.971958 0.00101122 9.9973E-05 0.00211784 0.000136279 0.00479627 9.9973E-05
0.133059 0.0855064 0.378468 0.0686504 0.0201688 0.0792153 0.0589294 0.0514911 0.0852932 0.0392182
0.137798 0.0420364 0.447516 0.0374975 0.0230626 0.0976956 0.057618 0.0448192 0.0683165 0.0436401
0.0823051 0.0173472 0.792097 0.00918673 9.9991E-05 0.00567465 0.00845854 0.0298828 0.0251568 0.0297916
0.0438238 0.00886297 0.84126 0.000160497 9.9991E-05 0.0335557 0.0280516 0.00992035 0.0206679 0.0135975
0.0214217 0.0371691 0.846469 0.0310607 9.9973E-05 0.00204422 9.9973E-05 0.016732 0.0448036 9.9973E-05
0.120021 0.065555 0.457248 0.0504399 0.0206131 0.050344 0.0817776 0.0519297 0.0396189 0.062452
0.0230877 0.0183069 0.0667378 0.0237177 0.0102698 0.812815 9.9991E-05 0.0262795 0.00190533 0.0167798
0.999101 9.99201E-05 9.99201E-05 9.99201E-05 9.99201E-05 9.99201E-05 9.99201E-05 9.99201E-05 9.99201E-05 9.99201E-05
9.99201E-05 9.99201E-05 9.99201E-05 9.99201E-05 9.99201E-05 0.999101 9.99201E-05 9.99201E-05 9.99201E-05 9.99201E-05
0.981431 9.9937E-05 0.00941286 9.9937E-05 9.9937E-05 9.9937E-05 9.9937E-05 0.00845617 9.9937E-05 9.9937E-05
9.9982E-05 0.00123603 0.0107626 0.00705203 0.00398725 0.00444468 0.00278545 9.9982E-05 0.0115763 0.957956
9.9928E-05 9.9928E-05 9.9928E-05 9.9928E-05 9.9928E-05 9.9928E-05 9.9928E-05 0.0110129 9.9928E-05 0.988188
9.99201E-05 0.999101 9.99201E-05 9.99201E-05 9.99201E-05 9.99201E-05 9.99201E-05 9.99201E-05 9.99201E-05 9.99201E-05
9.99201E-05 0.999101 9.99201E-05 9.99201E-05 9.99201E-05 9.99201E-05 9.99201E-05 9.99201E-05 9.99201E-05 9.99201E-05
9.9982E-05 0.0115062 0.00802459 9.9982E-05 0.00293932 0.00899232 0.00596223 0.961055 0.000792905 0.000526986
9.9964E-05 0.00954546 9.9964E-05 0.00519769 9.9964E-05 0.00234563 0.971463 0.00633561 0.00471309 9.9964E-05
0.0863512 0.0452935 0.179974 0.000473304 0.183973 0.0509691 0.0337579 0.0496448 0.319495 0.0500686
0.00252289 0.0103515 9.9991E-05 0.00940441 0.000806914 0.00359148 0.953242 0.00534417 0.00966441 0.00497174
9.99578E-05 9.99578E-05 9.99578E-05 0.9889 0.00756729 0.00174331 0.000384062 9.99578E-05 9.99578E-05 0.000905866
0.116686 0.0295344 0.50932 0.0378973 0.0448708 0.123817 0.0290032 0.0282961 0.0215678 0.0590079
0.125788 0.0675241 0.407451 0.0746573 0.00699338 0.0752866 0.0598042 0.0532176 0.0833179 0.0459599
0.127543 0.0257178 0.432113 0.0323138 0.0513469 0.0710794 0.0631545 0.0671117 0.0632127 0.0664068
0.0712114 0.0238281 0.783991 0.0120052 9.9982E-05 9.9982E-05 0.0154311 0.0328645 0.0232147 0.0372542
0.0503339 9.9991E-05 0.739821 0.0294441 0.0293756 0.0325518 0.041276 0.0299501 0.0207732 0.0263742
0.00113129 0.0288198 0.888477 0.0318839 0.025674 0.0216008 9.99782E-05 0.0021138 9.99782E-05 9.99782E-05
0.0188247 0.0394613 0.837846 0.0448074 9.9964E-05 9.9964E-05 9.9964E-05 0.0114203 0.0472405 9.9964E-05
0.126387 0.0436691 0.541748 0.0257083 0.00960819 0.0363699 0.0752687 0.0505897 0.0607973 0.0298535
0.016058 0.0278301 0.0442748 0.0250144 0.00538388 0.85048 9.9982E-05 0.0117741 9.9982E-05 0.0189844
0.999101 9.99201E-05 9.99201E-05 9.99201E-05 9.99201E-05 9.99201E-05 9.99201E-05 9.99201E-05 9.99201E-05 9.99201E-05
9.99201E-05 9.99201E-05 9.99201E-05 9.99201E-05 9.99201E-05 0.999101 9.99201E-05 9.99201E-05 9.99201E-05 9.99201E-05
0.96899 9.9964E-05 0.00813526 9.9964E-05 0.0101813 9.9964E-05 0.0036563 0.00763199 0.0010049 9.9964E-05
9.9937E-05 9.9937E-05 9.9937E-05 9.9937E-05 0.000917549 0.00842669 9.9937E-05 9.9937E-05 9.9937E-05 0.989956
0.000513535 0.961863 9.9955E-05 0.0175938 9.9955E-05 9.9955E-05 0.00976596 9.9955E-05 9.9955E-05 0.00976435
9.99201E-05 9.99201E-05 9.99201E-05 9.99201E-05 9.99201E-05 9.99201E-05 9.99201E-05 0.999101 9.99201E-05 9.99201E-05
0.111694 0.0626405 0.173638 0.0252134 0.0229408 0.0142516 0.035877 0.477049 0.0196933 0.0570023
0.121162 0.0566364 0.252151 0.0390382 0.166654 0.0475744 0.0395113 0.0307248 0.186994 0.0595546
9.99201E-05 9.99201E-05 9.99201E-05 9.99201E-05 9.99201E-05 9.99201E-05 0.999101 9.99201E-05 9.99201E-05 9.99201E-05
9.99201E-05 9.99201E-05 9.99201E-05 9.99201E-05 0.999101 9.99201E-05 9.99201E-05 9.99201E-05 9.99201E-05 9.99201E-05
9.9982E-05 0.0205045 0.068689 0.0129543 0.0193841 0.0071152 0.857346 0.00344297 9.9982E-05 0.0103643
9.99201E-05 9.99201E-05 9.99201E-05 0.999101 9.99201E-05 9.99201E-05 9.99201E-05 9.99201E-05 9.99201E-05 9.99201E-05
0.114228 0.0474964 0.485514 0.0341549 0.0400828 0.111842 0.0470586 0.046799 0.0266824 0.0461425
0.12476 0.0867093 0.366772 0.0617709 0.0449297 0.0843845 0.0691478 0.0540306 0.056546 0.0509494
0.115856 0.0500227 0.506887 0.0386164 0.0433087 0.0675074 0.0520239 0.0541123 0.0202041 0.0514613
0.0445268 9.9991E-05 0.800305 0.0121209 0.0380683 0.0312261 0.0176418 0.0368148 0.00725835 0.0119378
9.9964E-05 9.9964E-05 0.922608 0.00596888 0.00800986 9.9964E-05 0.0272163 9.9964E-05 0.00566257 0.0301343
9.9973E-05 0.0297638 0.891344 0.0387163 0.0202395 0.00765415 9.9973E-05 0.00206216 0.00992011 9.9973E-05
0.0495079 0.0562484 0.712723 0.039648 0.0171289 0.0317259 9.9991E-05 0.038979 0.0323321 0.0216072
0.123377 0.0318888 0.544895 0.0428125 0.00262977 0.0405091 0.0744415 0.0529653 0.0607815 0.0256991
0.0145598 0.0299984 0.0626048 0.0253765 0.0167582 0.792642 0.0138051 0.0278419 9.9991E-05 0.0163137
0.999101 9.99201E-05 9.99201E-05 9.99201E-05 9.99201E-05 9.99201E-05 9.99201E-05 9.99201E-05 9.99201E-05 9.99201E-05
9.99201E-05 9.99201E-05 9.99201E-05 9.99201E-05 9.99201E-05 0.999101 9.99201E-05 9.99201E-05 9.99201E-05 9.99201E-05
9.99201E-05 9.99201E-05 9.99201E-05 9.99201E-05 9.99201E-05 9.99201E-05 9.99201E-05 9.99201E-05 9.99201E-05 0.999101
