9.99201E-05 9.99201E-05 9.99201E-05 9.99201E-05 9.99201E-05 9.99201E-05 9.99201E-05 9.99201E-05 0.999101 9.99201E-05
0.0111431 0.952869 9.9973E-05 0.0142318 0.000253904 9.9973E-05 0.00013658 0.00511948 9.9973E-05 0.0159459
0.00113582 0.947774 9.9973E-05 0.0183873 9.9973E-05 9.9973E-05 0.000623086 0.0197776 0.00188852 0.0101141
9.99201E-05 9.99201E-05 9.99201E-05 9.99201E-05 0.999101 9.99201E-05 9.99201E-05 9.99201E-05 9.99201E-05 9.99201E-05
9.99201E-05 9.99201E-05 9.99201E-05 9.99201E-05 0.999101 9.99201E-05 9.99201E-05 9.99201E-05 9.99201E-05 9.99201E-05
0.0301152 0.0611165 0.405423 0.054853 0.0366295 0.0173559 0.0530057 0.234191 0.0650275 0.0422822
9.99201E-05 9.99201E-05 9.99201E-05 9.99201E-05 9.99201E-05 9.99201E-05 0.999101 9.99201E-05 9.99201E-05 9.99201E-05
9.99201E-05 9.99201E-05 0.999101 9.99201E-05 9.99201E-05 9.99201E-05 9.99201E-05 9.99201E-05 9.99201E-05 9.99201E-05
0.0373355 0.0413983 0.0668303 0.0166398 0.0299006 0.0948464 0.0528024 0.598998 0.041856 0.0193925
9.9955E-05 0.0038587 0.000796243 9.9955E-05 0.00833878 9.9955E-05 9.9955E-05 9.9955E-05 0.000742194 0.985764
0.0425828 0.0599188 0.0748393 0.0418388 0.0656839 0.0868228 0.0515687 0.447325 0.0821479 0.0472717
0.0652237 0.0957188 0.0700847 0.0954828 0.0405898 0.086375 0.0714052 0.363797 0.0494788 0.0618444
0.0116939 9.9964E-05 0.018076 9.9964E-05 0.00909044 9.9964E-05 0.0169632 0.931187 0.0125897 9.9964E-05
9.99201E-05 9.99201E-05 9.99201E-05 9.99201E-05 9.99201E-05 9.99201E-05 9.99201E-05 0.999101 9.99201E-05 9.99201E-05
0.037025 0.0222874 0.00305758 0.0609815 0.00766533 9.9991E-05 0.540381 0.273705 0.0158684 0.0389287
0.999101 9.99201E-05 9.99201E-05 9.99201E-05 9.99201E-05 9.99201E-05 9.99201E-05 9.99201E-05 9.99201E-05 9.99201E-05
9.99201E-05 9.99201E-05 9.99201E-05 0.999101 9.99201E-05 9.99201E-05 9.99201E-05 9.99201E-05 9.99201E-05 9.99201E-05
0.0771817 0.0598345 0.0519819 0.0730127 0.0589452 0.04313 0.0816974 0.453753 0.0650237 0.0354394
0.0174024 0.0334912 0.0155832 0.0251744 0.0328636 0.797451 0.00708921 0.022611 0.019113 0.0292214
0.011242 0.0469622 0.0320077 0.0187639 0.0329305 0.0360301 0.0259029 0.754145 0.0255349 0.0164806
9.9937E-05 0.010422 9.9937E-05 9.9937E-05 0.00128749 0.987591 9.9937E-05 9.9937E-05 9.9937E-05 9.9937E-05
0.00587005 0.00312149 9.9982E-05 0.00675394 0.0150974 0.0137382 9.9982E-05 0.951968 0.00103002 0.00222044
9.9973E-05 0.00791106 0.0073209 9.9973E-05 0.0142898 0.00254709 0.0121128 0.0443286 0.91119 9.9973E-05
9.99201E-05 0.999101 9.99201E-05 9.99201E-05 9.99201E-05 9.99201E-05 9.99201E-05 9.99201E-05 9.99201E-05 9.99201E-05
0.00690238 0.926527 9.9973E-05 0.015582 9.9973E-05 9.9973E-05 0.0118997 0.0143625 0.00537741 0.0190487
9.99201E-05 9.99201E-05 9.99201E-05 9.99201E-05 0.999101 9.99201E-05 9.99201E-05 9.99201E-05 9.99201E-05 9.99201E-05
9.99201E-05 9.99201E-05 9.99201E-05 9.99201E-05 9.99201E-05 9.99201E-05 0.999101 9.99201E-05 9.99201E-05 9.99201E-05
9.99201E-05 9.99201E-05 0.999101 9.99201E-05 9.99201E-05 9.99201E-05 9.99201E-05 9.99201E-05 9.99201E-05 9.99201E-05
9.999E-05 0.00510646 0.0153263 0.0125696 0.00447218 0.00725951 0.932591 0.00908115 0.00423196 0.00926181
9.99201E-05 9.99201E-05 0.999101 9.99201E-05 9.99201E-05 9.99201E-05 9.99201E-05 9.99201E-05 9.99201E-05 9.99201E-05
0.0362 0.0145442 0.0688291 9.9991E-05 0.0312038 0.100182 0.0330732 0.67124 0.0391997 0.00542855
9.99201E-05 9.99201E-05 9.99201E-05 9.99201E-05 9.99201E-05 9.99201E-05 9.99201E-05 9.99201E-05 9.99201E-05 0.999101
0.0289162 0.0980769 0.0856543 0.0345075 0.0814019 0.0863921 0.105376 0.335395 0.0744776 0.0698022
0.00547122 9.9964E-05 0.0168263 9.9964E-05 0.00608968 9.9964E-05 0.0184914 0.950905 0.00181685 9.9964E-05
9.9937E-05 9.9937E-05 9.9937E-05 9.9937E-05 9.9937E-05 0.00761578 0.00390153 0.987783 9.9937E-05 9.9937E-05
0.0955193 0.0480812 0.0325998 0.100472 0.0339003 0.0513749 0.050145 0.486521 0.0576738 0.0437128
0.999101 9.99201E-05 9.99201E-05 9.99201E-05 9.99201E-05 9.99201E-05 9.99201E-05 9.99201E-05 9.99201E-05 9.99201E-05
0.0547769 0.0188695 0.0598502 0.449264 0.0395481 0.0411243 0.0435391 0.235617 0.0283322 0.0290786
9.9982E-05 0.0138646 0.0120137 0.0040781 9.9982E-05 0.00719671 0.00431051 0.939489 0.00125884 0.0175884
9.99201E-05 9.99201E-05 9.99201E-05 9.99201E-05 9.99201E-05 0.999101 9.99201E-05 9.99201E-05 9.99201E-05 9.99201E-05
0.0117516 0.0286006 0.0367928 0.0359847 0.012198 0.0272583 0.00818796 0.797925 0.0282689 0.0130319
9.99201E-05 9.99201E-05 9.99201E-05 9.99201E-05 9.99201E-05 9.99201E-05 9.99201E-05 9.99201E-05 0.999101 9.99201E-05
9.9946E-05 9.9946E-05 9.9946E-05 9.9946E-05 0.0095869 9.9946E-05 0.00626302 0.0258208 0.95773 9.9946E-05
9.99201E-05 0.999101 9.99201E-05 9.99201E-05 9.99201E-05 9.99201E-05 9.99201E-05 9.99201E-05 9.99201E-05 9.99201E-05
0.00754106 0.872885 0.0165436 0.0174549 0.010651 9.9991E-05 0.0147367 0.0373596 0.0185547 0.00417365
9.99201E-05 9.99201E-05 9.99201E-05 9.99201E-05 0.999101 9.99201E-05 9.99201E-05 9.99201E-05 9.99201E-05 9.99201E-05
9.9928E-05 9.9928E-05 9.9928E-05 9.9928E-05 9.9928E-05 0.000355664 0.998845 9.9928E-05 9.9928E-05 9.9928E-05
0.0120683 0.0154042 0.580508 0.0858182 0.0153773 9.9991E-05 0.0249754 0.203967 0.0237331 0.0380479
9.99201E-05 9.99201E-05 9.99201E-05 9.99201E-05 9.99201E-05 9.99201E-05 0.999101 9.99201E-05 9.99201E-05 9.99201E-05
0.00800973 0.0158632 0.605017 0.0746668 0.0178825 9.9991E-05 0.0224244 0.188546 0.0284854 0.0390047
0.0446427 0.0237315 0.0692873 0.00140371 0.0328409 0.0937977 0.0520724 0.600553 0.0544259 0.027245
0.00114004 9.9964E-05 0.0091829 9.9964E-05 9.9964E-05 0.00876272 0.00409659 9.9964E-05 0.00357052 0.972847
0.0156573 0.0370918 0.0642592 0.0513541 0.0473432 0.101178 0.0410794 0.541098 0.0621435 0.0387952
9.9964E-05 9.9964E-05 0.0197556 9.9964E-05 0.0223025 9.9964E-05 0.00914431 0.923719 0.0182872 0.0063914
9.9964E-05 9.9964E-05 0.00995832 0.013668 0.00223202 0.0202786 0.00654172 0.946921 9.9964E-05 9.9964E-05
0.0792952 0.0680869 0.056991 0.0720887 0.0514917 0.0415273 0.0682376 0.438339 0.0540466 0.0698964
0.999101 9.99201E-05 9.99201E-05 9.99201E-05 9.99201E-05 9.99201E-05 9.99201E-05 9.99201E-05 9.99201E-05 9.99201E-05
0.0194832 0.0591132 0.0665761 0.0264844 0.0366381 0.391961 0.035896 0.28036 0.0419431 0.0415443
0.00910933 0.0476495 0.0139852 0.0124786 0.011051 0.0163165 0.0163585 0.841412 0.00974021 0.0218992
9.99201E-05 9.99201E-05 9.99201E-05 9.99201E-05 9.99201E-05 0.999101 9.99201E-05 9.99201E-05 9.99201E-05 9.99201E-05
9.9928E-05 0.00808775 9.9928E-05 9.9928E-05 9.9928E-05 9.9928E-05 9.9928E-05 0.991113 9.9928E-05 9.9928E-05
9.9937E-05 9.9937E-05 9.9937E-05 0.00626256 9.9937E-05 0.00155682 9.9937E-05 9.9937E-05 0.991481 9.9937E-05
9.9955E-05 9.9955E-05 9.9955E-05 9.9955E-05 0.0174411 9.9955E-05 0.0111752 0.0135249 0.95568 0.00167936
9.99201E-05 0.999101 9.99201E-05 9.99201E-05 9.99201E-05 9.99201E-05 9.99201E-05 9.99201E-05 9.99201E-05 9.99201E-05
0.0429282 0.567951 0.0424702 0.0146827 0.0237798 0.0274202 0.0328475 0.189335 0.0314435 0.0271416
0.00291124 9.9955E-05 9.9955E-05 0.0109247 0.964932 9.9955E-05 9.9955E-05 0.0142929 0.0064391 9.9955E-05
0.00293163 0.00619896 0.00220848 9.9964E-05 0.00457257 9.9964E-05 0.980131 9.9964E-05 0.00355748 9.9964E-05
9.99459E-05 0.0102291 0.972328 9.99459E-05 9.99459E-05 0.01562 9.99459E-05 9.99459E-05 0.00122305 9.99459E-05
9.9991E-05 0.0152124 0.0338924 0.00992721 0.00910907 0.0197354 0.841656 0.0407741 0.0191772 0.0104164
0.00537565 0.0117923 0.636842 0.0833437 0.010125 9.9991E-05 0.0131087 0.194268 0.0232621 0.0217823
0.0389526 0.0380975 0.0662967 0.0234768 0.0443938 0.105562 0.0566005 0.528003 0.0690911 0.0295261
9.99201E-05 9.99201E-05 9.99201E-05 9.99201E-05 9.99201E-05 9.99201E-05 9.99201E-05 9.99201E-05 9.99201E-05 0.999101
0.0366756 0.0437647 0.0530136 0.0321862 0.039749 0.112428 0.0447212 0.515138 0.058896 0.0634274
0.0308665 0.0235118 0.0350613 0.0269882 0.0246096 0.0271615 0.0441123 0.724966 0.0426504 0.0200722
9.9928E-05 9.9928E-05 9.9928E-05 9.9928E-05 9.9928E-05 0.00759985 9.9928E-05 0.991601 9.9928E-05 9.9928E-05
9.99201E-05 9.99201E-05 9.99201E-05 0.999101 9.99201E-05 9.99201E-05 9.99201E-05 9.99201E-05 9.99201E-05 9.99201E-05
0.0803856 0.0650251 0.0389965 0.0662112 0.0592354 0.0361664 0.0627483 0.46536 0.061008 0.064863
0.00985027 0.0566545 0.0748478 0.0348914 0.0386551 0.343193 0.0575507 0.271253 0.0599219 0.0531831
0.00513075 0.0340918 0.0168463 0.00905493 0.00294821 0.00631572 0.0057349 0.900794 0.00793282 0.0111504
9.99201E-05 9.99201E-05 9.99201E-05 9.99201E-05 9.99201E-05 0.999101 9.99201E-05 9.99201E-05 9.99201E-05 9.99201E-05
0.0161015 0.0193328 0.020255 0.0307275 0.0111216 0.019603 9.9991E-05 0.86228 0.0133136 0.00716442
9.99263E-05 9.99263E-05 9.99263E-05 9.99263E-05 9.99263E-05 9.99263E-05 9.99263E-05 9.99263E-05 0.999101 9.99263E-05
9.99201E-05 9.99201E-05 9.99201E-05 9.99201E-05 9.99201E-05 9.99201E-05 9.99201E-05 9.99201E-05 0.999101 9.99201E-05
9.99201E-05 0.999101 9.99201E-05 9.99201E-05 9.99201E-05 9.99201E-05 9.99201E-05 9.99201E-05 9.99201E-05 9.99201E-05
0.0326634 0.555061 0.0494518 0.0266312 0.0220171 0.0337361 0.0359774 0.168511 0.0395304 0.0364215
0.00134134 0.00376016 0.0157274 0.0113732 0.835853 0.0280498 0.0250232 0.0571677 0.00805892 0.0136451
9.99201E-05 9.99201E-05 9.99201E-05 9.99201E-05 9.99201E-05 9.99201E-05 0.999101 9.99201E-05 9.99201E-05 9.99201E-05
9.99201E-05 9.99201E-05 0.999101 9.99201E-05 9.99201E-05 9.99201E-05 9.99201E-05 9.99201E-05 9.99201E-05 9.99201E-05
0.00575418 0.0305523 0.0243302 0.00974473 0.0268954 0.0195903 0.750651 0.0932797 0.020625 0.0185777
0.00985059 0.00555285 0.632553 0.0846314 0.00933027 9.9991E-05 0.0147339 0.197316 0.0161213 0.0298105
0.0381658 0.0261068 0.0668996 0.0223037 0.0209902 0.0948883 0.0374955 0.614422 0.0517843 0.0269441
9.99201E-05 9.99201E-05 9.99201E-05 9.99201E-05 9.99201E-05 9.99201E-05 9.99201E-05 9.99201E-05 9.99201E-05 0.999101
0.0773327 0.0807198 0.0589598 0.110391 0.0563159 0.0783291 0.0619373 0.361668 0.0473606 0.066985
0.0293108 0.0208484 0.0612008 0.038905 0.0363825 0.100678 0.0365383 0.575963 0.0467355 0.0534371
0.0219907 0.0403165 0.0266166 0.0300931 0.0369854 0.0161289 0.0166239 0.746219 0.0386523 0.0263734
0.00550584 0.0180015 0.0182139 0.0198118 0.0170529 0.0272815 0.0270068 0.815568 0.0252033 0.0263545
0.0485366 0.043405 0.0532495 0.562214 0.0275917 0.0233787 0.0383601 0.151622 0.0354272 0.0162147
0.0818409 0.0605838 0.0438763 0.0757506 0.0736833 0.0359704 0.0522176 0.456022 0.0666394 0.0534152
0.0117449 0.0279172 0.00639184 0.0179926 0.0201418 0.832764 0.00688508 0.0338076 0.0174126 0.0249423
9.9982E-05 0.0202439 0.0055619 0.00337624 0.00733617 9.9982E-05 0.0102388 0.926087 0.0144535 0.0125023
0.0093933 0.010248 0.0147606 0.00725182 9.9991E-05 0.926861 0.0141312 0.0118954 0.00310052 0.00225839
9.9928E-05 9.9928E-05 9.9928E-05 0.00547937 9.9928E-05 9.9928E-05 9.9928E-05 0.993721 9.9928E-05 9.9928E-05
0.0079834 0.0127948 0.0131228 0.00990392 9.9973E-05 0.000757048 9.9973E-05 9.9973E-05 0.952099 0.0030388
9.99201E-05 9.99201E-05 9.99201E-05 9.99201E-05 9.99201E-05 9.99201E-05 9.99201E-05 9.99201E-05 0.999101 9.99201E-05
9.99201E-05 0.999101 9.99201E-05 9.99201E-05 9.99201E-05 9.99201E-05 9.99201E-05 9.99201E-05 9.99201E-05 9.99201E-05
0.000718716 0.9186 0.000292151 0.0232112 0.00302589 0.0016971 0.00437401 0.0359934 0.00371942 0.00836759
9.9937E-05 9.9937E-05 9.9937E-05 9.9937E-05 0.992581 0.00543708 0.00128284 9.9937E-05 9.9937E-05 9.9937E-05
9.99201E-05 9.99201E-05 9.99201E-05 9.99201E-05 9.99201E-05 9.99201E-05 0.999101 9.99201E-05 9.99201E-05 9.99201E-05
9.99201E-05 9.99201E-05 0.999101 9.99201E-05 9.99201E-05 9.99201E-05 9.99201E-05 9.99201E-05 9.99201E-05 9.99201E-05
9.99201E-05 9.99201E-05 9.99201E-05 9.99201E-05 9.99201E-05 9.99201E-05 0.999101 9.99201E-05 9.99201E-05 9.99201E-05
0.00796197 0.0163112 0.636041 0.0685717 0.0174823 9.9991E-05 0.0145095 0.184584 0.0228098 0.0316293
0.0751891 0.0438165 0.0241325 0.0757687 0.0411395 0.0386479 0.0802665 0.507286 0.0576947 0.0560585
0.00384479 9.9964E-05 0.00252907 9.9964E-05 9.9964E-05 9.9964E-05 0.00520922 0.00845128 0.00154441 0.978021
0.0753911 0.0877775 0.0511911 0.122498 0.0581072 0.0805431 0.0619369 0.343138 0.0460162 0.0734013
0.0145864 0.0438168 0.0787602 0.0550135 0.0522395 0.0923971 0.0581075 0.531621 0.0433572 0.0301005
0.0323862 0.024856 0.0236901 0.0416602 0.032264 0.00726177 0.0188205 0.764112 0.034128 0.0208214
0.0151499 0.0227775 0.016197 0.032169 0.0143884 0.0377878 0.0301488 0.811451 0.00842811 0.0115023
9.99201E-05 9.99201E-05 9.99201E-05 0.999101 9.99201E-05 9.99201E-05 9.99201E-05 9.99201E-05 9.99201E-05 9.99201E-05
0.073588 0.0711771 0.0536145 0.0538113 0.0442025 0.0479201 0.0794147 0.456566 0.0667185 0.0529876
0.00861929 0.0280676 0.011002 0.0273879 0.0184515 0.817523 0.00251456 0.0446792 0.0193069 0.0224481
0.00104028 0.0133516 9.99369E-05 9.99369E-05 9.99369E-05 9.99369E-05 9.99369E-05 0.984909 9.99369E-05 9.99369E-05
9.99201E-05 9.99201E-05 9.99201E-05 9.99201E-05 9.99201E-05 0.999101 9.99201E-05 9.99201E-05 9.99201E-05 9.99201E-05
9.9928E-05 9.9928E-05 9.9928E-05 9.9928E-05 0.00206482 9.9928E-05 9.9928E-05 0.997136 9.9928E-05 9.9928E-05
0.00590512 0.000627631 0.0118601 0.00451526 9.9973E-05 0.0138504 9.9973E-05 9.9973E-05 0.958827 0.00411428
9.9937E-05 9.9937E-05 9.9937E-05 9.9937E-05 0.000864644 9.9937E-05 9.9937E-05 0.000592232 0.997844 9.9937E-05
9.99201E-05 0.999101 9.99201E-05 9.99201E-05 9.99201E-05 9.99201E-05 9.99201E-05 9.99201E-05 9.99201E-05 9.99201E-05
9.99201E-05 0.999101 9.99201E-05 9.99201E-05 9.99201E-05 9.99201E-05 9.99201E-05 9.99201E-05 9.99201E-05 9.99201E-05
9.9964E-05 0.00775024 0.00539836 9.9964E-05 0.973517 0.00626094 9.9964E-05 9.9964E-05 0.00508129 0.0015921
0.00624087 0.00138493 0.0102278 9.9982E-05 0.00441846 0.000874218 0.974948 0.00159136 9.9982E-05 0.000114688
0.0274496 0.0485055 0.401279 0.0616533 0.0552098 0.0445692 0.0360947 0.258723 0.0507585 0.0157583
9.9973E-05 0.00698383 0.00924405 9.9973E-05 0.00613884 0.00389895 0.962539 9.9973E-05 0.00319612 0.00769963
0.0031697 9.9946E-05 9.9946E-05 9.9946E-05 9.9946E-05 9.9946E-05 0.00539538 9.9946E-05 0.00359828 0.987237
0.0381384 0.0324092 0.0727101 0.0390403 0.031864 0.122256 0.0220266 0.530031 0.0724594 0.0390651
0.0898598 0.0862914 0.0511775 0.104155 0.053528 0.0847498 0.0591292 0.34466 0.046742 0.0797063
0.0558887 0.0249304 0.0848499 0.054734 0.0649319 0.0780888 0.0582123 0.467472 0.0679347 0.0429575
0.0323973 0.0290384 0.040675 0.0321299 0.0382933 0.00824478 0.0189227 0.745339 0.0410966 0.0138629
0.0188895 0.0105409 0.0560021 0.0356014 0.0374416 0.0332098 0.0378571 0.707933 0.0300786 0.0324464
0.999101 9.99201E-05 9.99201E-05 9.99201E-05 9.99201E-05 9.99201E-05 9.99201E-05 9.99201E-05 9.99201E-05 9.99201E-05
9.99201E-05 9.99201E-05 9.99201E-05 0.999101 9.99201E-05 9.99201E-05 9.99201E-05 9.99201E-05 9.99201E-05 9.99201E-05
0.115519 0.0496078 0.036564 0.0788062 0.0464612 0.0405565 0.0862382 0.479893 0.0398334 0.0265207
0.0149603 0.0327845 9.9982E-05 0.0151193 0.0185929 0.856437 9.9982E-05 0.0268008 0.0154929 0.0196119
9.99201E-05 9.99201E-05 9.99201E-05 9.99201E-05 9.99201E-05 9.99201E-05 9.99201E-05 0.999101 9.99201E-05 9.99201E-05
9.99201E-05 9.99201E-05 9.99201E-05 9.99201E-05 9.99201E-05 0.999101 9.99201E-05 9.99201E-05 9.99201E-05 9.99201E-05
9.9937E-05 9.9937E-05 9.9937E-05 0.00271308 0.00396498 9.9937E-05 9.9937E-05 0.992622 9.9937E-05 9.9937E-05
0.000837783 9.9937E-05 0.00229262 9.9937E-05 9.9937E-05 9.9937E-05 9.9937E-05 9.9937E-05 0.99617 9.9937E-05
9.9955E-05 0.959283 9.9955E-05 0.0143205 9.9955E-05 9.9955E-05 0.00161617 0.00841936 9.9955E-05 0.0158611
9.99201E-05 9.99201E-05 9.99201E-05 9.99201E-05 0.999101 9.99201E-05 9.99201E-05 9.99201E-05 9.99201E-05 9.99201E-05
0.0264329 0.0667212 0.0304738 0.0297545 0.489587 0.00423717 0.0421517 0.235672 0.0545396 0.0204303
0.0480438 0.0589158 0.295513 0.059473 0.0391153 0.0489514 0.0425949 0.306124 0.0596393 0.0416289
9.99201E-05 9.99201E-05 9.99201E-05 9.99201E-05 9.99201E-05 9.99201E-05 0.999101 9.99201E-05 9.99201E-05 9.99201E-05
9.99201E-05 9.99201E-05 0.999101 9.99201E-05 9.99201E-05 9.99201E-05 9.99201E-05 9.99201E-05 9.99201E-05 9.99201E-05
0.0121862 0.0136445 0.0258829 0.0134634 0.0133808 0.0129726 0.859247 0.0190181 0.0118544 0.0183499
9.99201E-05 9.99201E-05 9.99201E-05 9.99201E-05 9.99201E-05 9.99201E-05 9.99201E-05 9.99201E-05 9.99201E-05 0.999101
0.0197682 0.0547446 0.0670523 0.066788 0.0460996 0.112388 0.0349045 0.508845 0.051501 0.0379088
0.0715882 0.0913941 0.0794489 0.0898731 0.0478581 0.0877021 0.0710356 0.348216 0.0479621 0.0649217
0.0526608 0.044191 0.0595738 0.0596136 0.0432559 0.0855116 0.0524645 0.504701 0.0573127 0.0407149
0.0115975 9.9991E-05 0.0494686 0.0425849 0.034401 0.0424848 0.0258903 0.748605 0.0182496 0.0266181
9.9973E-05 9.9973E-05 0.0301045 0.00616767 9.9973E-05 0.0111234 0.0242132 0.874853 0.0246306 0.0286074
0.999101 9.99201E-05 9.99201E-05 9.99201E-05 9.99201E-05 9.99201E-05 9.99201E-05 9.99201E-05 9.99201E-05 9.99201E-05
9.9991E-05 0.0221155 0.00934 0.85423 0.0219711 0.0310319 0.0187538 0.012395 0.0210999 0.00896313
0.111528 0.0414237 0.0410601 0.076651 0.0534899 0.0400798 0.0753615 0.485971 0.0324283 0.0420074
0.0145475 0.0303233 0.0160564 0.0198278 0.0190358 0.791317 0.0120294 0.0421785 0.0258268 0.028857
9.9928E-05 0.00382102 9.9928E-05 9.9928E-05 9.9928E-05 9.9928E-05 9.9928E-05 0.99538 9.9928E-05 9.9928E-05
9.99201E-05 9.99201E-05 9.99201E-05 9.99201E-05 9.99201E-05 0.999101 9.99201E-05 9.99201E-05 9.99201E-05 9.99201E-05
9.99201E-05 9.99201E-05 9.99201E-05 9.99201E-05 9.99201E-05 9.99201E-05 9.99201E-05 9.99201E-05 0.999101 9.99201E-05
