0.999201 9.993E-05 9.993E-05 9.993E-05 9.993E-05 9.993E-05 9.993E-05 9.993E-05 9.993E-05
0.00563689 0.0137198 0.0143996 0.94712 9.9973E-05 9.9973E-05 9.9973E-05 0.0145976 0.00422622
0.00474271 0.0271282 0.0217977 0.939378 0.00261367 0.00152898 9.9982E-05 0.0026111 9.9982E-05
9.993E-05 9.993E-05 9.993E-05 9.993E-05 9.993E-05 0.999201 9.993E-05 9.993E-05 9.993E-05
9.993E-05 9.993E-05 9.993E-05 9.993E-05 9.993E-05 0.999201 9.993E-05 9.993E-05 9.993E-05
0.0590097 0.0966488 0.233669 0.0500196 0.0363779 0.0370979 0.390279 0.0411707 0.0557274
9.993E-05 9.993E-05 9.993E-05 9.993E-05 9.993E-05 9.993E-05 9.993E-05 9.993E-05 0.999201
9.993E-05 9.993E-05 9.993E-05 9.993E-05 9.993E-05 9.993E-05 0.999201 9.993E-05 9.993E-05
0.0577135 0.100679 0.545027 0.0308626 0.0849856 0.043521 0.0616845 0.0284271 0.0470995
9.9946E-05 9.9946E-05 9.9946E-05 0.0120335 9.9946E-05 0.00113229 9.9946E-05 0.986235 9.9946E-05
0.0641386 0.129049 0.416694 0.0729327 0.100927 0.0710887 0.0595655 0.0369048 0.0487001
0.0545656 0.188268 0.353493 0.0855272 0.0902772 0.0367475 0.063778 0.0551889 0.0721544
0.00506736 0.00612027 0.940936 9.9973E-05 9.9973E-05 0.00339973 0.0242996 9.9973E-05 0.0198774
9.993E-05 9.993E-05 0.999201 9.993E-05 9.993E-05 9.993E-05 9.993E-05 9.993E-05 9.993E-05
0.0131485 0.14791 0.246567 0.0224656 9.9991E-05 0.00657983 0.00287345 0.0250066 0.535349
9.993E-05 0.999201 9.993E-05 9.993E-05 9.993E-05 9.993E-05 9.993E-05 9.993E-05 9.993E-05
9.9955E-05 0.981309 9.9955E-05 0.00930692 9.9955E-05 0.00357427 9.9955E-05 9.9955E-05 0.00530996
0.0735589 0.158686 0.462485 0.0478559 0.0441031 0.0586392 0.0474957 0.0200084 0.0871677
0.0340044 0.0497693 0.0384871 0.0259654 0.782891 0.0239 0.0195559 0.0214653 0.00396124
0.0346188 0.0393238 0.742649 0.04385 0.0444602 0.0291247 0.0247498 0.0193523 0.0218717
9.9946E-05 0.00759104 9.9946E-05 0.00576263 0.986047 9.9946E-05 9.9946E-05 9.9946E-05 9.9946E-05
9.9964E-05 0.00362325 0.966007 0.0114967 0.0136695 0.00480401 9.9964E-05 9.9964E-05 9.9964E-05
0.919736 9.9973E-05 0.0504421 0.00222255 9.9973E-05 0.00721869 9.9973E-05 0.0096059 0.0104746
9.993E-05 9.993E-05 9.993E-05 0.999201 9.993E-05 9.993E-05 9.993E-05 9.993E-05 9.993E-05
0.0133309 0.027153 0.0161654 0.915734 9.9973E-05 9.9973E-05 9.9973E-05 0.0108031 0.0165136
9.993E-05 9.993E-05 9.993E-05 9.993E-05 9.993E-05 0.999201 9.993E-05 9.993E-05 9.993E-05
9.993E-05 9.993E-05 9.993E-05 9.993E-05 9.993E-05 9.993E-05 9.993E-05 9.993E-05 0.999201
9.993E-05 9.993E-05 9.993E-05 9.993E-05 9.993E-05 9.993E-05 0.999201 9.993E-05 9.993E-05
0.0109718 0.0144143 0.00747539 0.00508944 0.00622613 0.00587513 0.00644398 0.00446071 0.939043
9.993E-05 9.993E-05 9.993E-05 9.993E-05 9.993E-05 9.993E-05 0.999201 9.993E-05 9.993E-05
0.0460113 0.100044 0.602297 0.00840095 0.0876006 0.049172 0.0689891 9.9991E-05 0.0373856
9.993E-05 9.993E-05 9.993E-05 9.993E-05 9.993E-05 9.993E-05 9.993E-05 0.999201 9.993E-05
0.0873904 0.11567 0.32926 0.102289 0.0871505 0.0567642 0.0831539 0.0464892 0.0918334
0.00276144 9.9964E-05 0.950244 9.9964E-05 9.9964E-05 0.00970399 0.014101 9.9964E-05 0.0227899
9.9946E-05 9.9946E-05 0.995274 9.9946E-05 0.000189305 9.9946E-05 9.9946E-05 9.9946E-05 0.00393731
0.0569018 0.236447 0.46429 0.0398111 0.0478248 0.0295453 0.0267841 0.0471081 0.0512882
9.993E-05 0.999201 9.993E-05 9.993E-05 9.993E-05 9.993E-05 9.993E-05 9.993E-05 9.993E-05
0.0413521 0.503788 0.207037 0.0221103 0.0558655 0.0411102 0.0567782 0.0306946 0.0412636
9.9973E-05 9.9973E-05 0.953482 0.00653392 0.0153922 0.00247305 0.00503884 0.0167802 9.9973E-05
9.993E-05 9.993E-05 9.993E-05 9.993E-05 0.999201 9.993E-05 9.993E-05 9.993E-05 9.993E-05
0.0458413 0.0530615 0.745509 0.0403688 0.0342734 0.0261028 0.0265164 0.0146374 0.0136891
0.999201 9.993E-05 9.993E-05 9.993E-05 9.993E-05 9.993E-05 9.993E-05 9.993E-05 9.993E-05
0.944238 9.9964E-05 0.0270587 9.9964E-05 0.00203135 0.0136175 9.9964E-05 9.9964E-05 0.012655
9.993E-05 9.993E-05 9.993E-05 0.999201 9.993E-05 9.993E-05 9.993E-05 9.993E-05 9.993E-05
0.0130021 0.0223421 0.0465776 0.870292 9.9991E-05 0.00499932 0.0172212 0.0115932 0.0138726
9.9937E-05 9.9937E-05 9.9937E-05 9.9937E-05 9.9937E-05 0.998348 0.00095285 9.9937E-05 9.9937E-05
9.9937E-05 9.9937E-05 9.9937E-05 9.9937E-05 0.0021465 9.9937E-05 9.9937E-05 9.9937E-05 0.997154
0.0296756 0.117786 0.189284 0.00873903 0.0151133 0.0122198 0.566888 0.0334155 0.0268796
9.993E-05 9.993E-05 9.993E-05 9.993E-05 9.993E-05 9.993E-05 9.993E-05 9.993E-05 0.999201
0.0347252 0.105312 0.192972 0.00613579 9.9991E-05 0.0072264 0.598483 0.0298714 0.0251749
0.0532377 0.0851756 0.558235 0.0324464 0.0847741 0.0388365 0.0626725 0.0268793 0.0577431
0.00564943 9.9964E-05 9.9964E-05 0.00476766 9.9964E-05 0.00462479 0.00288663 0.981672 9.9964E-05
0.0560466 0.101604 0.514029 0.0243501 0.111896 0.0554652 0.05382 0.0385494 0.0442392
0.0122451 9.9991E-05 0.925614 0.00563574 0.00652409 0.0057155 0.0191211 0.00147282 0.0235715
0.00541605 9.9973E-05 0.958764 9.9973E-05 0.0131459 9.9973E-05 0.00797623 0.00303987 0.0113585
0.0564893 0.181893 0.411141 0.0508198 0.0516609 0.0620273 0.0587596 0.0622007 0.0650085
9.993E-05 0.999201 9.993E-05 9.993E-05 9.993E-05 9.993E-05 9.993E-05 9.993E-05 9.993E-05
0.0430462 0.051702 0.260927 0.0682937 0.393988 0.050717 0.0398926 0.0434479 0.0479854
0.0100642 0.00903933 0.847827 0.0374598 0.0161681 0.0225197 0.0213865 0.0218525 0.0136829
9.993E-05 9.993E-05 9.993E-05 9.993E-05 0.999201 9.993E-05 9.993E-05 9.993E-05 9.993E-05
9.993E-05 9.993E-05 0.999201 9.993E-05 9.993E-05 9.993E-05 9.993E-05 9.993E-05 9.993E-05
0.980834 9.9964E-05 9.9964E-05 0.0139638 0.000362114 9.9964E-05 0.00403518 0.000405279 9.9964E-05
0.95206 9.9946E-05 0.0372619 9.9946E-05 9.9946E-05 0.0100783 9.9946E-05 9.9946E-05 9.9946E-05
9.993E-05 9.993E-05 9.993E-05 0.999201 9.993E-05 9.993E-05 9.993E-05 9.993E-05 9.993E-05
0.0321358 0.0552781 0.172103 0.569851 0.0466248 0.0251574 0.0521145 0.0178056 0.0289299
0.0147364 0.0153858 0.000541744 0.0016309 0.0113683 0.951513 0.00462346 9.9982E-05 9.9982E-05
0.00805095 0.00568744 9.9982E-05 9.9982E-05 0.00433796 0.000344125 0.00185186 0.00576235 0.973765
9.9955E-05 9.9955E-05 9.9955E-05 0.0130424 0.00495082 9.9955E-05 0.97604 0.00546696 9.9955E-05
0.0188681 0.00919871 0.0230914 0.0197584 0.0213367 0.0111845 0.0287565 0.00871149 0.859094
0.0283014 0.102119 0.176746 0.00181679 0.000568793 0.00922179 0.630492 0.0277732 0.0229607
0.0680314 0.088908 0.506362 0.030558 0.0875448 0.0464348 0.0753777 0.0374707 0.0593126
9.993E-05 9.993E-05 9.993E-05 9.993E-05 9.993E-05 9.993E-05 9.993E-05 0.999201 9.993E-05
0.0667161 0.0945299 0.510809 0.0317551 0.0955072 0.0420804 0.0567884 0.0503276 0.0514862
0.0342985 0.0700663 0.720794 0.0225318 0.0357852 0.0345185 0.0239661 0.0125694 0.0454706
9.9937E-05 9.9937E-05 0.989807 9.9937E-05 0.00949304 9.9937E-05 9.9937E-05 9.9937E-05 9.9937E-05
0.00691095 0.955414 0.0172117 0.00739404 0.0126696 9.9964E-05 9.9964E-05 9.9964E-05 9.9964E-05
0.0575029 0.182155 0.431012 0.0609703 0.0440351 0.0661269 0.0372502 0.058347 0.0626003
0.0509832 0.0791431 0.26476 0.0774143 0.35456 0.047636 0.045451 0.0368902 0.0431624
0.0132242 9.9982E-05 0.914452 0.0259015 0.0199013 9.9982E-05 0.0198752 0.00568106 0.000764695
9.993E-05 9.993E-05 9.993E-05 9.993E-05 0.999201 9.993E-05 9.993E-05 9.993E-05 9.993E-05
0.015558 0.0564548 0.813548 0.0337231 0.0324761 0.0178229 0.0257008 9.9991E-05 0.00461669
0.999201 9.993E-05 9.993E-05 9.993E-05 9.993E-05 9.993E-05 9.993E-05 9.993E-05 9.993E-05
0.999201 9.993E-05 9.993E-05 9.993E-05 9.993E-05 9.993E-05 9.993E-05 9.993E-05 9.993E-05
9.993E-05 9.993E-05 9.993E-05 0.999201 9.993E-05 9.993E-05 9.993E-05 9.993E-05 9.993E-05
0.0343684 0.0753241 0.158713 0.560438 0.0379868 0.0173815 0.0453806 0.0335725 0.0368345
0.00920038 0.0053112 0.0475915 0.0165119 0.0264923 0.836731 0.0173932 0.0230632 0.0177053
9.993E-05 9.993E-05 9.993E-05 9.993E-05 9.993E-05 9.993E-05 9.993E-05 9.993E-05 0.999201
9.993E-05 9.993E-05 9.993E-05 9.993E-05 9.993E-05 9.993E-05 0.999201 9.993E-05 9.993E-05
0.0390891 0.02439 0.09472 0.0339187 0.0145069 0.012418 0.0208963 0.0236164 0.736445
0.0267852 0.104532 0.171609 0.00655617 0.00103223 0.0139927 0.626869 0.0356383 0.012986
0.0502821 0.0872772 0.555467 0.0366227 0.103603 0.0387717 0.0658462 0.021204 0.0409257
9.993E-05 9.993E-05 9.993E-05 9.993E-05 9.993E-05 9.993E-05 9.993E-05 0.999201 9.993E-05
0.0517604 0.202805 0.350524 0.0660631 0.0805414 0.0559805 0.0563756 0.0699464 0.0660038
0.0532012 0.102102 0.571214 0.0263245 0.0829101 0.0384714 0.0429137 0.0454638 0.0373991
0.0319227 0.0784795 0.719442 0.0369087 0.0212539 0.0359259 0.0203342 0.0276919 0.0280409
0.0306708 0.0385903 0.811389 0.0127077 0.0192746 0.017343 0.0127376 0.0250375 0.032249
0.0328261 0.583759 0.150771 0.0648181 0.0268587 0.0353724 0.0582347 0.0176847 0.029676
0.0578267 0.186708 0.421582 0.0571489 0.0397324 0.0718918 0.0493534 0.0590606 0.0566966
0.0158956 0.0245407 0.0528208 0.0345578 0.822327 0.0105778 0.0113245 0.024171 0.00378472
0.00287202 9.9973E-05 0.952071 0.00688422 9.9973E-05 9.9973E-05 0.0128978 0.0228562 0.00211907
0.0157801 0.00857366 0.0215979 0.000388415 0.933769 0.00792124 0.0019339 9.9991E-05 0.00993559
9.9937E-05 9.9937E-05 0.997994 9.9937E-05 9.9937E-05 0.00130666 9.9937E-05 9.9937E-05 9.9937E-05
0.943035 0.0257258 9.9973E-05 0.00819184 0.0140016 9.9973E-05 0.00655549 0.00219013 9.9973E-05
0.999201 9.993E-05 9.993E-05 9.993E-05 9.993E-05 9.993E-05 9.993E-05 9.993E-05 9.993E-05
9.993E-05 9.993E-05 9.993E-05 0.999201 9.993E-05 9.993E-05 9.993E-05 9.993E-05 9.993E-05
0.0153843 0.0388902 0.00382291 0.914394 0.0126832 9.9973E-05 9.9973E-05 0.0145257 9.9973E-05
0.00188514 9.9937E-05 9.9937E-05 9.9937E-05 9.9937E-05 0.997415 9.9937E-05 9.9937E-05 9.9937E-05
9.993E-05 9.993E-05 9.993E-05 9.993E-05 9.993E-05 9.993E-05 9.993E-05 9.993E-05 0.999201
9.993E-05 9.993E-05 9.993E-05 9.993E-05 9.993E-05 9.993E-05 0.999201 9.993E-05 9.993E-05
9.993E-05 9.993E-05 9.993E-05 9.993E-05 9.993E-05 9.993E-05 9.993E-05 9.993E-05 0.999201
0.0208145 0.0994091 0.171736 0.0117299 9.9991E-05 0.00969055 0.638029 0.031823 0.016668
0.0631562 0.188046 0.468123 0.0448844 0.0318811 0.045724 0.0233347 0.0481757 0.0866756
9.9964E-05 0.012033 0.00557686 9.9964E-05 9.9964E-05 9.9964E-05 0.00499437 0.969438 0.00755771
0.0407496 0.205512 0.346479 0.0883058 0.0888289 0.0520177 0.0580227 0.0697463 0.0503378
0.0462301 0.0977262 0.489877 0.0503156 0.100805 0.0517238 0.0685521 0.0296203 0.0651499
0.0294078 0.0752763 0.74476 0.0313304 0.0106233 0.0377792 0.0332115 0.019164 0.0184475
0.0195321 0.0566054 0.784453 0.0137227 0.0406278 0.00657751 0.0239094 0.0184329 0.0361388
9.993E-05 0.999201 9.993E-05 9.993E-05 9.993E-05 9.993E-05 9.993E-05 9.993E-05 9.993E-05
0.062668 0.169395 0.411414 0.0756149 0.0570359 0.0610128 0.0331891 0.0522243 0.077446
0.0129803 0.0351269 0.0362723 0.0303988 0.815726 0.0207959 0.018097 0.0222947 0.00830775
9.99369E-05 9.99369E-05 0.985262 0.0140381 9.99369E-05 9.99369E-05 9.99369E-05 9.99369E-05 9.99369E-05
9.993E-05 9.993E-05 9.993E-05 9.993E-05 0.999201 9.993E-05 9.993E-05 9.993E-05 9.993E-05
9.9937E-05 9.9937E-05 0.989758 9.9937E-05 9.9937E-05 0.00954214 9.9937E-05 9.9937E-05 9.9937E-05
0.958071 0.00886959 9.9964E-05 9.9964E-05 0.0105221 9.9964E-05 0.0116573 0.0104801 9.9964E-05
0.991459 9.9946E-05 0.00380855 9.9946E-05 9.9946E-05 0.00413248 9.9946E-05 9.9946E-05 9.9946E-05
9.993E-05 9.993E-05 9.993E-05 0.999201 9.993E-05 9.993E-05 9.993E-05 9.993E-05 9.993E-05
9.993E-05 9.993E-05 9.993E-05 0.999201 9.993E-05 9.993E-05 9.993E-05 9.993E-05 9.993E-05
0.00126206 9.9973E-05 9.9973E-05 0.0110476 0.00369497 0.971632 0.00534256 9.9973E-05 0.00672094
9.9973E-05 9.9973E-05 0.00103543 0.00399972 9.9973E-05 0.00480889 0.00950627 0.00670373 0.973646
0.0495601 0.102961 0.238243 0.0499532 0.0519904 0.0560173 0.391788 0.0177833 0.0417043
0.00723555 0.0010231 0.00299413 9.9991E-05 0.00974337 0.00190215 0.00512853 0.00505456 0.966819
9.9955E-05 9.9955E-05 9.9955E-05 0.00108369 0.00611877 0.00433768 9.9955E-05 0.98796 9.9955E-05
0.0642959 0.0891868 0.502727 0.0392331 0.13669 0.0333948 0.0710563 0.0391718 0.0242443
0.0449906 0.203364 0.341761 0.0771711 0.0956495 0.0538808 0.0580595 0.0695397 0.0555836
0.0661329 0.134699 0.444966 0.0280037 0.0802947 0.0695176 0.0776667 0.0360921 0.0626273
0.0398525 0.0698684 0.73713 0.031434 0.0024754 0.049583 0.0221791 0.0266255 0.0208525
0.0350624 0.0601409 0.694828 0.00180741 0.040606 0.0274733 0.0598611 0.0282314 0.051989
9.993E-05 0.999201 9.993E-05 9.993E-05 9.993E-05 9.993E-05 9.993E-05 9.993E-05 9.993E-05
9.9937E-05 0.993177 9.9937E-05 0.00612381 9.9937E-05 9.9937E-05 9.9937E-05 9.9937E-05 9.9937E-05
0.0298206 0.218255 0.474526 0.0439466 0.0287291 0.0555184 0.0228026 0.0380473 0.0883537
0.0169202 0.0257925 0.0313042 0.0296693 0.847788 0.0249932 0.00781791 0.0156146 9.9991E-05
9.993E-05 9.993E-05 0.999201 9.993E-05 9.993E-05 9.993E-05 9.993E-05 9.993E-05 9.993E-05
9.993E-05 9.993E-05 9.993E-05 9.993E-05 0.999201 9.993E-05 9.993E-05 9.993E-05 9.993E-05
9.9946E-05 9.9946E-05 0.984386 9.9946E-05 9.9946E-05 0.00918163 0.00583248 9.9946E-05 9.9946E-05
0.999057 9.9937E-05 9.9937E-05 9.9937E-05 0.000243865 9.9937E-05 9.9937E-05 9.9937E-05 9.9937E-05
0.0102857 0.0196922 0.00413292 0.952781 9.9973E-05 9.9973E-05 9.9973E-05 0.00734659 0.00546177
9.993E-05 9.993E-05 9.993E-05 9.993E-05 9.993E-05 0.999201 9.993E-05 9.993E-05 9.993E-05
0.0499857 0.0581971 0.232012 0.0682293 0.0186296 0.485495 0.0396344 0.0178423 0.0299747
0.0608583 0.110907 0.297877 0.0715467 0.045873 0.0447036 0.285555 0.0408811 0.0417981
9.993E-05 9.993E-05 9.993E-05 9.993E-05 9.993E-05 9.993E-05 9.993E-05 9.993E-05 0.999201
9.993E-05 9.993E-05 9.993E-05 9.993E-05 9.993E-05 9.993E-05 0.999201 9.993E-05 9.993E-05
0.0255129 0.0184078 0.0302512 0.0145904 0.0124731 0.00795356 0.0113783 0.0158216 0.863611
9.993E-05 9.993E-05 9.993E-05 9.993E-05 9.993E-05 9.993E-05 9.993E-05 0.999201 9.993E-05
0.044025 0.0995745 0.477584 0.0581121 0.123116 0.0535743 0.0531298 0.0396185 0.0512662
0.0500638 0.191926 0.350586 0.0774132 0.0927491 0.0448615 0.0686924 0.0579191 0.0657887
0.060646 0.141808 0.470977 0.0379129 0.0857691 0.0620341 0.0557947 0.0337679 0.0512893
0.017882 0.0610158 0.748468 0.0132651 0.0443381 0.0414596 0.042992 0.0162724 0.0143068
0.031961 0.00839787 0.858205 0.000916408 0.0106509 9.9991E-05 0.0299562 0.0191816 0.0406313
9.993E-05 0.999201 9.993E-05 9.993E-05 9.993E-05 9.993E-05 9.993E-05 9.993E-05 9.993E-05
0.0279943 0.812206 0.0389675 0.0261574 0.0252253 0.0157208 0.0270878 0.00946795 0.017173
0.0264178 0.227733 0.463076 0.0283002 0.0305911 0.0583648 0.0365396 0.0525786 0.0763985
0.0249469 0.0424176 0.0418903 0.0268669 0.780512 0.0283328 0.0120564 0.0298927 0.0130845
9.99369E-05 9.99369E-05 0.995586 0.00371413 9.99369E-05 9.99369E-05 9.99369E-05 9.99369E-05 9.99369E-05
9.993E-05 9.993E-05 9.993E-05 9.993E-05 0.999201 9.993E-05 9.993E-05 9.993E-05 9.993E-05
0.999201 9.993E-05 9.993E-05 9.993E-05 9.993E-05 9.993E-05 9.993E-05 9.993E-05 9.993E-05
