9.993E-05 9.993E-05 9.993E-05 0.999201 9.993E-05 9.993E-05 9.993E-05 9.993E-05 9.993E-05
0.959075 9.9973E-05 0.00584539 0.00418449 9.9973E-05 0.00262695 0.0188498 9.9973E-05 0.00911861
0.947464 9.9982E-05 9.9982E-05 0.00575448 0.00344318 0.00198128 0.00587211 0.00735364 0.0279313
9.993E-05 9.993E-05 9.993E-05 9.993E-05 9.993E-05 0.999201 9.993E-05 9.993E-05 9.993E-05
9.993E-05 9.993E-05 9.993E-05 9.993E-05 9.993E-05 0.999201 9.993E-05 9.993E-05 9.993E-05
0.0617098 0.403338 0.233834 0.0642494 0.0162205 0.04298 0.0348133 0.0502822 0.0925727
9.993E-05 9.993E-05 9.993E-05 9.993E-05 9.993E-05 9.993E-05 9.993E-05 0.999201 9.993E-05
9.993E-05 0.999201 9.993E-05 9.993E-05 9.993E-05 9.993E-05 9.993E-05 9.993E-05 9.993E-05
0.0337272 0.034142 0.604463 0.0638265 0.0841973 0.0184569 0.0110891 0.0489978 0.1011
0.00956156 9.9964E-05 9.9964E-05 0.00557111 9.9964E-05 0.000585751 0.974851 0.00903022 9.9964E-05
0.0494103 0.0728875 0.41046 0.0766031 0.0867355 0.0861904 0.0429245 0.0570447 0.117744
0.104543 0.0688332 0.367983 0.0549665 0.0918124 0.0447315 0.0586451 0.0768471 0.131638
9.99459E-05 9.99459E-05 0.976215 0.0105425 9.99459E-05 9.99459E-05 9.99459E-05 0.012643 9.99459E-05
9.993E-05 9.993E-05 0.999201 9.993E-05 9.993E-05 9.993E-05 9.993E-05 9.993E-05 9.993E-05
0.0298335 9.9991E-05 0.338682 0.00989235 0.000116399 0.00749942 0.0286006 0.537579 0.0476967
0.0218261 0.0193357 0.91592 9.9964E-05 9.9964E-05 0.00424101 0.0382777 9.9964E-05 9.9964E-05
0.0455087 0.0160097 0.852665 9.9982E-05 0.013464 0.0178992 0.0333344 9.9982E-05 0.0209185
0.0605691 0.0531662 0.44961 0.0562793 0.0456989 0.055818 0.0336416 0.079975 0.165242
0.0442679 0.00141208 0.0628499 0.0193829 0.78906 0.0141709 0.0293416 0.00810571 0.0314091
0.0406723 0.0415219 0.06173 0.0204748 0.0333999 0.0228929 0.0348153 0.0278792 0.716614
0.0109294 0.00190917 9.9955E-05 9.9955E-05 0.978981 9.9955E-05 9.9955E-05 0.00768074 9.9955E-05
0.00128245 0.000438532 0.0418765 0.00674947 0.0140185 0.011553 9.9982E-05 9.9982E-05 0.923882
0.00546955 9.9982E-05 0.0101975 0.927361 9.9982E-05 0.0193861 0.00234336 0.0152039 0.0198389
0.999201 9.993E-05 9.993E-05 9.993E-05 9.993E-05 9.993E-05 9.993E-05 9.993E-05 9.993E-05
0.921766 9.9982E-05 0.00698282 0.0101274 0.00104893 9.9982E-05 0.018936 0.0176944 0.0232449
9.993E-05 9.993E-05 9.993E-05 9.993E-05 9.993E-05 0.999201 9.993E-05 9.993E-05 9.993E-05
9.993E-05 9.993E-05 9.993E-05 9.993E-05 9.993E-05 9.993E-05 9.993E-05 0.999201 9.993E-05
9.993E-05 0.999201 9.993E-05 9.993E-05 9.993E-05 9.993E-05 9.993E-05 9.993E-05 9.993E-05
0.0134749 0.00372988 0.00450906 0.0200444 0.010561 0.006442 0.0107632 0.917003 0.0134728
9.993E-05 0.999201 9.993E-05 9.993E-05 9.993E-05 9.993E-05 9.993E-05 9.993E-05 9.993E-05
0.00657937 0.0465284 0.663289 0.041706 0.0939235 0.012056 9.9991E-05 0.038346 0.0974712
9.993E-05 9.993E-05 9.993E-05 9.993E-05 9.993E-05 9.993E-05 0.999201 9.993E-05 9.993E-05
0.1023 0.0614777 0.30274 0.0827993 0.110158 0.0700558 0.0544873 0.0919084 0.124073
9.99369E-05 9.99369E-05 0.982283 9.99369E-05 9.99369E-05 9.99369E-05 9.99369E-05 0.0170172 9.99369E-05
9.993E-05 9.993E-05 0.999201 9.993E-05 9.993E-05 9.993E-05 9.993E-05 9.993E-05 9.993E-05
0.0520461 0.0212849 0.550309 0.0604338 0.0493003 0.0427282 0.0354428 0.0497536 0.138701
0.0136729 0.0162181 0.926008 9.9973E-05 0.00699999 0.0128499 0.0239514 9.9973E-05 9.9973E-05
0.0372642 0.0733081 0.581217 0.0342212 0.0560582 0.0454899 0.0426598 0.0412866 0.0884946
0.000570101 0.00796857 9.99722E-05 9.99722E-05 0.0198172 9.99722E-05 0.0187122 9.99722E-05 0.952532
9.993E-05 9.993E-05 9.993E-05 9.993E-05 0.999201 9.993E-05 9.993E-05 9.993E-05 9.993E-05
0.0295189 0.0274479 0.120131 0.0394335 0.0469784 0.0309537 0.0152367 0.0135888 0.676712
9.993E-05 9.993E-05 9.993E-05 0.999201 9.993E-05 9.993E-05 9.993E-05 9.993E-05 9.993E-05
0.00300995 9.9991E-05 0.0039947 0.950141 0.00471738 0.0098016 0.00371979 0.00552692 0.0189882
0.999201 9.993E-05 9.993E-05 9.993E-05 9.993E-05 9.993E-05 9.993E-05 9.993E-05 9.993E-05
0.872057 0.0158303 0.0273643 0.0182283 0.00749477 0.0109142 0.0141091 0.008096 0.0259061
9.993E-05 9.993E-05 9.993E-05 9.993E-05 9.993E-05 0.999201 9.993E-05 9.993E-05 9.993E-05
9.9937E-05 9.9937E-05 9.9937E-05 9.9937E-05 9.9937E-05 9.9937E-05 9.9937E-05 0.995889 0.00341176
0.0166427 0.545429 0.333334 0.0263393 9.9991E-05 0.00905894 0.0264733 0.0149167 0.0277055
9.993E-05 9.993E-05 9.993E-05 9.993E-05 9.993E-05 9.993E-05 9.993E-05 0.999201 9.993E-05
0.00762623 0.556876 0.33926 0.0387269 0.000219264 0.00245002 0.0278963 0.0165294 0.0104163
0.018646 0.0336387 0.607635 0.0639647 0.0758745 0.0196319 0.0277882 0.051418 0.101403
0.00992168 0.00563996 9.9973E-05 0.00106375 9.9973E-05 0.00161241 0.97487 0.00659178 9.9973E-05
0.0362554 0.0570307 0.461364 0.0570713 0.108901 0.0454595 0.0355432 0.0428713 0.155504
9.99549E-05 9.99549E-05 0.947646 0.0193212 9.99549E-05 0.00966695 9.99549E-05 0.0228666 9.99549E-05
9.99459E-05 9.99459E-05 0.991581 0.00655479 9.99459E-05 9.99459E-05 9.99459E-05 0.00126404 9.99459E-05
0.0487649 0.0498983 0.487836 0.064544 0.0370768 0.0656425 0.0686109 0.0535658 0.124061
0.0314768 0.0183516 0.908943 9.9973E-05 0.0130094 0.00192412 0.025995 9.9973E-05 9.9973E-05
0.0643332 0.0395445 0.243603 0.052503 0.385427 0.0356683 0.0398139 0.0367152 0.102393
0.0329225 0.00989946 0.021105 0.0109143 0.0245779 0.0161626 0.0166888 0.0172245 0.850505
9.993E-05 9.993E-05 9.993E-05 9.993E-05 0.999201 9.993E-05 9.993E-05 9.993E-05 9.993E-05
9.993E-05 9.993E-05 9.993E-05 9.993E-05 9.993E-05 9.993E-05 9.993E-05 9.993E-05 0.999201
0.00151961 0.00748736 9.9964E-05 0.979785 0.0104321 9.9964E-05 0.000376263 9.9964E-05 9.9964E-05
9.9982E-05 9.9982E-05 0.00446956 0.954514 0.00127729 0.0153228 0.00403852 0.00317215 0.0170062
0.999201 9.993E-05 9.993E-05 9.993E-05 9.993E-05 9.993E-05 9.993E-05 9.993E-05 9.993E-05
0.561944 0.0390703 0.163378 0.0302826 0.0397812 0.0286546 0.038683 0.0283405 0.0698657
0.00316382 9.9982E-05 0.0149557 0.0125226 0.00524785 0.958277 9.9982E-05 0.00270709 0.00292641
9.9955E-05 0.0012665 9.9955E-05 0.0125173 0.0112513 9.9955E-05 9.9955E-05 0.974465 9.9955E-05
0.0151313 0.979034 9.9946E-05 0.00523512 9.9946E-05 9.9946E-05 9.9946E-05 9.9946E-05 9.9946E-05
0.0104904 0.0223406 0.0349924 0.0167637 0.0144024 0.00702385 0.0158134 0.847981 0.0301918
0.0114408 0.576117 0.344055 0.0233201 0.00398293 0.00119039 0.0239519 0.0158427 9.9991E-05
0.0206317 0.0491187 0.552856 0.0656778 0.106759 0.0399772 0.0242415 0.0510784 0.0896605
9.993E-05 9.993E-05 9.993E-05 9.993E-05 9.993E-05 9.993E-05 0.999201 9.993E-05 9.993E-05
0.0450528 0.037296 0.519331 0.0650007 0.0908928 0.0462606 0.0486995 0.0368848 0.110582
0.0148761 0.0251371 0.735864 0.0392017 0.0303067 0.0307472 0.00204716 0.0424428 0.0793776
9.993E-05 9.993E-05 0.999201 9.993E-05 9.993E-05 9.993E-05 9.993E-05 9.993E-05 9.993E-05
0.0500839 0.0193081 0.835316 9.9982E-05 0.0213355 0.0157986 0.0342428 9.9982E-05 0.0237147
0.0479754 0.0468729 0.511214 0.0598135 0.0340739 0.0629391 0.0537555 0.0612443 0.122111
0.0696461 0.0399108 0.269029 0.0579151 0.338762 0.0424231 0.0423725 0.0416638 0.0982777
0.0094335 0.0333597 0.0152383 0.00637982 0.0193741 9.9991E-05 0.00802886 0.00827127 0.899814
9.993E-05 9.993E-05 9.993E-05 9.993E-05 0.999201 9.993E-05 9.993E-05 9.993E-05 9.993E-05
0.0327874 0.0190075 0.118683 0.0225554 0.0317911 0.0213694 0.00115828 0.0126256 0.740022
9.9937E-05 9.9937E-05 9.9937E-05 0.995715 0.00358503 9.9937E-05 9.9937E-05 9.9937E-05 9.9937E-05
9.993E-05 9.993E-05 9.993E-05 0.999201 9.993E-05 9.993E-05 9.993E-05 9.993E-05 9.993E-05
0.999201 9.993E-05 9.993E-05 9.993E-05 9.993E-05 9.993E-05 9.993E-05 9.993E-05 9.993E-05
0.576794 0.0355771 0.154835 0.0296741 0.0261006 0.0265652 0.0384365 0.0302039 0.0818135
0.0147431 0.0124138 0.0448263 0.0196527 0.0190069 0.838765 0.00397629 0.0169246 0.0296911
9.993E-05 9.993E-05 9.993E-05 9.993E-05 9.993E-05 9.993E-05 9.993E-05 0.999201 9.993E-05
9.993E-05 0.999201 9.993E-05 9.993E-05 9.993E-05 9.993E-05 9.993E-05 9.993E-05 9.993E-05
0.0327618 0.0254632 0.052333 0.0366184 0.0303897 0.0329293 0.0192383 0.746017 0.0242491
0.00533672 0.583299 0.341844 0.0339133 9.9991E-05 0.00232766 0.0143949 0.00941181 0.00937342
0.0191763 0.0386376 0.602081 0.0569431 0.0945269 0.0186695 0.00895862 0.0458385 0.115168
9.993E-05 9.993E-05 9.993E-05 9.993E-05 9.993E-05 9.993E-05 0.999201 9.993E-05 9.993E-05
0.0788568 0.0510063 0.463796 0.0410031 0.0711933 0.0550014 0.0573396 0.0557516 0.126052
0.0310584 0.0434831 0.575555 0.0473994 0.0897104 0.0309387 0.0414528 0.0274194 0.112983
0.0386135 0.00671999 0.746836 0.0343439 0.0134069 0.0274402 0.0195144 0.015672 0.0974527
0.00881756 9.9991E-05 0.862463 0.0336272 0.0241213 0.0174935 0.00254813 0.0321702 0.0186587
0.0772384 0.0759935 0.634796 0.0275349 0.0253987 0.0440795 0.037581 0.0171062 0.0602718
0.0548765 0.0307532 0.503656 0.0606759 0.0393364 0.0698325 0.056869 0.0580413 0.125959
0.0329886 0.0020781 0.0406188 0.0240564 0.825681 0.0116995 0.0239726 0.00248445 0.0364208
0.00580964 0.0199088 9.9991E-05 0.00905457 0.00360647 0.00329321 0.015902 0.00389432 0.938431
0.00589433 9.9991E-05 0.0296047 0.00276723 0.933723 0.00410894 0.0075346 0.00963974 0.0066278
9.993E-05 9.993E-05 9.993E-05 9.993E-05 9.993E-05 9.993E-05 9.993E-05 9.993E-05 0.999201
0.011276 0.0117197 0.0086169 0.950802 0.0111707 9.99834E-05 0.00574257 9.99834E-05 0.000472657
9.993E-05 9.993E-05 9.993E-05 0.999201 9.993E-05 9.993E-05 9.993E-05 9.993E-05 9.993E-05
0.999201 9.993E-05 9.993E-05 9.993E-05 9.993E-05 9.993E-05 9.993E-05 9.993E-05 9.993E-05
0.917909 0.00315517 0.0240398 0.0101258 0.000890441 0.00383951 0.0105531 0.00836184 0.0211253
9.9937E-05 9.9937E-05 9.9937E-05 0.00478171 9.9937E-05 0.994519 9.9937E-05 9.9937E-05 9.9937E-05
9.993E-05 9.993E-05 9.993E-05 9.993E-05 9.993E-05 9.993E-05 9.993E-05 0.999201 9.993E-05
9.993E-05 0.999201 9.993E-05 9.993E-05 9.993E-05 9.993E-05 9.993E-05 9.993E-05 9.993E-05
9.993E-05 9.993E-05 9.993E-05 9.993E-05 9.993E-05 9.993E-05 9.993E-05 0.999201 9.993E-05
0.00546631 0.584347 0.334503 0.0246735 9.9991E-05 0.00531238 0.0269376 0.0117049 0.00695578
0.0548161 0.0124212 0.526695 0.0571758 0.042221 0.0461954 0.0464906 0.0879711 0.126014
9.9964E-05 0.00831953 0.00540931 0.00194495 9.9964E-05 9.9964E-05 0.972156 0.0117704 9.9964E-05
0.0791984 0.0466032 0.452777 0.0434087 0.0833691 0.0397025 0.0675132 0.0548269 0.132601
0.0455485 0.0624719 0.476832 0.0512856 0.0999377 0.0418965 0.0290856 0.0640586 0.128884
0.0141257 0.00875186 0.80037 0.0303344 0.00319439 0.0344554 0.00235806 0.0145328 0.0918777
0.0148009 9.9991E-05 0.848176 0.0192033 0.0308475 0.0100347 0.000215197 0.0324985 0.0441239
0.0409173 0.0195569 0.887301 9.9973E-05 9.9973E-05 0.0121236 0.0237939 9.9973E-05 0.0160076
0.0652316 0.0466204 0.477854 0.0599678 0.0513456 0.0506392 0.0519958 0.0733349 0.123011
0.0215656 0.00357562 0.0639066 0.0195758 0.814268 0.0153683 0.0320414 0.00520157 0.0244972
9.993E-05 9.993E-05 9.993E-05 9.993E-05 9.993E-05 9.993E-05 9.993E-05 9.993E-05 0.999201
9.993E-05 9.993E-05 9.993E-05 9.993E-05 0.999201 9.993E-05 9.993E-05 9.993E-05 9.993E-05
9.99369E-05 9.99369E-05 9.99369E-05 9.99369E-05 9.99369E-05 9.99369E-05 9.99369E-05 9.99369E-05 0.999201
0.00357859 0.0102788 9.9982E-05 0.963213 0.012734 0.00113983 0.00784398 0.0010122 9.9982E-05
9.9946E-05 9.9946E-05 9.9946E-05 0.997772 9.9946E-05 0.00038609 9.9946E-05 0.00124218 9.9946E-05
0.999201 9.993E-05 9.993E-05 9.993E-05 9.993E-05 9.993E-05 9.993E-05 9.993E-05 9.993E-05
0.999201 9.993E-05 9.993E-05 9.993E-05 9.993E-05 9.993E-05 9.993E-05 9.993E-05 9.993E-05
0.0159959 0.000975366 0.00184369 9.9964E-05 9.9964E-05 0.974257 0.00652856 9.9964E-05 9.9964E-05
0.010989 0.00395597 0.00294958 9.99657E-05 9.99657E-05 9.99657E-05 0.00578829 0.975917 9.99657E-05
0.0488949 0.374388 0.266957 0.0580873 0.0511389 0.0552202 0.0166639 0.030737 0.0979131
0.0068161 0.00251264 0.00180665 0.00852315 9.9982E-05 0.00808462 0.0122794 0.959778 9.9982E-05
0.00131801 0.00101972 9.9955E-05 9.9955E-05 9.9955E-05 9.9955E-05 0.991803 9.9955E-05 0.00535919
0.0513992 0.0561073 0.49394 0.0577308 0.131941 0.0279513 0.0359155 0.0321108 0.112904
0.0867135 0.0474226 0.457194 0.0401725 0.0666913 0.0501588 0.0603135 0.0714161 0.119918
0.0312944 0.0805389 0.474848 0.0611149 0.0641343 0.0634678 0.0313098 0.0668191 0.126473
0.0227163 0.0143357 0.787031 0.0371293 0.000285753 0.0342587 0.00836635 0.0244532 0.0714233
0.00247526 0.0290168 0.745112 0.0344072 0.0341917 0.0366749 0.0148393 0.0497537 0.0535296
0.0210742 0.0126626 0.90482 9.9973E-05 0.0213851 0.00763467 0.0321238 9.9973E-05 9.9973E-05
0.0324541 0.023714 0.870285 9.9982E-05 0.00675372 0.0101505 0.0333906 9.9982E-05 0.0230526
0.0467429 0.0188537 0.574192 0.0384189 0.035653 0.0652121 0.0293236 0.0951171 0.0964865
0.0208188 9.9982E-05 0.0359817 0.0136575 0.850171 0.0165061 0.0306626 9.9982E-05 0.0320019
9.993E-05 9.993E-05 9.993E-05 9.993E-05 9.993E-05 9.993E-05 9.993E-05 9.993E-05 0.999201
9.993E-05 9.993E-05 9.993E-05 9.993E-05 0.999201 9.993E-05 9.993E-05 9.993E-05 9.993E-05
9.99555E-05 0.00178518 0.00919184 9.99555E-05 9.99555E-05 0.00589391 9.99555E-05 9.99555E-05 0.982629
0.00138092 0.00103534 9.9955E-05 0.995615 0.00146899 9.9955E-05 9.9955E-05 9.9955E-05 9.9955E-05
0.967549 9.99702E-05 9.99702E-05 0.00681638 9.99702E-05 9.99702E-05 0.0117335 0.00184454 0.0116564
9.993E-05 9.993E-05 9.993E-05 9.993E-05 9.993E-05 0.999201 9.993E-05 9.993E-05 9.993E-05
0.0604584 0.0293224 0.198745 0.0536565 0.00706949 0.480176 0.0260254 0.0318731 0.112674
0.0559101 0.292844 0.313499 0.066444 0.037012 0.0411095 0.0432011 0.0387302 0.11125
9.993E-05 9.993E-05 9.993E-05 9.993E-05 9.993E-05 9.993E-05 9.993E-05 0.999201 9.993E-05
9.993E-05 0.999201 9.993E-05 9.993E-05 9.993E-05 9.993E-05 9.993E-05 9.993E-05 9.993E-05
0.0276811 0.0194186 0.0368476 0.0107955 0.026046 0.00475836 0.0182133 0.85614 9.9991E-05
9.993E-05 9.993E-05 9.993E-05 9.993E-05 9.993E-05 9.993E-05 0.999201 9.993E-05 9.993E-05
0.0480877 0.0437555 0.500063 0.0537733 0.116357 0.0341141 0.0422188 0.0443723 0.117258
0.0911249 0.0766325 0.379814 0.0552273 0.0935234 0.0503159 0.0540251 0.0633563 0.13598
0.0354308 0.0461803 0.503288 0.0552916 0.0828346 0.0552463 0.0369199 0.0636337 0.121175
9.9991E-05 0.0281398 0.807435 0.0134843 0.0487427 0.044229 0.00494905 0.0249381 0.0279824
9.9964E-05 0.00700402 0.918222 0.035042 9.9964E-05 9.9964E-05 0.010301 0.0290313 9.9964E-05
0.0240208 0.0234515 0.913327 9.9973E-05 0.00128595 0.00192925 0.0356858 9.9973E-05 9.9973E-05
0.0669497 0.0398182 0.730793 0.0276888 0.0195742 0.0249853 0.0387072 0.0188478 0.0326355
0.0490249 0.0253897 0.567984 0.0326073 0.0387759 0.0566406 0.0440902 0.0807876 0.1047
0.0338297 0.00101425 0.0623902 0.0259876 0.782907 0.0211672 0.0331456 0.013168 0.0263902
9.993E-05 9.993E-05 9.993E-05 9.993E-05 9.993E-05 9.993E-05 9.993E-05 9.993E-05 0.999201
9.993E-05 9.993E-05 9.993E-05 9.993E-05 0.999201 9.993E-05 9.993E-05 9.993E-05 9.993E-05
9.993E-05 9.993E-05 9.993E-05 0.999201 9.993E-05 9.993E-05 9.993E-05 9.993E-05 9.993E-05
