9.98831E-05 9.98831E-05 9.98831E-05 9.98831E-05 9.98831E-05 9.98831E-05 9.98831E-05 9.98831E-05 9.98831E-05 0.998702 9.98831E-05 9.98831E-05 9.98831E-05 9.98831E-05
0.0173049 0.00614114 0.934192 9.9946E-05 9.9946E-05 0.00714908 9.9946E-05 9.9946E-05 0.0137026 0.00357981 0.00924653 9.9946E-05 0.00808443 9.9946E-05
0.0243955 0.000627402 0.942854 9.9946E-05 0.00797192 9.9946E-05 9.9946E-05 0.00184327 0.00630899 9.9946E-05 0.0129229 9.9946E-05 0.00247662 9.9946E-05
9.9883E-05 9.9883E-05 9.9883E-05 9.9883E-05 9.9883E-05 9.9883E-05 9.9883E-05 9.9883E-05 9.9883E-05 9.9883E-05 9.9883E-05 9.9883E-05 9.9883E-05 0.998702
9.9883E-05 9.9883E-05 9.9883E-05 9.9883E-05 9.9883E-05 9.9883E-05 9.9883E-05 9.9883E-05 9.9883E-05 9.9883E-05 9.9883E-05 9.9883E-05 9.9883E-05 0.998702
0.0663305 0.0533751 0.0573901 0.310096 0.118471 0.0712574 0.0769125 0.0315232 0.0305178 0.0626764 0.0403655 0.0169754 0.0337121 0.0303964
9.9883E-05 0.998702 9.9883E-05 9.9883E-05 9.9883E-05 9.9883E-05 9.9883E-05 9.9883E-05 9.9883E-05 9.9883E-05 9.9883E-05 9.9883E-05 9.9883E-05 9.9883E-05
9.9883E-05 9.9883E-05 9.9883E-05 0.998702 9.9883E-05 9.9883E-05 9.9883E-05 9.9883E-05 9.9883E-05 9.9883E-05 9.9883E-05 9.9883E-05 9.9883E-05 9.9883E-05
9.98829E-05 9.98829E-05 9.98829E-05 9.98829E-05 0.998702 9.98829E-05 9.98829E-05 9.98829E-05 9.98829E-05 9.98829E-05 9.98829E-05 9.98829E-05 9.98829E-05 9.98829E-05
9.9937E-05 0.00127014 0.0121201 9.9937E-05 9.9937E-05 0.00196971 0.00306195 9.9937E-05 0.97808 9.9937E-05 0.00178514 9.9937E-05 9.9937E-05 0.0010134
0.0581273 0.0370535 0.057042 0.0282769 0.451249 0.0682877 0.0369473 0.0179369 0.0423024 0.0496256 0.033863 0.0464652 0.0241623 0.0486613
0.0395358 0.0596574 0.0861964 0.0334475 0.262811 0.0573085 0.052283 0.085914 0.047106 0.0315759 0.078654 0.0708508 0.0624656 0.0321944
0.00812412 0.00649584 9.9955E-05 0.00562784 9.9955E-05 0.938308 0.0103545 0.012756 9.9955E-05 0.00294607 9.9955E-05 9.9955E-05 0.010489 0.00439881
9.98829E-05 9.98829E-05 9.98829E-05 9.98829E-05 9.98829E-05 0.998702 9.98829E-05 9.98829E-05 9.98829E-05 9.98829E-05 9.98829E-05 9.98829E-05 9.98829E-05 9.98829E-05
0.0174388 0.502235 9.99372E-05 9.99372E-05 0.415561 9.99372E-05 0.0129153 9.99372E-05 0.00990244 9.99372E-05 0.0339989 9.99372E-05 0.00724943 9.99372E-05
9.98921E-05 9.98921E-05 9.98921E-05 9.98921E-05 9.98921E-05 9.98921E-05 9.98921E-05 0.000437184 9.98921E-05 9.98921E-05 9.98921E-05 9.98921E-05 0.998364 9.98921E-05
9.98829E-05 9.98829E-05 9.98829E-05 9.98829E-05 9.98829E-05 9.98829E-05 9.98829E-05 9.98829E-05 9.98829E-05 9.98829E-05 0.998702 9.98829E-05 9.98829E-05 9.98829E-05
0.10271 0.0483984 0.0371532 0.0182121 0.490333 0.0576185 0.0267609 0.00184991 0.0162157 0.0314945 0.0534283 0.0108883 0.0499923 0.0549453
0.00645964 0.000993122 0.0389702 0.00390973 0.0328058 9.9982E-05 9.9982E-05 0.0267529 0.015799 0.0248701 0.0188124 0.787599 0.0221597 0.0206683
0.630627 0.0161601 0.0398071 0.00807811 0.00660151 0.0119847 0.0268634 0.090015 0.021609 0.034833 0.0153448 0.0406589 0.0206366 0.0367806
9.9919E-05 0.0030321 0.00475452 9.9919E-05 9.9919E-05 9.9919E-05 9.9919E-05 9.9919E-05 9.9919E-05 9.9919E-05 0.00794923 0.981785 9.9919E-05 0.00157964
9.9919E-05 9.9919E-05 0.00891629 0.00090309 9.9919E-05 9.9919E-05 9.9919E-05 0.985012 9.9919E-05 0.00250206 9.9919E-05 0.00176724 9.9919E-05 9.9919E-05
0.0327775 0.0118964 0.00931866 9.9964E-05 0.0292352 9.9964E-05 0.000298952 0.000834403 9.9964E-05 0.905113 9.9964E-05 0.00214219 0.00215537 0.00582806
9.9883E-05 9.9883E-05 0.998702 9.9883E-05 9.9883E-05 9.9883E-05 9.9883E-05 9.9883E-05 9.9883E-05 9.9883E-05 9.9883E-05 9.9883E-05 9.9883E-05 9.9883E-05
0.0173886 0.0156907 0.912537 9.9946E-05 9.9946E-05 0.00272161 9.9946E-05 9.9946E-05 0.0133233 0.012682 0.0138349 9.9946E-05 0.0112228 9.9946E-05
9.9883E-05 9.9883E-05 9.9883E-05 9.9883E-05 9.9883E-05 9.9883E-05 9.9883E-05 9.9883E-05 9.9883E-05 9.9883E-05 9.9883E-05 9.9883E-05 9.9883E-05 0.998702
9.98831E-05 0.998702 9.98831E-05 9.98831E-05 9.98831E-05 9.98831E-05 9.98831E-05 9.98831E-05 9.98831E-05 9.98831E-05 9.98831E-05 9.98831E-05 9.98831E-05 9.98831E-05
9.9883E-05 9.9883E-05 9.9883E-05 0.998702 9.9883E-05 9.9883E-05 9.9883E-05 9.9883E-05 9.9883E-05 9.9883E-05 9.9883E-05 9.9883E-05 9.9883E-05 9.9883E-05
0.0252654 0.916233 0.0128361 0.00298608 0.0103047 9.9973E-05 0.00755253 0.000469581 0.00569277 0.0101416 0.00684472 0.00137397 9.9973E-05 9.9973E-05
0.000206486 9.99548E-05 0.00847137 0.966649 9.99548E-05 9.99548E-05 0.000217192 0.00325858 9.99548E-05 0.00409301 0.00986858 0.00663605 9.99548E-05 9.99548E-05
9.98828E-05 9.98828E-05 9.98828E-05 9.98828E-05 0.998702 9.98828E-05 9.98828E-05 9.98828E-05 9.98828E-05 9.98828E-05 9.98828E-05 9.98828E-05 9.98828E-05 9.98828E-05
9.98831E-05 9.98831E-05 9.98831E-05 9.98831E-05 9.98831E-05 9.98831E-05 9.98831E-05 9.98831E-05 0.998702 9.98831E-05 9.98831E-05 9.98831E-05 9.98831E-05 9.98831E-05
0.0512266 0.0929158 0.0702372 0.068815 0.227549 0.0842558 0.0324568 0.0332696 0.0478294 0.0710911 0.0325626 0.0578986 0.0403729 0.0895195
0.00357622 0.0113784 9.9946E-05 0.00169087 9.9946E-05 0.971837 0.00365629 0.0016074 9.9946E-05 0.00117386 9.9946E-05 9.9946E-05 9.9946E-05 0.00448017
9.98829E-05 9.98829E-05 9.98829E-05 9.98829E-05 9.98829E-05 0.998702 9.98829E-05 9.98829E-05 9.98829E-05 9.98829E-05 9.98829E-05 9.98829E-05 9.98829E-05 9.98829E-05
0.0680849 0.0149768 0.0286802 9.9982E-05 0.624357 0.034982 9.9982E-05 0.00227621 0.0265172 0.0326112 0.070727 0.0229985 0.0565643 0.0170248
9.9883E-05 9.9883E-05 9.9883E-05 9.9883E-05 9.9883E-05 9.9883E-05 9.9883E-05 9.9883E-05 9.9883E-05 9.9883E-05 9.9883E-05 9.9883E-05 0.998702 9.9883E-05
0.0793482 0.0409276 9.9991E-05 0.0330138 0.146005 0.0424435 0.0230479 0.0171048 0.0215041 0.0315165 0.432784 0.0456335 0.0620658 0.0245052
0.998702 9.98829E-05 9.98829E-05 9.98829E-05 9.98829E-05 9.98829E-05 9.98829E-05 9.98829E-05 9.98829E-05 9.98829E-05 9.98829E-05 9.98829E-05 9.98829E-05 9.98829E-05
9.98829E-05 9.98829E-05 9.98829E-05 9.98829E-05 9.98829E-05 9.98829E-05 9.98829E-05 9.98829E-05 9.98829E-05 9.98829E-05 9.98829E-05 0.998702 9.98829E-05 9.98829E-05
0.410927 0.020607 0.0269716 0.0121951 0.021812 0.0407415 0.0342669 0.26548 0.00847489 0.0335177 0.0428503 0.0401271 0.0135333 0.0284952
9.98831E-05 9.98831E-05 9.98831E-05 9.98831E-05 9.98831E-05 9.98831E-05 9.98831E-05 9.98831E-05 9.98831E-05 0.998702 9.98831E-05 9.98831E-05 9.98831E-05 9.98831E-05
0.0130667 0.00593403 9.9964E-05 9.9964E-05 0.00914902 0.00669101 9.9964E-05 0.00429392 0.00451648 0.953443 9.9964E-05 0.00026411 0.000248985 0.00199291
9.9883E-05 9.9883E-05 0.998702 9.9883E-05 9.9883E-05 9.9883E-05 9.9883E-05 9.9883E-05 9.9883E-05 9.9883E-05 9.9883E-05 9.9883E-05 9.9883E-05 9.9883E-05
0.0218542 0.00343564 0.869154 0.00952959 0.0216981 0.00820708 0.00813565 0.000898666 0.0124198 0.00472863 0.0141942 0.00746287 0.0181813 9.9991E-05
9.98831E-05 9.98831E-05 9.98831E-05 9.98831E-05 9.98831E-05 9.98831E-05 9.98831E-05 9.98831E-05 9.98831E-05 9.98831E-05 9.98831E-05 9.98831E-05 9.98831E-05 0.998702
0.00148497 0.99617 9.9901E-05 9.9901E-05 9.9901E-05 9.9901E-05 9.9901E-05 0.00124598 9.9901E-05 9.9901E-05 9.9901E-05 9.9901E-05 9.9901E-05 9.9901E-05
0.00905502 9.9937E-05 9.9937E-05 9.9937E-05 9.9937E-05 9.9937E-05 0.972708 9.9937E-05 0.000823365 9.9937E-05 0.00201817 0.0032034 0.00113547 0.0103572
9.9883E-05 0.998702 9.9883E-05 9.9883E-05 9.9883E-05 9.9883E-05 9.9883E-05 9.9883E-05 9.9883E-05 9.9883E-05 9.9883E-05 9.9883E-05 9.9883E-05 9.9883E-05
9.9901E-05 0.0020534 9.9901E-05 9.9901E-05 9.9901E-05 9.9901E-05 0.992519 9.9901E-05 9.9901E-05 0.00432834 9.9901E-05 9.9901E-05 9.9901E-05 9.9901E-05
9.98829E-05 9.98829E-05 9.98829E-05 9.98829E-05 0.998702 9.98829E-05 9.98829E-05 9.98829E-05 9.98829E-05 9.98829E-05 9.98829E-05 9.98829E-05 9.98829E-05 9.98829E-05
0.000912189 0.00427534 9.9955E-05 0.00606663 0.000138132 9.9955E-05 0.00294134 9.9955E-05 0.973012 0.000457686 9.9955E-05 0.00903388 9.9955E-05 0.00266315
0.0644908 0.0270326 0.0232938 0.0117162 0.6022 0.0636762 0.0186495 0.0203445 0.0270933 0.0197643 0.0274012 0.0609433 9.9991E-05 0.0332942
0.00312509 0.010058 9.9946E-05 0.0124816 9.9946E-05 0.930387 0.00297504 0.00976169 9.9946E-05 0.0165398 9.9946E-05 9.9946E-05 9.9946E-05 0.014072
9.99369E-05 9.99369E-05 0.00897338 0.00223647 0.0022329 0.975436 9.99369E-05 0.00236588 9.99369E-05 0.00315443 9.99369E-05 0.00490158 9.99369E-05 9.99369E-05
0.0348968 0.0361123 0.0332364 9.9991E-05 0.64216 0.00489258 0.0363815 0.00752584 0.0556337 0.029667 0.0333187 0.00710319 0.0370437 0.0419281
9.9883E-05 9.9883E-05 9.9883E-05 9.9883E-05 9.9883E-05 9.9883E-05 9.9883E-05 9.9883E-05 9.9883E-05 9.9883E-05 9.9883E-05 9.9883E-05 0.998702 9.9883E-05
0.0463656 0.0182067 0.0504267 0.0300147 0.316131 0.0407072 0.00994119 0.00732851 0.0342248 0.0338157 0.0207417 0.360058 0.00584962 0.0261882
0.919056 0.0220556 0.0129639 9.9973E-05 0.00705097 0.00657246 0.000111667 9.9973E-05 0.00294445 0.0113357 9.9973E-05 0.00462169 0.00454679 0.00844087
9.9883E-05 9.9883E-05 9.9883E-05 9.9883E-05 9.9883E-05 9.9883E-05 9.9883E-05 9.9883E-05 9.9883E-05 9.9883E-05 9.9883E-05 0.998702 9.9883E-05 9.9883E-05
0.898819 9.9892E-05 9.9892E-05 9.9892E-05 9.9892E-05 9.9892E-05 9.9892E-05 0.0999826 9.9892E-05 9.9892E-05 9.9892E-05 9.9892E-05 9.9892E-05 9.9892E-05
9.9937E-05 9.9937E-05 0.00536507 0.0036914 9.9937E-05 9.9937E-05 0.00384995 9.9937E-05 0.00223615 0.978436 0.00203688 0.00368545 9.9937E-05 9.9937E-05
0.0116904 0.00455165 9.9937E-05 9.9937E-05 0.0181142 0.0110508 9.9937E-05 0.00789185 9.9937E-05 0.937624 9.9937E-05 9.9937E-05 9.9937E-05 0.00837776
9.9883E-05 9.9883E-05 0.998702 9.9883E-05 9.9883E-05 9.9883E-05 9.9883E-05 9.9883E-05 9.9883E-05 9.9883E-05 9.9883E-05 9.9883E-05 9.9883E-05 9.9883E-05
0.0400929 0.0210315 0.567505 0.0309361 0.0822821 0.0280629 0.0268051 0.0335134 0.0334448 0.0246833 0.0195851 0.0374399 0.030644 0.0239739
0.00204153 9.9937E-05 9.9937E-05 0.00818236 9.9937E-05 9.9937E-05 9.9937E-05 0.00107261 9.9937E-05 0.00417908 0.0154063 9.9937E-05 0.00809629 0.960322
9.9937E-05 0.974517 9.9937E-05 0.000471434 9.9937E-05 9.9937E-05 0.0128785 9.9937E-05 0.00220437 0.0026566 9.9937E-05 0.00306513 0.00350785 9.9937E-05
0.00947824 9.9955E-05 0.0137066 0.933657 9.9955E-05 0.00684638 9.9955E-05 9.9955E-05 0.0119208 0.00614843 0.00445294 0.00776576 9.9955E-05 0.00552386
0.0172219 0.848654 0.02132 0.0188803 0.000155143 0.00567171 0.00625958 9.9991E-05 0.0212326 0.0292482 0.011191 0.0103745 0.003123 0.00656821
9.98829E-05 9.98829E-05 9.98829E-05 9.98829E-05 9.98829E-05 9.98829E-05 0.998702 9.98829E-05 9.98829E-05 9.98829E-05 9.98829E-05 9.98829E-05 9.98829E-05 9.98829E-05
9.99009E-05 9.99009E-05 9.99009E-05 9.99009E-05 0.983903 9.99009E-05 9.99009E-05 9.99009E-05 9.99009E-05 0.0116844 9.99009E-05 0.00331354 9.99009E-05 9.99009E-05
9.98831E-05 9.98831E-05 9.98831E-05 9.98831E-05 9.98831E-05 9.98831E-05 9.98831E-05 9.98831E-05 0.998702 9.98831E-05 9.98831E-05 9.98831E-05 9.98831E-05 9.98831E-05
0.00273678 0.0216489 0.0160543 0.0112577 0.686922 0.0895904 0.000630786 0.0158262 0.0322187 0.0358687 0.0170492 0.0510417 9.9991E-05 0.0190552
0.0711496 0.0288848 0.0288031 0.024934 0.107855 0.567133 9.9991E-05 0.00809664 0.0155503 0.0346636 0.028858 0.0325437 0.0255688 0.0258592
9.98828E-05 9.98828E-05 9.98828E-05 9.98828E-05 9.98828E-05 0.998702 9.98828E-05 9.98828E-05 9.98828E-05 9.98828E-05 9.98828E-05 9.98828E-05 9.98828E-05 9.98828E-05
9.98829E-05 9.98829E-05 9.98829E-05 9.98829E-05 9.98829E-05 9.98829E-05 9.98829E-05 9.98829E-05 9.98829E-05 9.98829E-05 0.998702 9.98829E-05 9.98829E-05 9.98829E-05
0.0667326 0.019651 0.0352978 9.9982E-05 0.660745 0.0162981 0.025141 0.00294974 0.0467161 0.0239186 0.0334444 9.9982E-05 0.0350141 0.0338916
0.030638 0.047852 0.0643685 0.024868 0.265846 0.0411564 0.0249873 0.0232378 0.0294053 0.0456799 0.0312743 0.321908 0.0153311 0.0334473
0.992567 9.9901E-05 9.9901E-05 9.9901E-05 9.9901E-05 9.9901E-05 0.00510242 9.9901E-05 9.9901E-05 9.9901E-05 0.00123198 9.9901E-05 9.9901E-05 9.9901E-05
9.98829E-05 9.98829E-05 9.98829E-05 9.98829E-05 9.98829E-05 9.98829E-05 9.98829E-05 9.98829E-05 9.98829E-05 9.98829E-05 9.98829E-05 0.998702 9.98829E-05 9.98829E-05
0.451071 0.00758018 0.0236332 0.019096 0.0385283 0.0328589 0.018459 0.294541 0.00459187 0.0136078 0.0315706 0.0158781 0.0217665 0.026818
9.98831E-05 9.98831E-05 9.98831E-05 9.98831E-05 9.98831E-05 9.98831E-05 9.98831E-05 9.98831E-05 9.98831E-05 0.998702 9.98831E-05 9.98831E-05 9.98831E-05 9.98831E-05
9.98832E-05 9.98832E-05 9.98832E-05 9.98832E-05 9.98832E-05 9.98832E-05 9.98832E-05 9.98832E-05 9.98832E-05 0.998702 9.98832E-05 9.98832E-05 9.98832E-05 9.98832E-05
9.98829E-05 9.98829E-05 0.998702 9.98829E-05 9.98829E-05 9.98829E-05 9.98829E-05 9.98829E-05 9.98829E-05 9.98829E-05 9.98829E-05 9.98829E-05 9.98829E-05 9.98829E-05
0.0352989 0.0182644 0.569295 0.030046 0.0755352 0.0322379 0.026269 0.0367129 0.0249591 0.0331673 0.0195429 0.0338522 0.0462051 0.0186137
0.00958017 0.0192348 0.0143368 0.00736542 0.000962576 0.0354393 0.00182006 0.0125423 0.0111932 0.00419688 0.0101496 0.0216943 0.0162167 0.835268
9.9883E-05 0.998702 9.9883E-05 9.9883E-05 9.9883E-05 9.9883E-05 9.9883E-05 9.9883E-05 9.9883E-05 9.9883E-05 9.9883E-05 9.9883E-05 9.9883E-05 9.9883E-05
9.9883E-05 9.9883E-05 9.9883E-05 0.998702 9.9883E-05 9.9883E-05 9.9883E-05 9.9883E-05 9.9883E-05 9.9883E-05 9.9883E-05 9.9883E-05 9.9883E-05 9.9883E-05
0.00116332 0.744227 0.022299 0.0167388 0.0250706 0.0231838 0.0135492 0.0230413 0.0236863 0.0331723 0.0139403 0.0168252 0.0199674 0.0231357
9.98829E-05 9.98829E-05 9.98829E-05 9.98829E-05 9.98829E-05 9.98829E-05 0.998702 9.98829E-05 9.98829E-05 9.98829E-05 9.98829E-05 9.98829E-05 9.98829E-05 9.98829E-05
9.98828E-05 9.98828E-05 9.98828E-05 9.98828E-05 0.998702 9.98828E-05 9.98828E-05 9.98828E-05 9.98828E-05 9.98828E-05 9.98828E-05 9.98828E-05 9.98828E-05 9.98828E-05
9.9883E-05 9.9883E-05 9.9883E-05 9.9883E-05 9.9883E-05 9.9883E-05 9.9883E-05 9.9883E-05 0.998702 9.9883E-05 9.9883E-05 9.9883E-05 9.9883E-05 9.9883E-05
0.0150293 0.0468995 0.0739699 0.0108409 0.247558 0.087775 0.0706184 0.0957786 0.0589366 0.031512 0.0924866 0.0629699 0.0625458 0.0430799
0.00459649 9.9964E-05 9.9964E-05 0.00295083 0.782623 0.0903307 9.9964E-05 0.0127406 0.032668 0.0127408 0.00922037 0.0370613 9.9964E-05 0.0146675
0.0631102 0.0177 0.0335006 0.00801548 0.158602 0.518666 0.0188705 0.028758 0.0206544 0.0201301 0.0274664 0.011146 0.0317513 0.0416287
0.015574 0.0206043 0.00634455 0.00459702 0.0569571 0.741887 0.00880699 0.024187 0.0241372 0.0253876 0.0194526 0.0189581 0.0117071 0.0213996
0.0053841 0.0228578 0.0402313 0.0327834 0.101545 0.0604428 0.0405115 0.0342052 0.0228582 0.031194 0.543284 0.014778 0.0274011 0.0225242
0.0651709 0.0226114 0.026018 0.00070298 0.637617 0.00425607 0.0257643 0.00877183 0.0490946 0.0394549 0.0283448 0.00144557 0.0364742 0.0542732
0.00417631 9.9982E-05 0.0181536 0.00607699 0.0492702 0.00145426 9.9982E-05 0.0284777 0.0159292 0.0104383 0.0139902 0.822355 0.0188434 0.0106354
0.998702 9.9883E-05 9.9883E-05 9.9883E-05 9.9883E-05 9.9883E-05 9.9883E-05 9.9883E-05 9.9883E-05 9.9883E-05 9.9883E-05 9.9883E-05 9.9883E-05 9.9883E-05
0.0179469 0.0126404 0.0111254 0.00150472 9.9955E-05 9.9955E-05 0.00694121 9.9955E-05 9.9955E-05 0.00401772 9.9955E-05 0.927665 0.00753048 0.0101283
9.98829E-05 9.98829E-05 9.98829E-05 9.98829E-05 9.98829E-05 9.98829E-05 9.98829E-05 0.998702 9.98829E-05 9.98829E-05 9.98829E-05 9.98829E-05 9.98829E-05 9.98829E-05
9.9937E-05 9.9937E-05 0.0138935 9.9937E-05 9.9937E-05 9.9937E-05 0.00709572 9.9937E-05 0.00299938 0.952681 0.0168625 0.00284572 0.00292249 9.9937E-05
9.98831E-05 9.98831E-05 9.98831E-05 9.98831E-05 9.98831E-05 9.98831E-05 9.98831E-05 9.98831E-05 9.98831E-05 0.998702 9.98831E-05 9.98831E-05 9.98831E-05 9.98831E-05
9.9883E-05 9.9883E-05 0.998702 9.9883E-05 9.9883E-05 9.9883E-05 9.9883E-05 9.9883E-05 9.9883E-05 9.9883E-05 9.9883E-05 9.9883E-05 9.9883E-05 9.9883E-05
0.0225605 0.00733997 0.908695 9.9964E-05 9.9964E-05 0.0032249 0.00442406 0.00426476 0.00366242 0.0103913 0.0242169 9.9964E-05 0.0108201 9.9964E-05
0.00395431 9.9919E-05 9.9919E-05 9.9919E-05 0.00222082 9.9919E-05 9.9919E-05 0.000787654 0.00300192 9.9919E-05 9.9919E-05 9.9919E-05 9.9919E-05 0.989136
9.9883E-05 0.998702 9.9883E-05 9.9883E-05 9.9883E-05 9.9883E-05 9.9883E-05 9.9883E-05 9.9883E-05 9.9883E-05 9.9883E-05 9.9883E-05 9.9883E-05 9.9883E-05
9.9883E-05 9.9883E-05 9.9883E-05 0.998702 9.9883E-05 9.9883E-05 9.9883E-05 9.9883E-05 9.9883E-05 9.9883E-05 9.9883E-05 9.9883E-05 9.9883E-05 9.9883E-05
9.98831E-05 0.998702 9.98831E-05 9.98831E-05 9.98831E-05 9.98831E-05 9.98831E-05 9.98831E-05 9.98831E-05 9.98831E-05 9.98831E-05 9.98831E-05 9.98831E-05 9.98831E-05
9.9883E-05 9.9883E-05 9.9883E-05 9.9883E-05 9.9883E-05 9.9883E-05 0.998702 9.9883E-05 9.9883E-05 9.9883E-05 9.9883E-05 9.9883E-05 9.9883E-05 9.9883E-05
0.0711255 0.0462603 0.017605 9.9973E-05 0.653715 0.0445979 0.0123346 9.9973E-05 0.0322443 0.0229975 0.0430561 9.9973E-05 0.0391117 0.0166523
9.9928E-05 0.000262818 9.9928E-05 0.0055485 0.0109083 9.9928E-05 9.9928E-05 0.0023429 0.971479 9.9928E-05 9.9928E-05 9.9928E-05 0.00865929 9.9928E-05
0.0100552 0.0531802 0.0741206 0.0142568 0.246525 0.0672742 0.0672806 0.101258 0.0643498 0.0341616 0.0920936 0.0826182 0.0525888 0.0402374
0.0552928 0.0420532 0.0220345 0.0202791 0.525223 0.122223 0.0492376 0.0262857 0.0226176 0.0113747 0.0288869 0.0420221 0.00189398 0.0305755
0.0599113 0.00928497 0.0334897 0.00520693 0.144513 0.547411 0.0219768 0.0311296 0.0234965 0.0254304 0.0312489 0.00330556 0.0253293 0.0382661
0.0530373 0.0238605 0.0260977 9.9991E-05 0.0731407 0.694567 0.0107323 0.000719089 0.00300104 0.0114771 0.031981 0.0404376 0.0160211 0.0148275
9.98828E-05 9.98828E-05 9.98828E-05 9.98828E-05 9.98828E-05 9.98828E-05 9.98828E-05 9.98828E-05 9.98828E-05 9.98828E-05 0.998702 9.98828E-05 9.98828E-05 9.98828E-05
0.0441742 0.051476 0.0513815 0.00940346 0.578655 0.0458259 0.017743 0.0155233 0.0388166 0.0350702 0.0404051 0.0100248 0.0320514 0.0294493
9.9982E-05 0.000274161 0.0268131 0.0126179 0.0484863 9.9982E-05 0.00720223 0.0201543 0.0192315 0.00715397 0.0215169 0.798628 0.0180358 0.0196859
0.900532 9.9892E-05 9.9892E-05 9.9892E-05 9.9892E-05 9.9892E-05 9.9892E-05 0.098269 9.9892E-05 9.9892E-05 9.9892E-05 9.9892E-05 9.9892E-05 9.9892E-05
9.98829E-05 9.98829E-05 9.98829E-05 9.98829E-05 9.98829E-05 9.98829E-05 9.98829E-05 9.98829E-05 9.98829E-05 9.98829E-05 9.98829E-05 0.998702 9.98829E-05 9.98829E-05
9.98829E-05 9.98829E-05 9.98829E-05 9.98829E-05 9.98829E-05 9.98829E-05 9.98829E-05 0.998702 9.98829E-05 9.98829E-05 9.98829E-05 9.98829E-05 9.98829E-05 9.98829E-05
9.9937E-05 9.9937E-05 0.0082648 0.0119051 9.9937E-05 9.9937E-05 9.9937E-05 9.9937E-05 0.00907289 0.953107 0.0116502 0.00257664 0.00272417 9.9937E-05
9.991E-05 9.991E-05 9.991E-05 9.991E-05 0.0114289 0.00103872 9.991E-05 9.991E-05 9.991E-05 0.981689 9.991E-05 9.991E-05 9.991E-05 0.00484408
9.9883E-05 9.9883E-05 0.998702 9.9883E-05 9.9883E-05 9.9883E-05 9.9883E-05 9.9883E-05 9.9883E-05 9.9883E-05 9.9883E-05 9.9883E-05 9.9883E-05 9.9883E-05
9.9883E-05 9.9883E-05 0.998702 9.9883E-05 9.9883E-05 9.9883E-05 9.9883E-05 9.9883E-05 9.9883E-05 9.9883E-05 9.9883E-05 9.9883E-05 9.9883E-05 9.9883E-05
9.9946E-05 0.00155886 0.00483788 0.0108429 9.9946E-05 9.9946E-05 0.00362722 9.9946E-05 9.9946E-05 9.9946E-05 0.007057 0.00174342 0.00620837 0.963525
0.00559655 0.974504 9.9928E-05 0.00108733 9.9928E-05 9.9928E-05 0.00574969 9.9928E-05 9.9928E-05 9.9928E-05 0.0049656 9.9928E-05 9.9928E-05 0.00729717
0.0673061 0.0334594 0.0361068 0.175822 0.0851759 0.0506428 0.327969 0.0245439 0.0123016 0.0429355 0.032707 0.0467508 0.0222592 0.0420203
9.9946E-05 0.9667 9.9946E-05 0.00601643 9.9946E-05 0.0073286 9.9946E-05 0.00481801 0.00809962 0.00361127 9.9946E-05 0.000568631 0.00225807 9.9946E-05
9.99011E-05 0.005334 9.99011E-05 9.99011E-05 9.99011E-05 9.99011E-05 9.99011E-05 9.99011E-05 0.982637 0.0109305 9.99011E-05 9.99011E-05 9.99011E-05 9.99011E-05
0.0507286 0.00542292 0.0273208 0.0315587 0.537424 0.139712 9.9982E-05 9.9982E-05 0.0405909 0.0392556 0.0224791 0.0870366 0.00656533 0.0117045
0.0192906 0.0400127 0.0891389 0.0178467 0.231233 0.0865627 0.0640369 0.095514 0.0599357 0.0364018 0.0963008 0.0689105 0.0584141 0.0364018
0.0645856 0.0427704 0.013264 0.0305315 0.46509 0.101749 0.0433996 0.0134158 0.0336671 0.031472 0.0384647 0.0465415 0.0273175 0.0477312
0.0543398 0.011866 0.028484 0.00462557 0.156127 0.560122 0.0250349 0.0280102 0.024257 0.0211177 0.0146386 0.000608112 0.0287446 0.0420252
0.0504826 0.0384179 0.0119869 0.021225 0.0458403 0.582707 0.0118492 0.031173 0.0332718 0.0333266 0.0500194 0.0292444 0.0229134 0.0375423
9.9892E-05 9.9892E-05 9.9892E-05 9.9892E-05 9.9892E-05 9.9892E-05 9.9892E-05 9.9892E-05 9.9892E-05 9.9892E-05 9.9892E-05 0.000971971 0.997829 9.9892E-05
9.98828E-05 9.98828E-05 9.98828E-05 9.98828E-05 9.98828E-05 9.98828E-05 9.98828E-05 9.98828E-05 9.98828E-05 9.98828E-05 0.998702 9.98828E-05 9.98828E-05 9.98828E-05
0.0502535 0.0527684 0.0204966 9.9964E-05 0.673185 0.0238132 0.0237933 9.9964E-05 0.00853485 9.9964E-05 0.0541715 9.9964E-05 0.0625704 0.0300135
9.9973E-05 9.9973E-05 0.0210536 0.00647218 0.0566377 0.00885098 9.9973E-05 0.018146 0.0138375 0.0187677 0.0118039 0.831001 0.00588432 0.00724476
0.90216 9.98919E-05 9.98919E-05 9.98919E-05 9.98919E-05 9.98919E-05 9.98919E-05 0.0966413 9.98919E-05 9.98919E-05 9.98919E-05 9.98919E-05 9.98919E-05 9.98919E-05
9.98829E-05 9.98829E-05 9.98829E-05 9.98829E-05 9.98829E-05 9.98829E-05 9.98829E-05 9.98829E-05 9.98829E-05 9.98829E-05 9.98829E-05 0.998702 9.98829E-05 9.98829E-05
9.9883E-05 9.9883E-05 9.9883E-05 9.9883E-05 9.9883E-05 9.9883E-05 9.9883E-05 0.998702 9.9883E-05 9.9883E-05 9.9883E-05 9.9883E-05 9.9883E-05 9.9883E-05
9.991E-05 9.991E-05 9.991E-05 0.00489057 9.991E-05 9.991E-05 9.991E-05 9.991E-05 9.991E-05 0.986693 0.00181425 9.991E-05 0.00560343 9.991E-05
0.00863425 9.9919E-05 0.952426 9.9919E-05 9.9919E-05 9.9919E-05 9.9919E-05 9.9919E-05 0.0103481 9.9919E-05 0.0244281 9.9919E-05 0.0032639 9.9919E-05
9.9883E-05 9.9883E-05 9.9883E-05 9.9883E-05 9.9883E-05 9.9883E-05 9.9883E-05 9.9883E-05 9.9883E-05 9.9883E-05 9.9883E-05 9.9883E-05 9.9883E-05 0.998702
0.0272745 0.0415776 0.059054 0.0284094 0.121011 0.0587401 0.0132222 0.054231 0.0103261 0.0482103 0.0294947 0.00426165 0.0125777 0.49161
0.0711728 0.0308539 0.0538561 0.164244 0.128764 0.0987641 0.18663 0.0357341 0.0341282 0.0544641 0.0367275 0.0374895 0.0416552 0.025516
9.9883E-05 0.998702 9.9883E-05 9.9883E-05 9.9883E-05 9.9883E-05 9.9883E-05 9.9883E-05 9.9883E-05 9.9883E-05 9.9883E-05 9.9883E-05 9.9883E-05 9.9883E-05
9.9883E-05 9.9883E-05 9.9883E-05 0.998702 9.9883E-05 9.9883E-05 9.9883E-05 9.9883E-05 9.9883E-05 9.9883E-05 9.9883E-05 9.9883E-05 9.9883E-05 9.9883E-05
0.00198207 0.858981 0.0208194 0.0128584 9.9973E-05 0.013414 9.9973E-05 9.9973E-05 0.0148568 0.0135926 0.0188007 0.0211789 0.0133875 0.00982902
9.9883E-05 9.9883E-05 9.9883E-05 9.9883E-05 9.9883E-05 9.9883E-05 9.9883E-05 9.9883E-05 0.998702 9.9883E-05 9.9883E-05 9.9883E-05 9.9883E-05 9.9883E-05
0.0396394 0.0165373 0.0317431 0.0256073 0.588983 0.109567 0.00366686 0.00918023 0.0211079 0.0199982 0.0375154 0.0707553 9.9991E-05 0.0255989
0.0231357 0.0586594 0.073342 0.0388082 0.261377 0.0588755 0.0555135 0.0952314 0.0547405 0.0358684 0.0765655 0.066834 0.057808 0.0432409
0.0312664 0.0359013 0.021269 0.0181478 0.506683 0.127263 9.9991E-05 0.0410672 0.0296641 0.0311381 0.0447073 0.0445588 0.0268589 0.0413758
0.037254 0.00960864 0.00398277 0.0285114 0.0986648 0.650616 0.000664341 0.0187785 0.0207395 0.0101347 0.0393468 0.0282181 0.0185359 0.0349444
9.999E-05 0.010532 0.00315298 0.0182936 0.0366818 0.831101 0.0126816 0.0216122 0.0340364 0.0221649 0.00272545 0.00106914 0.00380423 0.00204441
9.98831E-05 9.98831E-05 9.98831E-05 9.98831E-05 9.98831E-05 9.98831E-05 9.98831E-05 9.98831E-05 9.98831E-05 9.98831E-05 9.98831E-05 9.98831E-05 0.998702 9.98831E-05
9.9982E-05 0.017321 0.019418 0.0103537 9.9982E-05 0.0083171 0.00312253 0.0164386 0.0122584 0.0218172 0.852544 0.0263449 0.00574441 0.00612018
0.0492492 0.0401367 0.0183903 9.9964E-05 0.682413 0.0311968 0.0216959 9.9964E-05 0.0259623 9.9964E-05 0.041036 9.9964E-05 0.0645595 0.0249602
9.9982E-05 0.0120847 0.0276838 0.0137945 0.0564923 0.00554097 9.9982E-05 0.0161221 0.0339883 0.0244485 0.0153941 0.766648 0.00557174 0.0220309
0.898747 9.9892E-05 9.9892E-05 9.9892E-05 9.9892E-05 9.9892E-05 9.9892E-05 0.100054 9.9892E-05 9.9892E-05 9.9892E-05 9.9892E-05 9.9892E-05 9.9892E-05
9.98829E-05 9.98829E-05 9.98829E-05 9.98829E-05 9.98829E-05 9.98829E-05 9.98829E-05 9.98829E-05 9.98829E-05 9.98829E-05 9.98829E-05 0.998702 9.98829E-05 9.98829E-05
9.98831E-05 9.98831E-05 9.98831E-05 9.98831E-05 9.98831E-05 9.98831E-05 9.98831E-05 9.98831E-05 9.98831E-05 0.998702 9.98831E-05 9.98831E-05 9.98831E-05 9.98831E-05
