9.98831E-05 9.98831E-05 9.98831E-05 9.98831E-05 9.98831E-05 9.98831E-05 9.98831E-05 0.998702 9.98831E-05 9.98831E-05 9.98831E-05 9.98831E-05 9.98831E-05 9.98831E-05
9.9955E-05 0.0192133 0.936088 0.00590923 0.0125204 9.9955E-05 0.00170893 0.00602069 9.9955E-05 9.9955E-05 0.00396493 0.00767966 9.9955E-05 0.00639497
9.9946E-05 0.00576436 0.932357 0.00573464 0.0276028 9.9946E-05 9.9946E-05 0.00447767 9.9946E-05 9.9946E-05 0.0160208 0.00281138 9.9946E-05 0.00463139
0.998702 9.9883E-05 9.9883E-05 9.9883E-05 9.9883E-05 9.9883E-05 9.9883E-05 9.9883E-05 9.9883E-05 9.9883E-05 9.9883E-05 9.9883E-05 9.9883E-05 9.9883E-05
0.998702 9.9883E-05 9.9883E-05 9.9883E-05 9.9883E-05 9.9883E-05 9.9883E-05 9.9883E-05 9.9883E-05 9.9883E-05 9.9883E-05 9.9883E-05 9.9883E-05 9.9883E-05
0.0291809 0.0347363 0.0530326 0.045997 0.0325992 0.0235275 0.0849249 0.054435 0.319986 0.027254 0.0808864 0.0293333 0.123808 0.0602986
9.9883E-05 9.9883E-05 9.9883E-05 0.998702 9.9883E-05 9.9883E-05 9.9883E-05 9.9883E-05 9.9883E-05 9.9883E-05 9.9883E-05 9.9883E-05 9.9883E-05 9.9883E-05
9.9883E-05 9.9883E-05 9.9883E-05 9.9883E-05 9.9883E-05 9.9883E-05 9.9883E-05 9.9883E-05 0.998702 9.9883E-05 9.9883E-05 9.9883E-05 9.9883E-05 9.9883E-05
9.98829E-05 9.98829E-05 9.98829E-05 9.98829E-05 9.98829E-05 9.98829E-05 9.98829E-05 9.98829E-05 9.98829E-05 0.998702 9.98829E-05 9.98829E-05 9.98829E-05 9.98829E-05
9.9919E-05 0.971037 0.0183146 0.00439244 9.9919E-05 0.00136615 0.00399052 9.9919E-05 9.9919E-05 9.9919E-05 9.9919E-05 9.9919E-05 9.9919E-05 9.9919E-05
0.0531173 0.0355776 0.0491339 0.0514829 0.0318472 0.0607994 0.0435872 0.0431917 0.0224474 0.337489 0.0667035 0.0237636 0.101789 0.0790704
0.027775 0.0441539 0.066428 0.0499614 0.0684516 0.0719685 0.0430724 0.0399151 0.0413332 0.0426377 0.102962 0.0447048 0.288222 0.0684148
0.00506448 9.9937E-05 9.9937E-05 0.00943062 9.9937E-05 9.9937E-05 9.9937E-05 0.0116403 0.00934023 9.9937E-05 0.0249074 0.00721447 9.9937E-05 0.931703
9.98829E-05 9.98829E-05 9.98829E-05 9.98829E-05 9.98829E-05 9.98829E-05 9.98829E-05 9.98829E-05 9.98829E-05 9.98829E-05 9.98829E-05 9.98829E-05 9.98829E-05 0.998702
9.98922E-05 9.98922E-05 9.98922E-05 0.436143 9.98922E-05 9.98922E-05 9.98922E-05 9.98922E-05 9.98922E-05 9.98922E-05 9.98922E-05 9.98922E-05 0.562658 9.98922E-05
9.9901E-05 9.9901E-05 9.9901E-05 9.9901E-05 9.9901E-05 9.9901E-05 9.9901E-05 9.9901E-05 9.9901E-05 0.00104057 9.9901E-05 0.994254 0.00360694 9.9901E-05
9.98829E-05 9.98829E-05 9.98829E-05 9.98829E-05 0.998702 9.98829E-05 9.98829E-05 9.98829E-05 9.98829E-05 9.98829E-05 9.98829E-05 9.98829E-05 9.98829E-05 9.98829E-05
0.0307698 9.9991E-05 0.0244153 0.0258836 0.0134111 0.0210869 0.0129612 0.0214114 0.0170966 0.0229207 0.0608397 0.00774404 0.72652 0.0148396
0.0283369 0.0261366 0.0293346 0.00693099 0.0111644 0.789506 0.00335202 0.0261022 0.0116526 0.0250634 0.0337433 0.00256653 0.00601013 9.9991E-05
0.0284433 0.0238074 0.0285971 0.027678 0.00821549 0.035879 0.02052 0.0485276 0.0246418 0.00191466 0.699122 0.0307364 0.00866483 0.0132529
9.9919E-05 9.9919E-05 0.00585605 9.9919E-05 9.9919E-05 0.98495 0.00272678 9.9919E-05 9.9919E-05 9.9919E-05 9.9919E-05 9.9919E-05 0.00247018 0.00309732
0.006011 9.99632E-05 9.99632E-05 0.00375056 0.00340272 0.000662647 9.99632E-05 0.00055887 0.00803759 0.0162915 0.938158 9.99632E-05 9.99632E-05 0.0226273
0.0146826 0.00641838 9.9946E-05 0.0153199 9.9946E-05 9.9946E-05 9.9946E-05 0.909912 9.9946E-05 0.000888709 0.028496 9.9946E-05 0.0207582 0.00292462
9.9883E-05 9.9883E-05 0.998702 9.9883E-05 9.9883E-05 9.9883E-05 9.9883E-05 9.9883E-05 9.9883E-05 9.9883E-05 9.9883E-05 9.9883E-05 9.9883E-05 9.9883E-05
0.00196058 0.0180299 0.903111 0.00868235 0.0157997 9.9964E-05 9.9964E-05 0.0115352 9.9964E-05 0.00442445 0.0174555 0.010909 9.9964E-05 0.00769243
0.998702 9.9883E-05 9.9883E-05 9.9883E-05 9.9883E-05 9.9883E-05 9.9883E-05 9.9883E-05 9.9883E-05 9.9883E-05 9.9883E-05 9.9883E-05 9.9883E-05 9.9883E-05
9.98921E-05 9.98921E-05 9.98921E-05 0.997826 9.98921E-05 9.98921E-05 9.98921E-05 9.98921E-05 9.98921E-05 9.98921E-05 0.000975035 9.98921E-05 9.98921E-05 9.98921E-05
9.9883E-05 9.9883E-05 9.9883E-05 9.9883E-05 9.9883E-05 9.9883E-05 9.9883E-05 9.9883E-05 0.998702 9.9883E-05 9.9883E-05 9.9883E-05 9.9883E-05 9.9883E-05
0.0118377 0.00569941 0.011019 0.922942 0.0123069 9.9964E-05 0.0114295 0.0108626 9.9964E-05 0.000152585 0.00524241 0.00810828 9.9964E-05 9.9964E-05
0.00524552 0.00321928 0.000697389 0.00158487 0.000186558 0.000447458 9.9973E-05 0.00450757 0.973492 0.00182179 9.9973E-05 0.00177758 0.00672004 9.9973E-05
9.98828E-05 9.98828E-05 9.98828E-05 9.98828E-05 9.98828E-05 9.98828E-05 9.98828E-05 9.98828E-05 9.98828E-05 0.998702 9.98828E-05 9.98828E-05 9.98828E-05 9.98828E-05
9.98831E-05 0.998702 9.98831E-05 9.98831E-05 9.98831E-05 9.98831E-05 9.98831E-05 9.98831E-05 9.98831E-05 9.98831E-05 9.98831E-05 9.98831E-05 9.98831E-05 9.98831E-05
0.0703226 0.0555268 0.0663369 0.0902823 0.0372288 0.0851054 0.0464434 0.0709797 0.0358805 0.172201 0.100526 0.0224097 0.0735415 0.0732153
0.00451664 9.9946E-05 9.9946E-05 0.00473517 9.9946E-05 9.9946E-05 0.0102804 0.000798735 0.00826283 9.9946E-05 0.0126078 9.9946E-05 0.0171103 0.941088
9.98828E-05 9.98828E-05 9.98828E-05 9.98828E-05 9.98828E-05 9.98828E-05 9.98828E-05 9.98828E-05 9.98828E-05 9.98828E-05 9.98828E-05 9.98828E-05 9.98828E-05 0.998702
9.9946E-05 9.9946E-05 9.9946E-05 9.9946E-05 0.0243676 9.9946E-05 9.9946E-05 0.0049197 0.00175632 0.0280851 0.00757786 0.0101465 0.915756 0.0067915
9.9883E-05 9.9883E-05 9.9883E-05 9.9883E-05 9.9883E-05 9.9883E-05 9.9883E-05 9.9883E-05 9.9883E-05 9.9883E-05 9.9883E-05 0.998702 9.9883E-05 9.9883E-05
0.0248536 0.0224374 0.00131195 0.0356975 0.4241 0.0491809 0.0172265 0.0196038 0.0322662 0.0308679 0.0828721 0.0505421 0.170043 0.0389971
0.00121931 0.0126968 0.00541324 9.9955E-05 9.9955E-05 0.00655442 0.00889614 0.00593054 0.000986069 9.9955E-05 0.935598 9.9955E-05 0.0222058 9.9955E-05
9.98829E-05 9.98829E-05 9.98829E-05 9.98829E-05 9.98829E-05 0.998702 9.98829E-05 9.98829E-05 9.98829E-05 9.98829E-05 9.98829E-05 9.98829E-05 9.98829E-05 9.98829E-05
0.0328048 0.0122292 0.0118792 0.00749882 0.0318093 0.0432554 0.0238702 0.0393397 0.0145298 0.0105805 0.670656 0.0216461 0.0336945 0.046206
9.98831E-05 9.98831E-05 9.98831E-05 9.98831E-05 9.98831E-05 9.98831E-05 9.98831E-05 0.998702 9.98831E-05 9.98831E-05 9.98831E-05 9.98831E-05 9.98831E-05 9.98831E-05
0.00419098 9.9946E-05 9.9946E-05 9.9946E-05 0.00240276 0.00592021 9.9946E-05 0.94349 9.9946E-05 0.00866793 0.010835 9.9946E-05 0.0082864 0.0156067
9.9883E-05 9.9883E-05 0.998702 9.9883E-05 9.9883E-05 9.9883E-05 9.9883E-05 9.9883E-05 9.9883E-05 9.9883E-05 9.9883E-05 9.9883E-05 9.9883E-05 9.9883E-05
0.00694193 0.0140267 0.870671 0.00632263 0.0150591 0.0056989 0.00494398 0.00805467 0.01493 0.0170804 0.012871 0.011473 9.9991E-05 0.0118263
0.993443 9.98921E-05 9.98921E-05 9.98921E-05 9.98921E-05 9.98921E-05 9.98921E-05 9.98921E-05 0.00535842 9.98921E-05 9.98921E-05 9.98921E-05 9.98921E-05 9.98921E-05
9.9892E-05 9.9892E-05 9.9892E-05 0.996042 9.9892E-05 0.0027589 9.9892E-05 9.9892E-05 9.9892E-05 9.9892E-05 9.9892E-05 9.9892E-05 9.9892E-05 9.9892E-05
9.9937E-05 9.9937E-05 9.9937E-05 0.00627701 0.00458222 0.00538091 0.970639 9.9937E-05 9.9937E-05 9.9937E-05 0.0026631 9.9937E-05 0.00841218 0.00134603
9.9883E-05 9.9883E-05 9.9883E-05 0.998702 9.9883E-05 9.9883E-05 9.9883E-05 9.9883E-05 9.9883E-05 9.9883E-05 9.9883E-05 9.9883E-05 9.9883E-05 9.9883E-05
9.98831E-05 9.98831E-05 9.98831E-05 9.98831E-05 9.98831E-05 9.98831E-05 0.998702 9.98831E-05 9.98831E-05 9.98831E-05 9.98831E-05 9.98831E-05 9.98831E-05 9.98831E-05
9.98829E-05 9.98829E-05 9.98829E-05 9.98829E-05 9.98829E-05 9.98829E-05 9.98829E-05 9.98829E-05 9.98829E-05 0.998702 9.98829E-05 9.98829E-05 9.98829E-05 9.98829E-05
0.000162355 0.970261 9.9946E-05 9.9946E-05 0.00215259 9.9946E-05 0.00699217 0.0049102 0.00617011 0.00559241 9.9946E-05 0.00315998 9.9946E-05 9.9946E-05
0.0347652 0.0213609 0.0186406 0.0265091 0.0360641 0.0507285 0.011829 0.0302552 0.020835 0.423214 0.0878525 9.9991E-05 0.153915 0.0839315
0.00735805 0.00277738 0.0109195 9.9955E-05 9.9955E-05 9.9955E-05 0.00994731 0.00929122 0.00921175 9.9955E-05 0.0279272 9.9955E-05 0.0154641 0.906604
0.00112864 0.00572409 9.99459E-05 9.99459E-05 0.00189264 0.0034304 0.00189028 9.99459E-05 0.00191153 0.0133864 9.99459E-05 9.99459E-05 9.99459E-05 0.970036
9.9901E-05 9.9901E-05 0.00256946 9.9901E-05 9.9901E-05 9.9901E-05 9.9901E-05 9.9901E-05 0.00922014 9.9901E-05 9.9901E-05 9.9901E-05 0.987111 9.9901E-05
9.9901E-05 9.9901E-05 9.9901E-05 9.9901E-05 0.00405291 9.9901E-05 9.9901E-05 9.9901E-05 0.000930229 9.9901E-05 9.9901E-05 0.993918 9.9901E-05 9.9901E-05
0.0248766 0.0297644 0.0576971 0.0197814 0.0175995 0.378965 0.0137645 0.0297293 0.0280645 0.189926 0.0623779 0.015336 0.0901021 0.0420151
0.0107366 0.020351 0.0312391 0.0195472 0.0153714 0.014419 0.0154468 0.00512616 0.0108532 9.9982E-05 0.813215 0.00649067 0.0370041 9.9982E-05
9.9883E-05 9.9883E-05 9.9883E-05 9.9883E-05 9.9883E-05 0.998702 9.9883E-05 9.9883E-05 9.9883E-05 9.9883E-05 9.9883E-05 9.9883E-05 9.9883E-05 9.9883E-05
9.9883E-05 9.9883E-05 9.9883E-05 9.9883E-05 9.9883E-05 9.9883E-05 9.9883E-05 9.9883E-05 9.9883E-05 9.9883E-05 0.998702 9.9883E-05 9.9883E-05 9.9883E-05
9.9928E-05 0.000377028 0.00769294 9.9928E-05 0.00105093 0.00405648 9.9928E-05 0.985331 0.000692551 9.9928E-05 9.9928E-05 9.9928E-05 9.9928E-05 9.9928E-05
0.0101476 9.9937E-05 9.9937E-05 0.00597415 9.9937E-05 9.9937E-05 9.9937E-05 0.946018 9.9937E-05 0.001503 0.0143462 9.9937E-05 0.0145219 0.00678991
9.9883E-05 9.9883E-05 0.998702 9.9883E-05 9.9883E-05 9.9883E-05 9.9883E-05 9.9883E-05 9.9883E-05 9.9883E-05 9.9883E-05 9.9883E-05 9.9883E-05 9.9883E-05
0.0193683 0.0293192 0.55225 0.0144628 0.0116228 0.0371313 0.0196205 0.0373272 0.038059 0.0199866 0.0650437 0.0195399 0.1033 0.0329683
0.965263 0.00326568 0.001222 9.9964E-05 9.9964E-05 0.00390148 0.00186772 0.00564154 0.00532178 9.9964E-05 9.9964E-05 0.000423954 0.00824891 0.00444429
9.993E-05 9.993E-05 0.00289219 0.975691 0.00562586 0.00362017 9.993E-05 0.00617058 0.0028827 9.993E-05 0.00241836 9.993E-05 9.993E-05 9.993E-05
9.9937E-05 0.00566589 0.0242459 0.00955467 9.9937E-05 0.0178363 9.9937E-05 0.00843379 0.930891 9.9937E-05 9.9937E-05 9.9937E-05 0.00267276 9.9937E-05
0.0213226 0.0106973 0.021441 0.839868 0.0017453 0.0059374 0.00370455 0.0146537 0.00841096 0.0118488 0.0260434 9.9991E-05 0.0135727 0.0206547
9.98829E-05 9.98829E-05 9.98829E-05 9.98829E-05 9.98829E-05 9.98829E-05 0.998702 9.98829E-05 9.98829E-05 9.98829E-05 9.98829E-05 9.98829E-05 9.98829E-05 9.98829E-05
0.0088489 0.00366891 0.0124772 0.0039605 0.0010511 9.9973E-05 9.9973E-05 0.0092654 0.00164447 0.942389 0.00768999 0.00637242 9.9973E-05 0.00233233
9.98831E-05 0.998702 9.98831E-05 9.98831E-05 9.98831E-05 9.98831E-05 9.98831E-05 9.98831E-05 9.98831E-05 9.98831E-05 9.98831E-05 9.98831E-05 9.98831E-05 9.98831E-05
0.0318436 0.0352354 0.0488135 0.0211273 0.0296578 0.0465707 0.00935459 0.0286779 0.0156988 0.537803 0.0275552 0.0157945 0.0641835 0.0876845
0.0283509 0.0153247 0.0261625 0.0324606 0.0212639 0.0291886 9.9991E-05 0.0315922 0.0219194 0.0278272 0.0813249 0.0147165 0.109698 0.56007
9.98828E-05 9.98828E-05 9.98828E-05 9.98828E-05 9.98828E-05 9.98828E-05 9.98828E-05 9.98828E-05 9.98828E-05 9.98828E-05 9.98828E-05 9.98828E-05 9.98828E-05 0.998702
9.9883E-05 9.9883E-05 9.9883E-05 9.9883E-05 0.998702 9.9883E-05 9.9883E-05 9.9883E-05 9.9883E-05 9.9883E-05 9.9883E-05 9.9883E-05 9.9883E-05 9.9883E-05
9.98919E-05 9.98919E-05 9.98919E-05 9.98919E-05 9.98919E-05 9.98919E-05 9.98919E-05 0.00472181 9.98919E-05 9.98919E-05 9.98919E-05 9.98919E-05 0.994079 9.98919E-05
0.033817 0.0311538 0.0590489 0.0362681 0.037925 0.317397 0.00509515 0.047166 0.0280284 0.164562 0.0738096 0.012748 0.084796 0.0681851
0.00714632 0.00742824 0.0271537 9.9964E-05 0.00328265 0.0102612 0.00823111 0.00100132 0.02246 9.9964E-05 0.884568 9.9964E-05 0.0280678 9.9964E-05
9.98829E-05 9.98829E-05 9.98829E-05 9.98829E-05 9.98829E-05 0.998702 9.98829E-05 9.98829E-05 9.98829E-05 9.98829E-05 9.98829E-05 9.98829E-05 9.98829E-05 9.98829E-05
0.0234685 9.9982E-05 0.0177447 0.0146478 0.0250137 0.0241706 0.0136122 0.0171727 0.0191979 9.9982E-05 0.74356 0.022676 0.0369051 0.0416314
9.98831E-05 9.98831E-05 9.98831E-05 9.98831E-05 9.98831E-05 9.98831E-05 9.98831E-05 0.998702 9.98831E-05 9.98831E-05 9.98831E-05 9.98831E-05 9.98831E-05 9.98831E-05
9.98832E-05 9.98832E-05 9.98832E-05 9.98832E-05 9.98832E-05 9.98832E-05 9.98832E-05 0.998702 9.98832E-05 9.98832E-05 9.98832E-05 9.98832E-05 9.98832E-05 9.98832E-05
9.9883E-05 9.9883E-05 0.998702 9.9883E-05 9.9883E-05 9.9883E-05 9.9883E-05 9.9883E-05 9.9883E-05 9.9883E-05 9.9883E-05 9.9883E-05 9.9883E-05 9.9883E-05
0.0250979 0.0373694 0.556216 0.0278447 0.0198783 0.0325905 0.0164202 0.0261662 0.0319322 0.0192987 0.0657977 0.0199757 0.0983254 0.0230873
0.838441 0.0143698 0.00727298 0.0210994 0.000432508 0.0159496 0.0191824 0.00187884 0.0030882 0.0060462 0.0384507 0.0122781 0.00515123 0.0163596
9.98831E-05 9.98831E-05 9.98831E-05 0.998702 9.98831E-05 9.98831E-05 9.98831E-05 9.98831E-05 9.98831E-05 9.98831E-05 9.98831E-05 9.98831E-05 9.98831E-05 9.98831E-05
9.9883E-05 9.9883E-05 9.9883E-05 9.9883E-05 9.9883E-05 9.9883E-05 9.9883E-05 9.9883E-05 0.998702 9.9883E-05 9.9883E-05 9.9883E-05 9.9883E-05 9.9883E-05
0.0279941 0.0203636 0.0326057 0.732237 9.9982E-05 0.0167267 0.0255544 0.0296068 0.0206677 9.9982E-05 0.032173 0.0230132 0.0129215 0.0259367
9.98829E-05 9.98829E-05 9.98829E-05 9.98829E-05 9.98829E-05 9.98829E-05 0.998702 9.98829E-05 9.98829E-05 9.98829E-05 9.98829E-05 9.98829E-05 9.98829E-05 9.98829E-05
9.98828E-05 9.98828E-05 9.98828E-05 9.98828E-05 9.98828E-05 9.98828E-05 9.98828E-05 9.98828E-05 9.98828E-05 0.998702 9.98828E-05 9.98828E-05 9.98828E-05 9.98828E-05
9.9883E-05 0.998702 9.9883E-05 9.9883E-05 9.9883E-05 9.9883E-05 9.9883E-05 9.9883E-05 9.9883E-05 9.9883E-05 9.9883E-05 9.9883E-05 9.9883E-05 9.9883E-05
0.023802 0.0489436 0.0514649 0.0350565 0.0764553 0.0595326 0.0568412 0.0197638 0.00961899 0.0241181 0.0673051 0.0455113 0.431793 0.0497932
0.0159163 0.0354116 0.0169638 0.010166 0.0213421 0.0290977 0.00831477 0.0129992 0.00746756 0.616518 0.0316262 0.00163597 0.0873007 0.10524
0.0247082 0.0128833 0.0417685 0.0133903 0.0149428 0.0104709 0.0217792 0.0255879 9.9991E-05 0.0664425 0.0908701 0.0200424 0.175017 0.481997
0.0178358 0.0308528 0.00692105 0.0142383 0.0139166 0.022988 0.00529085 0.0298124 0.00896334 0.0232483 0.0235259 0.00706486 0.0575341 0.737808
0.0328871 0.0155543 0.0408632 0.0243479 0.550505 0.0262284 0.0295843 0.0273708 0.0496637 0.00858931 0.0202161 0.0389942 0.0932227 0.0419724
0.00230977 9.98919E-05 9.98919E-05 9.98919E-05 9.98919E-05 9.98919E-05 9.98919E-05 9.98919E-05 9.98919E-05 9.98919E-05 9.98919E-05 9.98919E-05 0.996492 9.98919E-05
0.0261598 0.0194924 0.0287842 9.9964E-05 0.0130068 0.820472 9.9964E-05 0.0171121 0.00129867 0.0378956 0.0245344 0.0108446 9.9964E-05 9.9964E-05
9.9946E-05 0.0151043 9.9946E-05 0.010015 0.00255877 0.000408959 0.0136594 0.00787778 9.9946E-05 9.9946E-05 0.925746 9.9946E-05 0.0240299 9.9946E-05
9.995E-05 0.00629963 0.0080397 0.0171864 9.995E-05 0.924875 0.00696245 0.0133669 0.00305345 9.995E-05 0.0182767 9.995E-05 9.995E-05 0.0014405
9.99011E-05 9.99011E-05 9.99011E-05 9.99011E-05 0.00749825 9.99011E-05 9.99011E-05 9.99011E-05 9.99011E-05 9.99011E-05 0.984274 9.99011E-05 9.99011E-05 0.00712843
9.9955E-05 0.00362805 0.00632598 9.9955E-05 0.0171788 0.0065538 0.00159994 0.950558 0.00723421 9.9955E-05 9.9955E-05 0.00618554 0.000235567 9.9955E-05
9.98831E-05 9.98831E-05 9.98831E-05 9.98831E-05 9.98831E-05 9.98831E-05 9.98831E-05 0.998702 9.98831E-05 9.98831E-05 9.98831E-05 9.98831E-05 9.98831E-05 9.98831E-05
9.9883E-05 9.9883E-05 0.998702 9.9883E-05 9.9883E-05 9.9883E-05 9.9883E-05 9.9883E-05 9.9883E-05 9.9883E-05 9.9883E-05 9.9883E-05 9.9883E-05 9.9883E-05
0.00283465 0.0170351 0.903262 0.00694163 0.0180031 0.00263193 9.9964E-05 0.0109675 9.9964E-05 0.00614484 0.0228839 0.00889536 9.9964E-05 9.9964E-05
0.998701 9.98886E-05 9.98886E-05 9.98886E-05 9.98886E-05 9.98886E-05 9.98886E-05 9.98886E-05 9.98886E-05 9.98886E-05 9.98886E-05 9.98886E-05 9.98886E-05 9.98886E-05
9.9883E-05 9.9883E-05 9.9883E-05 0.998702 9.9883E-05 9.9883E-05 9.9883E-05 9.9883E-05 9.9883E-05 9.9883E-05 9.9883E-05 9.9883E-05 9.9883E-05 9.9883E-05
9.9883E-05 9.9883E-05 9.9883E-05 9.9883E-05 9.9883E-05 9.9883E-05 9.9883E-05 9.9883E-05 0.998702 9.9883E-05 9.9883E-05 9.9883E-05 9.9883E-05 9.9883E-05
9.98831E-05 9.98831E-05 9.98831E-05 0.998702 9.98831E-05 9.98831E-05 9.98831E-05 9.98831E-05 9.98831E-05 9.98831E-05 9.98831E-05 9.98831E-05 9.98831E-05 9.98831E-05
9.9883E-05 9.9883E-05 9.9883E-05 9.9883E-05 9.9883E-05 9.9883E-05 0.998702 9.9883E-05 9.9883E-05 9.9883E-05 9.9883E-05 9.9883E-05 9.9883E-05 9.9883E-05
9.9919E-05 0.00296954 9.9919E-05 0.00397454 9.9919E-05 9.9919E-05 9.9919E-05 9.9919E-05 9.9919E-05 0.0319358 9.9919E-05 9.9919E-05 0.942093 0.0181276
9.9928E-05 0.957757 9.9928E-05 0.000564275 9.9928E-05 9.9928E-05 0.00111445 0.00540159 9.9928E-05 0.0205315 9.9928E-05 9.9928E-05 0.013832 9.9928E-05
0.0279653 0.0482347 0.0565045 0.0294596 0.0794396 0.0610238 0.0617584 0.0117738 0.00854879 0.0148207 0.0837145 0.0405832 0.430428 0.0457453
0.0363227 0.00592015 0.0335878 0.0414081 0.0315006 0.0627542 0.0481169 0.0107794 0.0246039 0.371799 0.0864309 0.0160056 0.13178 0.0989914
0.0395393 0.0162388 0.014619 0.00146202 0.0125785 0.00648499 0.0248969 0.0237037 0.000551514 0.0630937 0.0911123 0.0262308 0.169464 0.510025
0.0091523 0.0101941 0.0239085 0.0177697 0.0315307 0.0329474 0.0190787 0.00440698 0.000456904 0.0410343 0.0441316 0.0120479 0.0675413 0.6858
9.98801E-05 9.98801E-05 9.98801E-05 9.98801E-05 0.998702 9.98801E-05 9.98801E-05 9.98801E-05 9.98801E-05 9.98801E-05 9.98801E-05 9.98801E-05 9.98801E-05 9.98801E-05
0.00268104 9.9964E-05 0.0234501 0.00938063 9.9964E-05 0.0135308 9.9964E-05 0.0115882 0.0128592 0.00281082 0.00152036 9.9964E-05 0.904714 0.0170653
0.0207055 0.0243492 0.0109235 0.00491636 0.0158737 0.818045 0.00444812 0.0225944 0.00687356 0.0394886 0.0257487 0.00132627 0.000999837 0.00370728
9.98838E-05 9.98838E-05 9.98838E-05 9.98838E-05 9.98838E-05 9.98838E-05 9.98838E-05 9.98838E-05 9.98838E-05 9.98838E-05 0.998702 9.98838E-05 9.98838E-05 9.98838E-05
9.98829E-05 9.98829E-05 9.98829E-05 9.98829E-05 9.98829E-05 0.998702 9.98829E-05 9.98829E-05 9.98829E-05 9.98829E-05 9.98829E-05 9.98829E-05 9.98829E-05 9.98829E-05
0.00195668 9.9919E-05 9.9919E-05 9.9919E-05 0.00364566 9.9919E-05 9.9919E-05 9.9919E-05 9.9919E-05 0.00794832 0.973081 9.9919E-05 9.9919E-05 0.0124687
9.9937E-05 9.9937E-05 0.00335973 9.9937E-05 0.00910483 0.0177398 0.00637585 0.951233 0.00663888 9.9937E-05 9.9937E-05 0.00484825 9.9937E-05 9.9937E-05
0.00269765 9.99011E-05 9.99011E-05 9.99011E-05 9.99011E-05 9.99011E-05 9.99011E-05 0.986214 9.99011E-05 0.00998928 9.99011E-05 9.99011E-05 9.99011E-05 9.99011E-05
9.9883E-05 9.9883E-05 0.998702 9.9883E-05 9.9883E-05 9.9883E-05 9.9883E-05 9.9883E-05 9.9883E-05 9.9883E-05 9.9883E-05 9.9883E-05 9.9883E-05 9.9883E-05
9.9883E-05 9.9883E-05 0.998702 9.9883E-05 9.9883E-05 9.9883E-05 9.9883E-05 9.9883E-05 9.9883E-05 9.9883E-05 9.9883E-05 9.9883E-05 9.9883E-05 9.9883E-05
0.964839 0.00302116 0.00734471 0.00665518 0.00627034 9.9955E-05 0.00689795 0.000638829 0.00075272 0.00308023 9.9955E-05 9.9955E-05 9.9955E-05 9.9955E-05
0.0084076 0.00471084 9.9937E-05 0.96104 0.00517628 9.9937E-05 9.9937E-05 9.9937E-05 0.00251378 9.9937E-05 9.9937E-05 0.0112034 0.00624816 9.9937E-05
0.0445295 0.0031408 0.0240046 0.0234079 0.0314619 0.0515868 0.31367 0.04458 0.183423 0.0399907 0.0880296 0.0262959 0.0719339 0.0539455
0.000579371 0.00624871 0.000488249 0.954855 9.9955E-05 0.00779927 9.9955E-05 0.00664853 0.00576193 9.9955E-05 9.9955E-05 0.00359086 9.9955E-05 0.0135288
0.00685671 0.984534 9.9919E-05 0.000355893 0.00264987 9.9919E-05 9.9919E-05 0.00470438 9.9919E-05 9.9919E-05 9.9919E-05 9.9919E-05 9.9919E-05 9.9919E-05
0.0154309 0.0323579 0.0214577 0.0124942 0.0358104 0.0856907 0.0055823 0.0419583 0.0327683 0.443928 0.0541737 0.0065019 0.0643914 0.147454
0.0304291 0.04737 0.0574518 0.0370623 0.0786341 0.0665123 0.0491704 0.0255415 0.0124257 0.013236 0.0657557 0.047666 0.436495 0.0322503
0.0500532 0.023095 0.0162294 0.0469038 0.041489 0.0356715 0.037631 0.0495908 0.0418412 0.324792 0.0632487 0.0389384 0.132864 0.0976512
0.041093 0.0105988 0.0232656 9.9982E-05 0.0137709 9.9982E-05 0.0182891 0.0341169 0.00366763 0.0782785 0.0771446 0.0251337 0.154763 0.519678
0.0347416 0.0307301 0.00874086 0.0354522 0.0422546 0.0278377 0.0131389 0.0336975 0.0367227 9.9991E-05 0.0503726 0.0129763 0.099062 0.574173
9.98831E-05 9.98831E-05 9.98831E-05 9.98831E-05 9.98831E-05 9.98831E-05 9.98831E-05 9.98831E-05 9.98831E-05 9.98831E-05 9.98831E-05 0.998702 9.98831E-05 9.98831E-05
9.98829E-05 9.98829E-05 9.98829E-05 9.98829E-05 0.998702 9.98829E-05 9.98829E-05 9.98829E-05 9.98829E-05 9.98829E-05 9.98829E-05 9.98829E-05 9.98829E-05 9.98829E-05
9.9892E-05 9.9892E-05 9.9892E-05 0.00459018 9.9892E-05 9.9892E-05 9.9892E-05 9.9892E-05 9.9892E-05 9.9892E-05 9.9892E-05 9.9892E-05 0.994211 9.9892E-05
0.0177204 0.0175878 0.0165273 9.9955E-05 0.0165077 0.849869 9.9955E-05 0.020268 9.9955E-05 0.025016 0.0227698 0.0132339 9.9955E-05 9.9955E-05
9.98829E-05 9.98829E-05 9.98829E-05 9.98829E-05 9.98829E-05 9.98829E-05 9.98829E-05 9.98829E-05 9.98829E-05 9.98829E-05 0.998702 9.98829E-05 9.98829E-05 9.98829E-05
9.98829E-05 9.98829E-05 9.98829E-05 9.98829E-05 9.98829E-05 0.998702 9.98829E-05 9.98829E-05 9.98829E-05 9.98829E-05 9.98829E-05 9.98829E-05 9.98829E-05 9.98829E-05
0.00848003 9.99191E-05 9.99191E-05 9.99191E-05 0.000319082 0.00404016 9.99191E-05 9.99191E-05 9.99191E-05 9.99191E-05 0.97936 9.99191E-05 9.99191E-05 0.0069011
9.9919E-05 9.9919E-05 9.9919E-05 9.9919E-05 0.00838096 0.000135498 9.9919E-05 0.986242 0.00319442 9.9919E-05 9.9919E-05 0.00114793 9.9919E-05 9.9919E-05
9.9937E-05 0.00952767 0.949409 9.9937E-05 0.0139271 9.9937E-05 9.9937E-05 0.00354331 9.9937E-05 0.00194706 0.0121907 0.00875588 9.9937E-05 9.9937E-05
0.998702 9.9883E-05 9.9883E-05 9.9883E-05 9.9883E-05 9.9883E-05 9.9883E-05 9.9883E-05 9.9883E-05 9.9883E-05 9.9883E-05 9.9883E-05 9.9883E-05 9.9883E-05
0.476711 0.0199736 0.0612074 0.029661 0.0284771 0.00748522 0.0139047 0.0417651 0.0213648 0.0675 0.0784847 0.0100416 0.0832346 0.0601888
0.0276461 0.0322876 0.0521439 0.0238764 0.0335286 0.0354912 0.179386 0.0564298 0.167065 0.0478349 0.0992667 0.0408452 0.121616 0.0825829
9.9883E-05 9.9883E-05 9.9883E-05 0.998702 9.9883E-05 9.9883E-05 9.9883E-05 9.9883E-05 9.9883E-05 9.9883E-05 9.9883E-05 9.9883E-05 9.9883E-05 9.9883E-05
9.9883E-05 9.9883E-05 9.9883E-05 9.9883E-05 9.9883E-05 9.9883E-05 9.9883E-05 9.9883E-05 0.998702 9.9883E-05 9.9883E-05 9.9883E-05 9.9883E-05 9.9883E-05
0.0129494 0.011511 0.0128259 0.843731 0.0180977 0.0227912 0.00197847 0.0185338 0.0166522 0.00768004 0.00404908 0.00335615 9.9991E-05 0.0257437
9.98831E-05 0.998702 9.98831E-05 9.98831E-05 9.98831E-05 9.98831E-05 9.98831E-05 9.98831E-05 9.98831E-05 9.98831E-05 9.98831E-05 9.98831E-05 9.98831E-05 9.98831E-05
0.0294697 0.0285799 0.0393927 0.017193 0.041918 0.0760651 0.0125495 0.0174456 0.0295639 0.433962 0.0455941 9.9991E-05 0.124854 0.103312
0.0351008 0.0464537 0.0668121 0.0464917 0.0693375 0.0731298 0.0389955 0.042515 0.0421105 0.0495469 0.0998876 0.0452016 0.277651 0.0667669
0.0286649 0.0293879 0.040727 0.0401468 0.0520101 0.0540767 9.9991E-05 0.0278952 0.0328095 0.392389 0.0692429 0.0228656 0.0878226 0.121861
0.0408081 0.0147815 9.9991E-05 0.0208603 0.0482701 0.0254082 0.00317461 0.00777467 0.0354544 0.0594624 0.0479406 0.0215425 0.0390781 0.635344
0.00474938 0.0311869 9.9964E-05 0.0135783 0.000999115 9.9964E-05 0.0223535 0.0235967 0.0228374 0.0223109 9.9964E-05 9.9964E-05 0.0216772 0.836311
9.98921E-05 9.98921E-05 9.98921E-05 9.98921E-05 9.98921E-05 9.98921E-05 0.00312928 9.98921E-05 9.98921E-05 9.98921E-05 9.98921E-05 0.995672 9.98921E-05 9.98921E-05
0.0206562 0.0103228 0.0252915 0.00986018 0.860566 0.0263853 0.00547749 0.0100495 0.000277581 9.9982E-05 0.014469 0.011439 9.9982E-05 0.0050051
9.9883E-05 9.9883E-05 9.9883E-05 9.9883E-05 9.9883E-05 9.9883E-05 9.9883E-05 9.9883E-05 9.9883E-05 9.9883E-05 9.9883E-05 9.9883E-05 0.998702 9.9883E-05
0.0203616 0.033453 0.0252403 0.0166445 0.0119969 0.774723 0.0044101 0.0309214 0.0136803 0.0232175 0.0276592 0.00624375 0.00207205 0.00937671
9.9883E-05 9.9883E-05 9.9883E-05 9.9883E-05 9.9883E-05 9.9883E-05 9.9883E-05 9.9883E-05 9.9883E-05 9.9883E-05 0.998702 9.9883E-05 9.9883E-05 9.9883E-05
9.98829E-05 9.98829E-05 9.98829E-05 9.98829E-05 9.98829E-05 0.998702 9.98829E-05 9.98829E-05 9.98829E-05 9.98829E-05 9.98829E-05 9.98829E-05 9.98829E-05 9.98829E-05
9.98921E-05 9.98921E-05 9.98921E-05 9.98921E-05 0.000171287 9.98921E-05 9.98921E-05 0.99863 9.98921E-05 9.98921E-05 9.98921E-05 9.98921E-05 9.98921E-05 9.98921E-05
