9.99201E-05 0.999101 9.99201E-05 9.99201E-05 9.99201E-05 9.99201E-05 9.99201E-05 9.99201E-05 9.99201E-05 9.99201E-05
9.9964E-05 0.0041467 9.9964E-05 9.9964E-05 9.9964E-05 0.942977 0.00737163 0.0251163 0.0145948 0.00539326
9.9964E-05 9.9964E-05 9.9964E-05 0.000934653 0.0156929 0.946366 0.00663849 0.0284251 0.00154267 9.9964E-05
0.999101 9.99201E-05 9.99201E-05 9.99201E-05 9.99201E-05 9.99201E-05 9.99201E-05 9.99201E-05 9.99201E-05 9.99201E-05
0.999101 9.99201E-05 9.99201E-05 9.99201E-05 9.99201E-05 9.99201E-05 9.99201E-05 9.99201E-05 9.99201E-05 9.99201E-05
0.0367101 0.0616637 0.390573 0.02855 0.109633 0.0586467 0.0497301 0.101866 0.0494791 0.113149
9.99201E-05 9.99201E-05 9.99201E-05 9.99201E-05 9.99201E-05 9.99201E-05 0.999101 9.99201E-05 9.99201E-05 9.99201E-05
9.99201E-05 9.99201E-05 0.999101 9.99201E-05 9.99201E-05 9.99201E-05 9.99201E-05 9.99201E-05 9.99201E-05 9.99201E-05
0.040699 0.0543057 0.0553764 0.0948768 0.134139 0.0364436 0.051506 0.0932586 0.0157017 0.423693
9.99368E-05 9.99368E-05 9.99368E-05 9.99368E-05 9.99368E-05 0.0198502 9.99368E-05 9.99368E-05 0.97935 9.99368E-05
0.0609784 0.0728122 0.0699794 0.082028 0.135488 0.0746311 0.0510329 0.11815 0.0543811 0.280519
0.0358061 0.0524765 0.0816935 0.0915197 0.161592 0.0944689 0.0709444 0.201894 0.0533497 0.156255
9.99369E-05 0.00719366 0.00449395 9.99369E-05 9.99369E-05 9.99369E-05 9.99369E-05 9.99369E-05 9.99369E-05 0.987613
9.99201E-05 9.99201E-05 9.99201E-05 9.99201E-05 9.99201E-05 9.99201E-05 9.99201E-05 9.99201E-05 9.99201E-05 0.999101
0.0143465 0.0130199 0.00999696 9.9991E-05 0.0781325 0.0220807 0.532425 0.155163 0.0425889 0.132146
9.99201E-05 9.99201E-05 9.99201E-05 9.99201E-05 9.99201E-05 9.99201E-05 9.99201E-05 0.999101 9.99201E-05 9.99201E-05
0.00841055 9.9964E-05 0.000732179 9.9964E-05 9.9964E-05 0.00129083 0.0110516 0.974153 9.9964E-05 0.00396218
0.0620495 0.0588011 0.0535835 0.051713 0.178659 0.0693182 0.0747713 0.195202 0.0343214 0.221581
0.02648 0.0313202 0.00890213 0.791957 0.0291789 0.0288279 0.0167653 0.0285264 0.0236149 0.014427
0.035216 0.0364685 0.0306461 0.0397653 0.717409 0.055104 0.0208791 0.0383481 0.0241244 0.00203956
9.9946E-05 9.9946E-05 0.00373741 0.992219 9.9946E-05 0.00323879 0.000205593 9.9946E-05 9.9946E-05 9.9946E-05
0.0060879 0.00385204 0.0129564 0.0117624 0.950243 9.9973E-05 9.9973E-05 0.00628781 9.9973E-05 0.00851107
0.010872 0.920486 0.000965886 9.9982E-05 0.0310891 0.00728525 0.0131934 9.9982E-05 0.00683518 0.009073
9.99201E-05 9.99201E-05 9.99201E-05 9.99201E-05 9.99201E-05 0.999101 9.99201E-05 9.99201E-05 9.99201E-05 9.99201E-05
9.9973E-05 0.00927229 9.9973E-05 9.9973E-05 0.0128329 0.912989 0.0143046 0.03157 0.0152328 0.00349832
0.999101 9.99201E-05 9.99201E-05 9.99201E-05 9.99201E-05 9.99201E-05 9.99201E-05 9.99201E-05 9.99201E-05 9.99201E-05
9.99201E-05 9.99201E-05 9.99201E-05 9.99201E-05 9.99201E-05 9.99201E-05 0.999101 9.99201E-05 9.99201E-05 9.99201E-05
9.99201E-05 9.99201E-05 0.999101 9.99201E-05 9.99201E-05 9.99201E-05 9.99201E-05 9.99201E-05 9.99201E-05 9.99201E-05
0.00138945 0.0128044 0.00725763 0.00958624 0.00513489 0.00497491 0.928332 0.0206161 9.9991E-05 0.00980441
9.99201E-05 9.99201E-05 0.999101 9.99201E-05 9.99201E-05 9.99201E-05 9.99201E-05 9.99201E-05 9.99201E-05 9.99201E-05
0.038754 0.0391883 0.0620151 0.0991166 0.125251 0.0152011 0.0321344 0.0964305 0.00835211 0.483557
9.99201E-05 9.99201E-05 9.99201E-05 9.99201E-05 9.99201E-05 9.99201E-05 9.99201E-05 9.99201E-05 0.999101 9.99201E-05
0.0656657 0.0749549 0.0914941 0.0824472 0.141477 0.0721463 0.102601 0.1159 0.0545374 0.198777
9.99201E-05 9.99201E-05 9.99201E-05 9.99201E-05 9.99201E-05 9.99201E-05 9.99201E-05 9.99201E-05 9.99201E-05 0.999101
9.99201E-05 9.99201E-05 9.99201E-05 9.99201E-05 9.99201E-05 9.99201E-05 9.99201E-05 9.99201E-05 9.99201E-05 0.999101
0.0341946 0.0594163 0.0231775 0.0637214 0.165595 0.0475439 0.0448826 0.263341 0.0413504 0.256777
9.99201E-05 9.99201E-05 9.99201E-05 9.99201E-05 9.99201E-05 9.99201E-05 9.99201E-05 0.999101 9.99201E-05 9.99201E-05
0.043847 0.0324207 0.0586237 0.0545422 0.112528 0.0124179 0.0470539 0.498081 0.0359412 0.104544
9.9955E-05 9.9955E-05 0.0143195 0.00265329 0.968441 0.000973076 9.9955E-05 9.9955E-05 0.0131136 9.9955E-05
9.99201E-05 9.99201E-05 9.99201E-05 0.999101 9.99201E-05 9.99201E-05 9.99201E-05 9.99201E-05 9.99201E-05 9.99201E-05
0.0256104 0.0349048 0.0368923 0.043172 0.678099 0.0254822 0.0218241 0.0758123 0.0106679 0.0475346
9.99201E-05 0.999101 9.99201E-05 9.99201E-05 9.99201E-05 9.99201E-05 9.99201E-05 9.99201E-05 9.99201E-05 9.99201E-05
0.00959758 0.953082 9.9973E-05 0.00134036 0.0109094 9.9973E-05 0.012482 9.9973E-05 0.00109778 0.0111911
9.99201E-05 9.99201E-05 9.99201E-05 9.99201E-05 9.99201E-05 0.999101 9.99201E-05 9.99201E-05 9.99201E-05 9.99201E-05
0.000856884 0.0136698 0.0207481 0.00773495 0.0261495 0.874504 0.00414609 0.027687 0.0121723 0.0123318
0.999101 9.99201E-05 9.99201E-05 9.99201E-05 9.99201E-05 9.99201E-05 9.99201E-05 9.99201E-05 9.99201E-05 9.99201E-05
9.99201E-05 9.99201E-05 9.99201E-05 9.99201E-05 9.99201E-05 9.99201E-05 0.999101 9.99201E-05 9.99201E-05 9.99201E-05
0.0208259 0.0240774 0.570154 0.0043725 0.0254255 0.0177991 0.0238571 0.132493 0.0378572 0.143138
9.99201E-05 9.99201E-05 9.99201E-05 9.99201E-05 9.99201E-05 9.99201E-05 0.999101 9.99201E-05 9.99201E-05 9.99201E-05
0.0159939 0.030323 0.597669 9.9991E-05 0.01385 0.0217817 0.0233747 0.128871 0.0242325 0.143805
0.0294332 0.0594717 0.054151 0.0972487 0.119355 0.0396437 0.0416693 0.108644 0.0206639 0.42972
0.00824374 9.9946E-05 0.00902367 0.00204772 9.9946E-05 9.9946E-05 9.9946E-05 9.9946E-05 0.980085 9.9946E-05
0.0634341 0.0520705 0.0718106 0.0992134 0.173995 0.0372281 0.0432999 0.090265 0.0496588 0.319025
0.00884229 0.000276956 0.0151012 9.99549E-05 9.99549E-05 0.00278152 9.99549E-05 9.99549E-05 9.99549E-05 0.972498
9.99201E-05 9.99201E-05 9.99201E-05 9.99201E-05 9.99201E-05 9.99201E-05 9.99201E-05 9.99201E-05 9.99201E-05 0.999101
0.0484165 0.0556348 0.0472748 0.0595995 0.139324 0.0663455 0.0773037 0.219307 0.0692913 0.217502
9.99201E-05 9.99201E-05 9.99201E-05 9.99201E-05 9.99201E-05 9.99201E-05 9.99201E-05 0.999101 9.99201E-05 9.99201E-05
0.046783 0.0461685 0.0426408 0.38571 0.0967244 0.0652184 0.0385618 0.0774962 0.0352124 0.165484
0.0102007 0.0108373 0.0152284 0.0226782 0.839816 0.0341362 0.0219781 0.0254266 0.00878364 0.0109151
9.99201E-05 9.99201E-05 9.99201E-05 0.999101 9.99201E-05 9.99201E-05 9.99201E-05 9.99201E-05 9.99201E-05 9.99201E-05
9.99201E-05 9.99201E-05 9.99201E-05 9.99201E-05 0.999101 9.99201E-05 9.99201E-05 9.99201E-05 9.99201E-05 9.99201E-05
9.9937E-05 0.987745 0.00433609 9.9937E-05 9.9937E-05 0.00721983 9.9937E-05 9.9937E-05 9.9937E-05 9.9937E-05
0.0127896 0.94443 9.9955E-05 9.9955E-05 0.0176491 9.9955E-05 0.0056477 9.9955E-05 9.9955E-05 0.0189842
9.99201E-05 9.99201E-05 9.99201E-05 9.99201E-05 9.99201E-05 0.999101 9.99201E-05 9.99201E-05 9.99201E-05 9.99201E-05
0.0321196 0.0320086 0.0512143 0.0444976 0.0844869 0.564097 0.0195209 0.0682085 0.0373027 0.0665437
0.968528 0.000210266 0.00164957 9.9982E-05 0.00452392 0.00811236 0.000865465 0.0133631 0.00254752 9.9982E-05
9.9964E-05 9.9964E-05 0.0146749 0.00142201 0.000862449 0.00589228 0.974832 9.9964E-05 0.00191664 9.9964E-05
9.9955E-05 0.00426879 0.972384 0.0112481 9.9955E-05 0.00714066 9.9955E-05 9.9955E-05 0.00445903 9.9955E-05
0.00954589 0.0162229 0.030602 0.00985728 0.0184719 0.0221131 0.841902 0.00227331 0.0145462 0.0344659
0.00301468 0.0294963 0.622837 0.00948216 0.0153916 0.0186549 0.0151518 0.132825 0.0235688 0.129578
0.0591244 0.062971 0.0518461 0.0913541 0.11275 0.0451592 0.0453629 0.0954642 0.0445628 0.391406
9.99201E-05 9.99201E-05 9.99201E-05 9.99201E-05 9.99201E-05 9.99201E-05 9.99201E-05 9.99201E-05 0.999101 9.99201E-05
0.0536327 0.06743 0.0586908 0.100893 0.123032 0.0448234 0.0471792 0.0956477 0.0628248 0.345847
0.0287543 0.0419075 0.0238869 0.0362908 0.0758861 0.030075 0.0362549 0.0683805 0.0119563 0.646608
9.99201E-05 9.99201E-05 9.99201E-05 9.99201E-05 9.99201E-05 9.99201E-05 9.99201E-05 9.99201E-05 9.99201E-05 0.999101
0.00793721 0.00418214 9.9964E-05 9.9964E-05 0.0144528 0.0135079 9.9964E-05 0.95456 9.9964E-05 0.00496036
0.0575145 0.0658596 0.0431692 0.0406309 0.1728 0.0560214 0.0602248 0.213048 0.0612799 0.229452
0.0476059 0.0468321 0.04249 0.338202 0.123053 0.0762605 0.0389131 0.0893679 0.0491016 0.148173
9.9973E-05 0.0177902 0.0231865 0.0074306 0.910801 0.020512 0.00972589 9.9973E-05 0.0102535 9.9973E-05
9.99201E-05 9.99201E-05 9.99201E-05 0.999101 9.99201E-05 9.99201E-05 9.99201E-05 9.99201E-05 9.99201E-05 9.99201E-05
0.0201578 0.0210823 0.0260735 0.0243359 0.744023 0.0246041 0.00640971 0.075926 0.00400269 0.0533847
9.99201E-05 0.999101 9.99201E-05 9.99201E-05 9.99201E-05 9.99201E-05 9.99201E-05 9.99201E-05 9.99201E-05 9.99201E-05
9.99201E-05 0.999101 9.99201E-05 9.99201E-05 9.99201E-05 9.99201E-05 9.99201E-05 9.99201E-05 9.99201E-05 9.99201E-05
9.99201E-05 9.99201E-05 9.99201E-05 9.99201E-05 9.99201E-05 0.999101 9.99201E-05 9.99201E-05 9.99201E-05 9.99201E-05
0.0246458 0.0258175 0.0423792 0.0256236 0.0827124 0.578474 0.0330285 0.0740731 0.0443138 0.0689319
0.834814 0.0043755 0.0160252 0.0337904 0.0312072 0.0208521 0.0192433 0.00788518 0.00881613 0.0229909
9.99201E-05 9.99201E-05 9.99201E-05 9.99201E-05 9.99201E-05 9.99201E-05 0.999101 9.99201E-05 9.99201E-05 9.99201E-05
9.99201E-05 9.99201E-05 0.999101 9.99201E-05 9.99201E-05 9.99201E-05 9.99201E-05 9.99201E-05 9.99201E-05 9.99201E-05
0.0154126 0.0412689 0.028606 0.0130433 0.0348015 0.0341311 0.745247 0.0306092 0.0360878 0.0207928
0.00943575 0.029323 0.625229 9.9982E-05 9.9982E-05 0.0195344 0.0177772 0.125596 0.0294836 0.143421
0.0411593 0.0623385 0.0604729 0.0945816 0.121651 0.0294666 0.0337988 0.0951329 0.0235808 0.437818
9.99201E-05 9.99201E-05 9.99201E-05 9.99201E-05 9.99201E-05 9.99201E-05 9.99201E-05 9.99201E-05 0.999101 9.99201E-05
0.0456059 0.0458712 0.0608288 0.0784351 0.139758 0.0725903 0.0658319 0.232794 0.0628821 0.195402
0.0419835 0.054673 0.0550362 0.108746 0.122899 0.0352093 0.0263038 0.0982293 0.0530341 0.403887
0.0370912 0.0326416 0.0137616 0.020942 0.0995214 0.0415685 0.0197091 0.0614084 0.0330499 0.640306
0.0155149 0.0382459 0.0128099 0.0243499 0.0192265 0.00692417 0.0156412 0.0210404 0.0325175 0.813729
0.0244666 0.0306517 0.0612194 0.0226901 0.0498978 0.0652773 0.0329332 0.578295 0.029854 0.104715
0.0715613 0.0670103 0.0439886 0.0512627 0.154237 0.0557446 0.0594363 0.231598 0.0593623 0.205798
0.0161107 0.013553 0.00126039 0.834391 0.0435148 0.0285031 9.9991E-05 0.0344414 0.0212624 0.00686313
9.9973E-05 0.00655591 0.0052165 0.00730809 0.950765 0.00309452 0.0147175 9.9973E-05 0.0120426 9.9973E-05
0.00451993 0.00597335 0.00477442 0.930608 0.00569188 0.0118017 0.0155366 0.0106903 0.00568364 0.00471975
0.00295506 9.9937E-05 9.9937E-05 0.00133907 0.995006 9.9937E-05 9.9937E-05 9.9937E-05 9.9937E-05 9.9937E-05
9.9973E-05 0.949639 0.0144178 0.0095487 9.9973E-05 0.0112842 0.0017044 0.0120711 0.00103445 9.9973E-05
9.99201E-05 0.999101 9.99201E-05 9.99201E-05 9.99201E-05 9.99201E-05 9.99201E-05 9.99201E-05 9.99201E-05 9.99201E-05
9.99201E-05 9.99201E-05 9.99201E-05 9.99201E-05 9.99201E-05 0.999101 9.99201E-05 9.99201E-05 9.99201E-05 9.99201E-05
9.9982E-05 0.00402397 0.00769376 9.9982E-05 0.00872594 0.915383 0.0103224 0.0341889 0.0100037 0.0094584
0.992587 0.0066134 9.9928E-05 9.9928E-05 9.9928E-05 9.9928E-05 9.9928E-05 9.9928E-05 9.9928E-05 9.9928E-05
9.99201E-05 9.99201E-05 9.99201E-05 9.99201E-05 9.99201E-05 9.99201E-05 0.999101 9.99201E-05 9.99201E-05 9.99201E-05
9.99201E-05 9.99201E-05 0.999101 9.99201E-05 9.99201E-05 9.99201E-05 9.99201E-05 9.99201E-05 9.99201E-05 9.99201E-05
9.99201E-05 9.99201E-05 9.99201E-05 9.99201E-05 9.99201E-05 9.99201E-05 0.999101 9.99201E-05 9.99201E-05 9.99201E-05
0.0129405 0.028747 0.629296 9.9991E-05 0.00513492 0.0103813 0.0151841 0.1065 0.0404048 0.151311
0.0492693 0.0726063 0.01741 0.0542156 0.149814 0.056685 0.0792773 0.214161 0.0520838 0.254478
9.9955E-05 0.00226718 9.9955E-05 9.9955E-05 0.000562166 9.9955E-05 0.00956816 9.9955E-05 0.982114 0.00498892
0.0503461 0.0445611 0.0626842 0.0943287 0.119855 0.0778978 0.0674936 0.233356 0.0760329 0.173445
0.0592085 0.0513551 0.0620989 0.0944626 0.150159 0.0558211 0.0597806 0.0938223 0.0447101 0.328581
0.0466164 0.0264626 0.0153921 0.0161738 0.0914762 0.030116 0.0115145 0.067588 0.0186259 0.676035
9.99939E-05 0.0188517 0.0138791 0.0429552 0.0713726 0.0188581 0.0192988 0.0451679 0.00902235 0.760494
0.000107833 9.9937E-05 9.9937E-05 9.9937E-05 9.9937E-05 0.000249616 9.9937E-05 0.998943 9.9937E-05 9.9937E-05
0.0573139 0.0631508 0.0452601 0.045066 0.16109 0.0613507 0.0805994 0.189957 0.0539452 0.242267
0.0289856 0.0204642 0.00200129 0.814159 0.023316 0.0271775 0.0110852 0.0400933 0.0203934 0.0123242
9.99201E-05 9.99201E-05 9.99201E-05 9.99201E-05 0.999101 9.99201E-05 9.99201E-05 9.99201E-05 9.99201E-05 9.99201E-05
9.99201E-05 9.99201E-05 9.99201E-05 0.999101 9.99201E-05 9.99201E-05 9.99201E-05 9.99201E-05 9.99201E-05 9.99201E-05
0.00129694 9.9937E-05 9.9937E-05 9.9937E-05 0.995927 9.9937E-05 9.9937E-05 9.9937E-05 9.9937E-05 0.00207656
0.00201247 0.95982 0.00495101 0.0128183 9.9982E-05 0.0101603 0.0030261 0.00479529 0.00221655 9.9982E-05
0.00115203 0.996379 9.9937E-05 9.9937E-05 9.9937E-05 9.9937E-05 9.9937E-05 9.9937E-05 9.9937E-05 0.00176956
9.99201E-05 9.99201E-05 9.99201E-05 9.99201E-05 9.99201E-05 0.999101 9.99201E-05 9.99201E-05 9.99201E-05 9.99201E-05
9.99201E-05 9.99201E-05 9.99201E-05 9.99201E-05 9.99201E-05 0.999101 9.99201E-05 9.99201E-05 9.99201E-05 9.99201E-05
0.971397 0.00234359 0.000999815 0.00313747 9.9973E-05 0.0119671 0.00929943 0.000556154 9.9973E-05 9.9973E-05
0.0123444 9.9964E-05 0.00959809 9.9964E-05 0.00894471 9.9964E-05 0.967734 0.000642505 0.00033662 9.9964E-05
0.0529454 0.0538622 0.391831 0.0539047 0.103563 0.0419809 0.0444163 0.107192 0.0168371 0.133467
0.00349855 0.00462461 0.00397098 0.0070726 0.00234483 0.00157906 0.963565 0.000255459 0.000638905 0.0124499
0.00608776 0.00434139 9.9964E-05 0.000212482 9.9964E-05 0.00173261 0.00154625 9.9964E-05 0.98568 9.9964E-05
0.035251 0.0641383 0.0668129 0.129641 0.124103 0.0378815 0.0279209 0.0981225 0.0374449 0.378684
0.044282 0.0477006 0.0680862 0.0847817 0.128822 0.0796697 0.0684841 0.233165 0.0755303 0.169478
0.0732577 0.0616756 0.0931816 0.0741848 0.132203 0.0309248 0.069267 0.126452 0.046344 0.29251
0.039909 0.0337033 0.0171161 0.00379026 0.0786113 0.0362921 0.0213024 0.0539167 0.0249853 0.690374
0.0355219 0.0235316 0.0392124 0.031949 0.0568383 0.0187138 0.04571 0.060551 0.034392 0.65358
9.99201E-05 9.99201E-05 9.99201E-05 9.99201E-05 9.99201E-05 9.99201E-05 9.99201E-05 0.999101 9.99201E-05 9.99201E-05
9.9946E-05 9.9946E-05 0.00455278 9.9946E-05 9.9946E-05 0.00223278 9.9946E-05 0.987282 9.9946E-05 0.00533281
0.0586421 0.0428396 0.037002 0.0436649 0.146272 0.0580383 0.082898 0.242258 0.0332069 0.255178
0.0206216 0.0206602 9.9982E-05 0.840558 0.03654 0.0294382 9.9982E-05 0.0188211 0.0224833 0.0106776
9.99201E-05 9.99201E-05 9.99201E-05 9.99201E-05 0.999101 9.99201E-05 9.99201E-05 9.99201E-05 9.99201E-05 9.99201E-05
9.99201E-05 9.99201E-05 9.99201E-05 0.999101 9.99201E-05 9.99201E-05 9.99201E-05 9.99201E-05 9.99201E-05 9.99201E-05
0.00757912 9.9937E-05 9.9937E-05 9.9937E-05 0.987548 9.9937E-05 0.00417365 9.9937E-05 9.9937E-05 9.9937E-05
9.9928E-05 0.993105 9.9928E-05 9.9928E-05 9.9928E-05 9.9928E-05 9.9928E-05 0.00609535 9.9928E-05 9.9928E-05
9.9946E-05 9.9946E-05 9.9946E-05 9.9946E-05 0.0121594 0.952876 9.9946E-05 0.0225152 0.0118495 9.9946E-05
0.999101 9.99201E-05 9.99201E-05 9.99201E-05 9.99201E-05 9.99201E-05 9.99201E-05 9.99201E-05 9.99201E-05 9.99201E-05
0.47563 0.0514359 0.0373976 0.0158443 0.101837 0.0621828 0.0454627 0.0626529 0.020216 0.127341
0.0310958 0.0660434 0.294299 0.0462181 0.125175 0.0633484 0.0388737 0.128768 0.043395 0.162784
9.99201E-05 9.99201E-05 9.99201E-05 9.99201E-05 9.99201E-05 9.99201E-05 0.999101 9.99201E-05 9.99201E-05 9.99201E-05
9.99201E-05 9.99201E-05 0.999101 9.99201E-05 9.99201E-05 9.99201E-05 9.99201E-05 9.99201E-05 9.99201E-05 9.99201E-05
0.0121285 0.0174141 0.0157581 0.0253858 9.9991E-05 0.0333494 0.862413 0.00406809 0.0179644 0.0114188
9.99201E-05 9.99201E-05 9.99201E-05 9.99201E-05 9.99201E-05 9.99201E-05 9.99201E-05 9.99201E-05 0.999101 9.99201E-05
0.0505897 0.0575387 0.0601048 0.115346 0.134646 0.0534555 0.0353853 0.104199 0.0384647 0.350269
0.0455646 0.0434928 0.0845087 0.0957418 0.157545 0.0859592 0.067741 0.208225 0.0523888 0.158833
0.0551184 0.0553341 0.0583772 0.0887006 0.132302 0.049102 0.0472472 0.131843 0.0516532 0.330322
0.0339253 0.0127382 0.0501368 0.0411759 0.0517494 0.00725477 0.0153291 0.0493154 0.0147859 0.723589
0.00375194 0.0266549 0.0230085 0.010824 9.9982E-05 0.00381932 0.00477085 9.9982E-05 0.0289051 0.898065
9.99201E-05 9.99201E-05 9.99201E-05 9.99201E-05 9.99201E-05 9.99201E-05 9.99201E-05 0.999101 9.99201E-05 9.99201E-05
0.021781 0.0272004 0.0245631 0.0219965 0.0139875 0.0347983 0.0106427 0.796953 0.00696525 0.0411121
0.0552577 0.0362827 0.0359141 0.0483053 0.14493 0.0400739 0.0760361 0.260986 0.0449333 0.257281
0.0307002 0.0229643 0.0162502 0.789192 0.0218919 0.0346576 0.0140242 0.0146816 0.0288088 0.026829
9.99201E-05 9.99201E-05 9.99201E-05 9.99201E-05 0.999101 9.99201E-05 9.99201E-05 9.99201E-05 9.99201E-05 9.99201E-05
9.99201E-05 9.99201E-05 9.99201E-05 0.999101 9.99201E-05 9.99201E-05 9.99201E-05 9.99201E-05 9.99201E-05 9.99201E-05
9.99201E-05 0.999101 9.99201E-05 9.99201E-05 9.99201E-05 9.99201E-05 9.99201E-05 9.99201E-05 9.99201E-05 9.99201E-05
