9.99201E-05 9.99201E-05 9.99201E-05 0.999101 9.99201E-05 9.99201E-05 9.99201E-05 9.99201E-05 9.99201E-05 9.99201E-05
0.00189573 9.9964E-05 0.0231028 0.00507192 0.0224011 9.9964E-05 0.943785 0.00334389 9.9964E-05 9.9964E-05
0.00360932 9.9964E-05 0.0352975 0.0029745 0.00863202 9.9964E-05 0.938588 0.010499 9.9964E-05 9.9964E-05
9.99201E-05 9.99201E-05 9.99201E-05 9.99201E-05 9.99201E-05 9.99201E-05 9.99201E-05 9.99201E-05 9.99201E-05 0.999101
9.99201E-05 9.99201E-05 9.99201E-05 9.99201E-05 9.99201E-05 9.99201E-05 9.99201E-05 9.99201E-05 9.99201E-05 0.999101
0.0491709 0.0248834 0.0909496 0.0586046 0.0428346 0.0914926 0.0564878 0.226244 0.314167 0.0451659
0.999101 9.99201E-05 9.99201E-05 9.99201E-05 9.99201E-05 9.99201E-05 9.99201E-05 9.99201E-05 9.99201E-05 9.99201E-05
9.99201E-05 9.99201E-05 9.99201E-05 9.99201E-05 9.99201E-05 9.99201E-05 9.99201E-05 9.99201E-05 0.999101 9.99201E-05
0.047973 0.0935552 0.0820984 0.0716234 0.0219009 0.0530573 0.0331094 0.559149 0.0115163 0.0260172
0.00199446 9.9955E-05 9.9955E-05 0.00199321 0.985618 0.00653316 0.0033615 9.9955E-05 9.9955E-05 9.9955E-05
0.0521326 0.102555 0.109042 0.0649463 0.0437056 0.0589943 0.0504868 0.433629 0.0333036 0.0512053
0.0727744 0.0847481 0.174627 0.0540108 0.0560303 0.0614646 0.0914296 0.336119 0.0317069 0.0370886
0.0211567 0.001095 0.00712041 0.00368585 9.9973E-05 0.0263885 9.9973E-05 0.924268 0.0159856 9.9973E-05
9.99201E-05 9.99201E-05 9.99201E-05 9.99201E-05 9.99201E-05 9.99201E-05 9.99201E-05 0.999101 9.99201E-05 9.99201E-05
0.542982 0.00822738 0.133202 0.0109453 0.032539 0.038104 0.0248967 0.205875 9.9991E-05 0.00312743
9.99201E-05 9.99201E-05 0.999101 9.99201E-05 9.99201E-05 9.99201E-05 9.99201E-05 9.99201E-05 9.99201E-05 9.99201E-05
0.00563973 0.00256599 0.958005 9.9955E-05 9.9955E-05 0.0179899 0.0152997 9.9955E-05 9.9955E-05 9.9955E-05
0.0711275 0.0521733 0.167296 0.0510967 0.033711 0.0609217 0.0648967 0.420288 0.0217757 0.0567134
0.0129939 0.777964 0.0389701 0.0321157 0.0269078 9.9991E-05 0.0232898 0.0470811 0.0113467 0.0292313
0.0254092 0.0430551 0.0185198 0.0311948 0.0226949 0.0212843 0.0437642 0.738851 0.0249003 0.0303267
0.00249164 0.985557 0.00151863 9.9946E-05 9.9946E-05 9.9946E-05 0.00983326 9.9946E-05 9.9946E-05 9.9946E-05
9.9964E-05 9.9964E-05 0.0107556 9.9964E-05 0.00150011 9.9964E-05 0.00265326 0.966727 0.0092013 0.00876253
0.00897762 9.9964E-05 9.9964E-05 0.924511 0.011176 9.9964E-05 0.0032829 0.0448431 9.9964E-05 0.00680919
9.99201E-05 9.99201E-05 9.99201E-05 9.99201E-05 9.99201E-05 9.99201E-05 0.999101 9.99201E-05 9.99201E-05 9.99201E-05
0.00780479 9.9964E-05 0.0347791 0.00676528 0.0170513 9.9964E-05 0.91731 0.0158893 9.9964E-05 9.9964E-05
9.99201E-05 9.99201E-05 9.99201E-05 9.99201E-05 9.99201E-05 9.99201E-05 9.99201E-05 9.99201E-05 9.99201E-05 0.999101
0.999101 9.99201E-05 9.99201E-05 9.99201E-05 9.99201E-05 9.99201E-05 9.99201E-05 9.99201E-05 9.99201E-05 9.99201E-05
9.99201E-05 9.99201E-05 9.99201E-05 9.99201E-05 9.99201E-05 9.99201E-05 9.99201E-05 9.99201E-05 0.999101 9.99201E-05
0.918797 0.0120158 0.00408806 0.0159771 0.00203408 0.0126257 0.0138341 0.00612062 0.000743858 0.0137636
0.0026944 0.0040549 9.9964E-05 0.0029855 0.00509698 9.9964E-05 0.00828036 9.9964E-05 0.976488 9.9964E-05
0.0268212 0.0853359 0.0781324 0.0510744 0.00150652 0.0566164 0.00903912 0.644501 0.0201014 0.026872
9.99201E-05 9.99201E-05 9.99201E-05 9.99201E-05 0.999101 9.99201E-05 9.99201E-05 9.99201E-05 9.99201E-05 9.99201E-05
0.08968 0.108206 0.0999485 0.0914729 0.0722841 0.0422076 0.0869324 0.312363 0.0376792 0.0592269
0.0231099 0.00263501 9.9973E-05 0.00369247 9.9973E-05 0.0168752 9.9973E-05 0.95172 0.000580222 0.00108688
9.9928E-05 0.00413133 9.9928E-05 9.9928E-05 9.9928E-05 9.9928E-05 9.9928E-05 0.995069 9.9928E-05 9.9928E-05
0.0475959 0.0610877 0.220955 0.0533954 0.0419804 0.0339882 0.0505276 0.440246 0.0161811 0.0340435
9.99201E-05 9.99201E-05 0.999101 9.99201E-05 9.99201E-05 9.99201E-05 9.99201E-05 9.99201E-05 9.99201E-05 9.99201E-05
0.0536777 0.0619624 0.478408 0.0337142 0.0318268 0.0385708 0.0214476 0.197031 0.0460008 0.037361
0.00151654 0.00978589 9.9982E-05 0.00590455 0.0140251 0.00958363 0.0184288 0.939211 0.0013448 9.9982E-05
9.99201E-05 0.999101 9.99201E-05 9.99201E-05 9.99201E-05 9.99201E-05 9.99201E-05 9.99201E-05 9.99201E-05 9.99201E-05
0.0118962 0.0331006 0.0382662 0.0338684 0.0109407 0.0198375 0.031097 0.770545 0.0203929 0.0300557
9.99201E-05 9.99201E-05 9.99201E-05 0.999101 9.99201E-05 9.99201E-05 9.99201E-05 9.99201E-05 9.99201E-05 9.99201E-05
0.0135048 9.9955E-05 9.9955E-05 0.945718 0.00674548 9.9955E-05 9.9955E-05 0.0283369 9.9955E-05 0.00519531
9.99201E-05 9.99201E-05 9.99201E-05 9.99201E-05 9.99201E-05 9.99201E-05 0.999101 9.99201E-05 9.99201E-05 9.99201E-05
0.00710554 0.00759248 0.0309252 0.0132289 0.0253912 0.00810033 0.869171 0.0158095 0.017401 0.00527482
9.9937E-05 9.9937E-05 9.9937E-05 9.9937E-05 9.9937E-05 9.9937E-05 0.000491941 9.9937E-05 0.00042968 0.998379
0.999101 9.99201E-05 9.99201E-05 9.99201E-05 9.99201E-05 9.99201E-05 9.99201E-05 9.99201E-05 9.99201E-05 9.99201E-05
9.9955E-05 9.9955E-05 0.00269747 0.000145932 0.00770837 0.985618 9.9955E-05 9.9955E-05 9.9955E-05 0.00333033
0.999101 9.99201E-05 9.99201E-05 9.99201E-05 9.99201E-05 9.99201E-05 9.99201E-05 9.99201E-05 9.99201E-05 9.99201E-05
9.9928E-05 9.9928E-05 9.9928E-05 0.00238344 9.9928E-05 0.996817 9.9928E-05 9.9928E-05 9.9928E-05 9.9928E-05
0.054729 0.0942351 0.0809846 0.0562537 0.018095 0.0351592 0.0241752 0.584238 0.0361516 0.0159787
0.00422386 9.99539E-05 9.99539E-05 0.00425288 0.983536 9.99539E-05 9.99539E-05 9.99539E-05 0.00738784 9.99539E-05
0.0330392 0.119481 0.0886359 0.0587188 0.0409753 0.0444338 0.0354698 0.505849 0.0256683 0.047729
0.0173296 0.00418179 9.9982E-05 0.012306 9.9982E-05 0.0113912 0.00360474 0.925767 0.0109653 0.014254
0.0021607 0.01579 0.000627681 0.00373471 0.00349711 0.0199284 0.00526409 0.945053 0.000611135 0.00333333
0.0598641 0.0492696 0.182283 0.061504 0.0621949 0.0611098 0.0600343 0.383122 0.0111496 0.0694689
9.99201E-05 9.99201E-05 0.999101 9.99201E-05 9.99201E-05 9.99201E-05 9.99201E-05 9.99201E-05 9.99201E-05 9.99201E-05
0.0391632 0.380428 0.0671987 0.054003 0.0397394 0.0227873 0.0658796 0.250058 0.0385808 0.0421611
0.0151779 0.0236422 0.0060285 0.00494776 0.0170814 0.00954505 0.0475693 0.84726 0.0194794 0.00926894
9.99201E-05 0.999101 9.99201E-05 9.99201E-05 9.99201E-05 9.99201E-05 9.99201E-05 9.99201E-05 9.99201E-05 9.99201E-05
9.99201E-05 9.99201E-05 9.99201E-05 9.99201E-05 9.99201E-05 9.99201E-05 9.99201E-05 0.999101 9.99201E-05 9.99201E-05
9.9946E-05 9.9946E-05 0.00387387 0.98712 9.9946E-05 0.00220088 0.00620601 9.9946E-05 9.9946E-05 9.9946E-05
0.000424311 9.9955E-05 9.9955E-05 0.95303 9.9955E-05 0.00371116 9.9955E-05 0.0335486 9.9955E-05 0.00878609
9.99201E-05 9.99201E-05 9.99201E-05 9.99201E-05 9.99201E-05 9.99201E-05 0.999101 9.99201E-05 9.99201E-05 9.99201E-05
0.0244276 0.0417745 0.0561014 0.0349183 0.0441923 0.0305335 0.56373 0.148442 0.0291352 0.0267459
0.000172771 0.00596608 0.0158733 0.00643371 9.9973E-05 9.9973E-05 9.9973E-05 0.011086 0.0124949 0.947673
0.975904 0.00217454 0.00959634 0.00578261 9.9973E-05 9.9973E-05 9.9973E-05 0.00137992 0.00264738 0.00221506
0.0013478 0.0135787 9.9982E-05 0.00653829 0.0191418 9.9982E-05 0.0191332 0.0028233 0.936247 0.000990351
0.850144 0.0118302 0.00811997 0.00974265 0.0292968 0.0128218 0.0186674 0.0335864 0.0256906 9.9991E-05
9.99201E-05 9.99201E-05 9.99201E-05 9.99201E-05 9.99201E-05 0.999101 9.99201E-05 9.99201E-05 9.99201E-05 9.99201E-05
0.0522819 0.114827 0.0996211 0.0558124 0.0237537 0.0511796 0.027354 0.508405 0.0238743 0.0428909
9.99201E-05 9.99201E-05 9.99201E-05 9.99201E-05 0.999101 9.99201E-05 9.99201E-05 9.99201E-05 9.99201E-05 9.99201E-05
0.0507589 0.122301 0.0815057 0.0641318 0.0537839 0.0311986 0.0441058 0.489075 0.0282589 0.0348797
0.0414143 0.0408921 0.0761917 0.0387599 0.0217209 0.00707531 0.0261826 0.687699 0.0335219 0.0265424
9.99201E-05 9.99201E-05 9.99201E-05 9.99201E-05 9.99201E-05 9.99201E-05 9.99201E-05 0.999101 9.99201E-05 9.99201E-05
9.9955E-05 9.9955E-05 0.947218 9.9955E-05 9.9955E-05 0.0159935 0.0149165 0.0174134 9.9955E-05 0.00395876
0.0581032 0.0453475 0.170688 0.0653843 0.063124 0.055014 0.0616035 0.408294 0.0113167 0.0611251
0.0540085 0.351228 0.068124 0.0495814 0.0360807 0.036443 0.0630369 0.264835 0.0297619 0.0469002
0.0143814 0.0102406 9.9991E-05 0.0130919 0.0103785 0.00823428 0.0290807 0.895791 0.0171988 0.00150268
9.99201E-05 0.999101 9.99201E-05 9.99201E-05 9.99201E-05 9.99201E-05 9.99201E-05 9.99201E-05 9.99201E-05 9.99201E-05
9.999E-05 0.0180371 0.0277511 0.0188537 0.0015381 0.00736085 0.0390764 0.84729 0.0203204 0.0196728
9.99201E-05 9.99201E-05 9.99201E-05 0.999101 9.99201E-05 9.99201E-05 9.99201E-05 9.99201E-05 9.99201E-05 9.99201E-05
9.99201E-05 9.99201E-05 9.99201E-05 0.999101 9.99201E-05 9.99201E-05 9.99201E-05 9.99201E-05 9.99201E-05 9.99201E-05
9.99201E-05 9.99201E-05 9.99201E-05 9.99201E-05 9.99201E-05 9.99201E-05 0.999101 9.99201E-05 9.99201E-05 9.99201E-05
0.0349101 0.0397116 0.0674154 0.0263582 0.0396752 0.0224664 0.563102 0.144689 0.0433762 0.0182952
0.0259094 0.0219258 9.9982E-05 9.9982E-05 0.0213853 0.00407297 0.0113939 0.0659689 0.00729467 0.841849
0.999101 9.99201E-05 9.99201E-05 9.99201E-05 9.99201E-05 9.99201E-05 9.99201E-05 9.99201E-05 9.99201E-05 9.99201E-05
9.99201E-05 9.99201E-05 9.99201E-05 9.99201E-05 9.99201E-05 9.99201E-05 9.99201E-05 9.99201E-05 0.999101 9.99201E-05
0.739526 0.0207818 0.0167974 0.032801 0.0224766 0.0201491 0.0356104 0.069627 0.0148491 0.0273819
9.99201E-05 9.99201E-05 9.99201E-05 9.99201E-05 9.99201E-05 0.999101 9.99201E-05 9.99201E-05 9.99201E-05 9.99201E-05
0.0478767 0.0862168 0.0868586 0.0544694 0.0176165 0.0495448 0.00382799 0.584574 0.0408805 0.0281344
9.99201E-05 9.99201E-05 9.99201E-05 9.99201E-05 0.999101 9.99201E-05 9.99201E-05 9.99201E-05 9.99201E-05 9.99201E-05
0.0587529 0.0812142 0.201473 0.0416243 0.0588198 0.0923702 0.0726436 0.328919 0.00998916 0.0541936
0.037394 0.111339 0.0861288 0.049002 0.0600151 0.0383016 0.0178601 0.535263 0.0241388 0.0405578
0.0234789 0.0230368 0.0699469 0.0327888 0.0285605 0.0356643 0.0292731 0.722736 9.9991E-05 0.0344143
0.0257778 0.0187952 0.0337784 0.0298934 0.0236121 0.0248624 0.00451182 0.809133 0.0051703 0.0244654
0.0391977 0.0260644 0.557771 0.0322864 0.0296562 0.0477379 0.0527964 0.152577 0.0323742 0.0295386
0.0663934 0.0586224 0.175005 0.06195 0.0556435 0.0625502 0.0452913 0.393568 0.0125011 0.0684748
9.9982E-05 0.822141 0.0374223 0.0208948 0.0247663 9.9982E-05 0.025622 0.047074 0.00163837 0.0202417
0.0120641 9.9973E-05 9.9973E-05 0.00443583 0.0106394 0.0130361 0.0146757 0.94323 0.00161923 9.9973E-05
0.00149992 0.934118 0.00455203 0.00974863 0.0149816 0.0113545 0.0157331 0.0040786 0.00383314 9.9991E-05
9.99201E-05 9.99201E-05 9.99201E-05 9.99201E-05 9.99201E-05 9.99201E-05 9.99201E-05 0.999101 9.99201E-05 9.99201E-05
9.9955E-05 0.00921879 0.0186361 0.945845 9.9955E-05 9.9955E-05 0.010297 9.9955E-05 0.0155035 9.9955E-05
9.99201E-05 9.99201E-05 9.99201E-05 0.999101 9.99201E-05 9.99201E-05 9.99201E-05 9.99201E-05 9.99201E-05 9.99201E-05
9.99201E-05 9.99201E-05 9.99201E-05 9.99201E-05 9.99201E-05 9.99201E-05 0.999101 9.99201E-05 9.99201E-05 9.99201E-05
0.00560942 9.9982E-05 0.0521195 0.0100615 0.0105743 0.000624619 0.90145 0.0141555 9.9982E-05 0.00520571
9.9928E-05 9.9928E-05 9.9928E-05 0.00450717 9.9928E-05 9.9928E-05 9.9928E-05 9.9928E-05 9.9928E-05 0.994693
0.999101 9.99201E-05 9.99201E-05 9.99201E-05 9.99201E-05 9.99201E-05 9.99201E-05 9.99201E-05 9.99201E-05 9.99201E-05
9.99201E-05 9.99201E-05 9.99201E-05 9.99201E-05 9.99201E-05 9.99201E-05 9.99201E-05 9.99201E-05 0.999101 9.99201E-05
0.999101 9.99201E-05 9.99201E-05 9.99201E-05 9.99201E-05 9.99201E-05 9.99201E-05 9.99201E-05 9.99201E-05 9.99201E-05
9.99201E-05 9.99201E-05 9.99201E-05 9.99201E-05 9.99201E-05 0.999101 9.99201E-05 9.99201E-05 9.99201E-05 9.99201E-05
0.0793709 0.0417637 0.180139 0.0595411 0.0506526 0.0493491 0.0429049 0.455236 9.9991E-05 0.0409426
0.00874943 9.9973E-05 0.00707329 9.9973E-05 0.964215 0.00417653 9.9973E-05 0.00286567 0.00858722 0.00403324
0.0601291 0.0947811 0.206224 0.037767 0.0659295 0.0901022 0.073138 0.302921 0.0167078 0.0523001
0.0583095 0.102543 0.0763872 0.0526766 0.0248717 0.0683191 0.0515166 0.490312 0.0225845 0.0524803
0.0183745 0.0210065 0.0795508 0.0293192 0.0139312 0.0438169 0.0185186 0.737935 0.00384712 0.0336998
0.0328955 0.040606 0.0465801 0.00917913 0.005264 0.027012 0.0168866 0.808779 9.9991E-05 0.0126979
9.9937E-05 9.9937E-05 0.984942 9.9937E-05 9.9937E-05 0.00774651 0.00661156 9.9937E-05 9.9937E-05 9.9937E-05
0.0789055 0.0452537 0.165586 0.0549754 0.048078 0.0507971 0.0722265 0.413502 0.0221734 0.0485019
0.00186317 0.806269 0.0477452 0.0139417 0.0248053 0.0111209 0.0271034 0.0288587 0.0102768 0.0280153
9.99279E-05 9.99279E-05 9.99279E-05 9.99279E-05 9.99279E-05 9.99279E-05 0.0171491 0.982051 9.99279E-05 9.99279E-05
9.99201E-05 0.999101 9.99201E-05 9.99201E-05 9.99201E-05 9.99201E-05 9.99201E-05 9.99201E-05 9.99201E-05 9.99201E-05
9.99201E-05 9.99201E-05 9.99201E-05 9.99201E-05 9.99201E-05 9.99201E-05 9.99201E-05 0.999101 9.99201E-05 9.99201E-05
9.9973E-05 0.00840701 0.0126769 0.955894 0.00481473 0.00670185 0.00530645 9.9973E-05 0.00589939 9.9973E-05
9.9928E-05 9.9928E-05 9.9928E-05 0.995703 9.9928E-05 9.9928E-05 9.9928E-05 9.9928E-05 9.9928E-05 0.00349728
9.99201E-05 9.99201E-05 9.99201E-05 9.99201E-05 9.99201E-05 9.99201E-05 0.999101 9.99201E-05 9.99201E-05 9.99201E-05
9.99201E-05 9.99201E-05 9.99201E-05 9.99201E-05 9.99201E-05 9.99201E-05 0.999101 9.99201E-05 9.99201E-05 9.99201E-05
9.9964E-05 0.00374792 0.012232 0.00220217 9.9964E-05 0.00246397 0.00305805 9.9964E-05 9.9964E-05 0.975896
0.964855 0.00207654 0.000388796 0.00832074 0.00643955 0.00981492 9.9982E-05 0.00138894 0.00651592 9.9982E-05
0.0340869 0.0482862 0.0653606 0.0476172 0.0140569 0.321064 0.0461982 0.199249 0.176247 0.0478335
0.968008 9.9955E-05 0.00818943 0.00528532 9.9955E-05 9.9955E-05 0.000721933 0.017296 9.9955E-05 9.9955E-05
9.9964E-05 0.00598448 9.9964E-05 0.000300747 0.988152 9.9964E-05 0.000522008 9.9964E-05 0.0021461 0.00249431
0.0319325 0.127453 0.0848472 0.0629604 0.0432465 0.022236 0.0465114 0.525369 0.0294321 0.0260118
0.0669223 0.0853067 0.20067 0.0367483 0.0680426 0.0771659 0.0879344 0.304933 0.0165424 0.0557345
0.0680489 0.0792216 0.122089 0.0670437 0.0311772 0.0630748 0.0345712 0.430296 0.0373379 0.0671399
0.0251235 0.00363288 0.0538361 0.0336426 0.0234462 0.0419773 0.0299619 0.739864 0.00674717 0.0417689
0.054206 0.0361547 0.0765449 0.0294049 0.0234993 0.0245895 0.0164583 0.680955 0.029756 0.0284312
9.99201E-05 9.99201E-05 0.999101 9.99201E-05 9.99201E-05 9.99201E-05 9.99201E-05 9.99201E-05 9.99201E-05 9.99201E-05
9.9937E-05 9.9937E-05 0.976588 9.9937E-05 9.9937E-05 0.0217708 0.000941108 9.9937E-05 9.9937E-05 9.9937E-05
0.0764379 0.0413216 0.215818 0.0316099 0.0315653 0.0605873 0.0417632 0.437355 9.9991E-05 0.0634417
9.9982E-05 0.848851 0.0383757 0.0201628 0.0150598 9.9982E-05 0.0290712 0.0236802 0.00654197 0.0180571
9.99201E-05 9.99201E-05 9.99201E-05 9.99201E-05 9.99201E-05 9.99201E-05 9.99201E-05 0.999101 9.99201E-05 9.99201E-05
9.99201E-05 0.999101 9.99201E-05 9.99201E-05 9.99201E-05 9.99201E-05 9.99201E-05 9.99201E-05 9.99201E-05 9.99201E-05
9.9928E-05 9.9928E-05 9.9928E-05 9.9928E-05 9.9928E-05 9.9928E-05 9.9928E-05 0.995067 9.9928E-05 0.0041331
9.9928E-05 0.00617195 9.9928E-05 0.993029 9.9928E-05 9.9928E-05 9.9928E-05 9.9928E-05 9.9928E-05 9.9928E-05
0.00610875 9.9946E-05 0.0304407 9.9946E-05 0.0124979 9.9946E-05 0.950353 9.9946E-05 9.9946E-05 9.9946E-05
9.99201E-05 9.99201E-05 9.99201E-05 9.99201E-05 9.99201E-05 9.99201E-05 9.99201E-05 9.99201E-05 9.99201E-05 0.999101
0.0320884 0.0144911 0.064006 0.0430546 0.0182421 0.0104951 0.0529945 0.24067 0.0213635 0.502595
0.0384839 0.042907 0.101182 0.0583189 0.0423789 0.189036 0.0508474 0.283596 0.159678 0.0335717
0.999101 9.99201E-05 9.99201E-05 9.99201E-05 9.99201E-05 9.99201E-05 9.99201E-05 9.99201E-05 9.99201E-05 9.99201E-05
9.99201E-05 9.99201E-05 9.99201E-05 9.99201E-05 9.99201E-05 9.99201E-05 9.99201E-05 9.99201E-05 0.999101 9.99201E-05
0.858098 0.00538541 0.0278931 0.012391 0.0235427 9.9991E-05 0.0212579 0.0186926 0.0219776 0.0106622
9.99201E-05 9.99201E-05 9.99201E-05 9.99201E-05 0.999101 9.99201E-05 9.99201E-05 9.99201E-05 9.99201E-05 9.99201E-05
0.0359607 0.118073 0.0976075 0.0549814 0.0397035 0.036299 0.0654929 0.473977 0.0282033 0.0497017
0.0668228 0.0843513 0.194191 0.0495157 0.0610699 0.0607321 0.0879692 0.320566 0.0331061 0.0416762
0.0562157 0.0923936 0.127086 0.0534585 0.0331586 0.0287754 0.0397517 0.480157 0.0364902 0.0525132
0.02921 0.0420822 0.0717365 0.0164918 0.0181436 0.00591738 9.9991E-05 0.737261 0.0360164 0.0430409
0.0326394 0.004845 9.9991E-05 0.0252819 0.0267157 0.0187995 0.00703124 0.854087 0.0275288 0.00297144
9.99201E-05 9.99201E-05 0.999101 9.99201E-05 9.99201E-05 9.99201E-05 9.99201E-05 9.99201E-05 9.99201E-05 9.99201E-05
0.025298 0.0205029 0.7959 0.0217225 0.010319 0.0133627 0.0339287 0.0608068 0.00211721 0.0160427
0.079756 0.0325817 0.223554 0.024053 0.0453107 0.063557 0.0395935 0.426309 0.00149675 0.0637881
0.0150139 0.79259 0.0378765 0.0277986 0.02054 0.00119946 0.0225662 0.0355 0.0129082 0.0340066
9.99279E-05 9.99279E-05 9.99279E-05 9.99279E-05 9.99279E-05 9.99279E-05 0.0125415 0.986659 9.99279E-05 9.99279E-05
9.99201E-05 0.999101 9.99201E-05 9.99201E-05 9.99201E-05 9.99201E-05 9.99201E-05 9.99201E-05 9.99201E-05 9.99201E-05
9.99201E-05 9.99201E-05 9.99201E-05 0.999101 9.99201E-05 9.99201E-05 9.99201E-05 9.99201E-05 9.99201E-05 9.99201E-05
