9.998E-05 9.998E-05 9.998E-05 0.9997
0.0254193 0.00867045 0.953316 0.0125943
0.0374198 0.00521095 0.953253 0.0041161
0.999473 9.9982E-05 9.9982E-05 0.000327262
0.99352 9.9982E-05 9.9982E-05 0.00627983
0.754289 0.0680485 0.106712 0.0709505
9.998E-05 0.9997 9.998E-05 9.998E-05
0.92397 9.9991E-05 0.0696098 0.00632047
0.787059 0.0847849 0.0514731 0.0766827
0.875102 0.0206331 0.077518 0.0267466
0.756952 0.0965068 0.0679678 0.0785734
0.709364 0.106162 0.122781 0.0616925
0.831485 0.103009 0.0245889 0.0409163
0.876885 0.0851597 0.014169 0.0237861
0.371796 0.559563 0.0456941 0.0229472
0.857996 0.044072 0.0773445 0.0205875
0.833702 0.0393674 0.109004 0.0179264
0.718364 0.111975 0.0904771 0.0791835
0.955754 9.9991E-05 0.028472 0.0156736
0.789627 0.0790742 0.0695982 0.0617004
0.9997 9.998E-05 9.998E-05 9.998E-05
0.854953 0.0624177 0.035945 0.0466841
0.0454341 0.0324506 9.9991E-05 0.922015
9.998E-05 9.998E-05 0.9997 9.998E-05
0.0466166 0.0194262 0.923858 0.0100991
0.999287 9.9982E-05 9.9982E-05 0.000513147
9.998E-05 0.9997 9.998E-05 9.998E-05
0.920861 9.9991E-05 0.0694907 0.0095484
0.0275987 0.945564 0.0141094 0.0127282
0.905532 9.9991E-05 0.0833255 0.0110423
0.831792 0.0700669 0.0417019 0.0564389
0.923623 0.012836 0.0509755 0.012566
0.661171 0.116496 0.112722 0.10961
0.844262 0.100416 0.0154335 0.0398889
0.86383 0.084435 0.0238454 0.0278892
0.748673 0.0946761 0.0830496 0.0736009
0.871032 0.0352935 0.070719 0.0229557
0.792969 0.0828379 0.0777847 0.0464085
0.828899 0.0695029 0.0639216 0.0376768
0.9997 9.998E-05 9.998E-05 9.998E-05
0.811022 0.0520686 0.06636 0.0705494
9.998E-05 9.998E-05 9.998E-05 0.9997
0.0307308 0.0120122 9.9991E-05 0.957157
9.998E-05 9.998E-05 0.9997 9.998E-05
0.072352 0.0199559 0.885696 0.0219963
0.990236 9.9982E-05 9.9982E-05 0.00956411
9.998E-05 0.9997 9.998E-05 9.998E-05
0.853523 0.0300575 0.0722379 0.0441819
9.998E-05 0.9997 9.998E-05 9.998E-05
0.833348 0.0411344 0.0808757 0.0446424
0.77517 0.0867454 0.054136 0.0839487
0.89133 0.0181718 0.068853 0.0216449
0.792957 0.0743134 0.0689843 0.0637451
0.825887 0.0884159 0.0390266 0.0466704
0.851692 0.078433 0.0314582 0.0384172
0.734277 0.117044 0.0745446 0.0741335
0.870509 0.0352844 0.080129 0.0140775
0.837977 0.0516393 0.0727322 0.037652
0.81876 0.076792 0.0698851 0.0345625
0.9997 9.998E-05 9.998E-05 9.998E-05
0.858277 0.0450659 0.0584214 0.038236
9.9982E-05 9.9982E-05 0.0118829 0.987917
0.0229278 0.0163679 9.9991E-05 0.960604
9.998E-05 9.998E-05 0.9997 9.998E-05
0.345094 0.0394688 0.571232 0.0442051
0.98448 9.9982E-05 9.9982E-05 0.0153205
0.0140828 0.984671 0.000980128 0.00026582
0.891097 9.9991E-05 0.0896776 0.019125
0.0899445 0.858914 0.024639 0.0265028
0.852101 0.0261857 0.0746336 0.0470799
0.778417 0.077472 0.064231 0.0798799
0.89761 0.0173156 0.0717404 0.013334
0.790083 0.0665109 0.0759491 0.067457
0.780331 0.0989274 0.0457257 0.0750157
0.887362 0.0811766 0.019829 0.0116318
0.843949 0.0386832 0.101819 0.0155488
0.738275 0.094898 0.0884641 0.0783632
0.817969 0.0429685 0.0811972 0.0578655
0.838122 0.0611011 0.0618562 0.0389209
0.9997 9.998E-05 9.998E-05 9.998E-05
0.839251 0.0541432 0.0684371 0.0381686
9.998E-05 9.998E-05 9.998E-05 0.9997
9.998E-05 9.998E-05 9.998E-05 0.9997
9.998E-05 9.998E-05 0.9997 9.998E-05
0.326412 0.0364976 0.600437 0.0366535
0.947834 0.0277505 0.000944866 0.0234701
9.998E-05 0.9997 9.998E-05 9.998E-05
0.922654 9.9982E-05 0.0771458 9.9982E-05
0.176597 0.762937 0.0335939 0.0268717
0.865416 0.0227863 0.0754309 0.0363663
0.813132 0.0803909 0.0316343 0.0748426
0.918477 0.0168358 0.0513728 0.0133148
0.74115 0.0887599 0.111469 0.0586214
0.804847 0.0677666 0.0578385 0.0695477
0.797271 0.0753537 0.0646586 0.0627171
0.813406 0.0934221 0.0374112 0.0557606
0.770981 0.0643046 0.113923 0.050792
0.755412 0.0939525 0.0847229 0.0659122
0.980629 0.000298801 0.0146836 0.00438837
0.824835 0.0742312 0.0547431 0.0461908
0.988975 9.9982E-05 0.0108255 9.9982E-05
0.883854 0.077167 0.01864 0.0203391
0.0255153 0.00304598 0.0159008 0.955538
9.998E-05 9.998E-05 9.998E-05 0.9997
9.998E-05 9.998E-05 0.9997 9.998E-05
0.04318 0.00613779 0.935522 0.0151597
0.990852 9.9982E-05 9.9982E-05 0.00894792
9.998E-05 0.9997 9.998E-05 9.998E-05
0.919022 9.9982E-05 0.080778 9.9982E-05
9.998E-05 0.9997 9.998E-05 9.998E-05
0.861204 0.0262428 0.0697416 0.0428114
0.726436 0.129617 0.0731949 0.0707516
0.871032 0.0381649 0.0659754 0.0248279
0.756905 0.085968 0.106033 0.0510938
0.784154 0.0883201 0.0669578 0.0605679
0.801194 0.0747434 0.0505987 0.0734638
0.80879 0.0852084 0.0520121 0.0539895
0.856851 0.0396828 0.101333 0.00213274
0.719558 0.115277 0.093746 0.0714187
0.974868 9.9982E-05 0.0249319 9.9982E-05
0.830989 0.0658216 0.0639051 0.0392839
0.9997 9.998E-05 9.998E-05 9.998E-05
0.893023 0.0611021 0.021794 0.0240806
0.0394019 9.9991E-05 0.00336608 0.957132
9.998E-05 9.998E-05 9.998E-05 0.9997
9.998E-05 9.998E-05 0.9997 9.998E-05
9.998E-05 9.998E-05 0.9997 9.998E-05
0.983237 0.00332576 9.9991E-05 0.0133369
0.0050316 0.982425 0.0124437 9.99999E-05
0.783883 0.0636023 0.0865266 0.0659879
0.0129506 0.968732 0.0135056 0.00481226
0.894966 0.0179363 0.0607476 0.02635
0.804255 0.0634766 0.0558958 0.0763728
0.756431 0.082621 0.113228 0.0477198
0.752553 0.107713 0.0566513 0.0830831
0.806886 0.0731445 0.050808 0.0691616
0.792289 0.102879 0.0496816 0.0551496
0.868508 0.037832 0.0718554 0.0218049
0.85387 0.0386801 0.0951994 0.0122507
0.740656 0.128912 0.0764896 0.0539428
0.990458 9.9982E-05 0.0093419 9.9982E-05
0.857198 0.0501604 0.0600914 0.0325502
0.9997 9.998E-05 9.998E-05 9.998E-05
0.869615 0.067037 0.0305801 0.0327681
9.998E-05 9.998E-05 9.998E-05 0.9997
0.0118196 0.00201749 0.974824 0.0113388
0.993955 9.9982E-05 9.9982E-05 0.00584477
0.817883 0.0537269 0.0671179 0.0612722
0.757715 0.0636052 0.101329 0.0773505
9.998E-05 0.9997 9.998E-05 9.998E-05
0.926565 9.9991E-05 0.0684431 0.00489212
0.0942275 0.87081 0.018756 0.0162066
0.9204 0.0060207 0.0566014 0.0169779
0.786027 0.0735443 0.0788717 0.0615567
0.717196 0.0945499 0.122009 0.0662452
0.76103 0.0976584 0.0711766 0.070135
0.85708 0.0779006 0.029805 0.0352145
0.81558 0.0900327 0.0338237 0.0605632
0.859975 0.0365857 0.0892167 0.0142226
0.786086 0.0559579 0.115529 0.0424272
0.743048 0.128736 0.0751288 0.0530869
0.957514 0.0100796 0.0226181 0.00978807
0.837391 0.0551869 0.0707582 0.0366642
0.9997 9.998E-05 9.998E-05 9.998E-05
9.998E-05 9.998E-05 9.998E-05 0.9997
