9.998E-05 9.998E-05 0.9997 9.998E-05
0.959391 0.0243672 9.9991E-05 0.0161422
0.959218 0.0291317 0.00403221 0.00761801
9.998E-05 0.9997 9.998E-05 9.998E-05
9.998E-05 0.9997 9.998E-05 9.998E-05
0.108184 0.741076 0.0799342 0.0708057
9.998E-05 9.998E-05 9.998E-05 0.9997
0.0835051 0.908154 0.00824065 9.9991E-05
0.0509287 0.794544 0.0714697 0.0830572
0.0679498 0.883307 0.0309091 0.0178345
0.0854592 0.747684 0.0780685 0.0887886
0.128926 0.719976 0.0651313 0.0859667
0.0306629 0.836552 0.0468029 0.0859826
0.017658 0.871755 0.0267625 0.0838249
0.0401113 0.378164 0.023465 0.55826
0.0762411 0.849914 0.0276604 0.0461846
0.0977119 0.82982 0.0191566 0.0533117
0.0912812 0.732357 0.067617 0.108745
0.0288041 0.959838 0.00667873 0.00467903
0.0736986 0.79635 0.0593922 0.0705587
9.998E-05 0.9997 9.998E-05 9.998E-05
0.0409615 0.864154 0.0420993 0.0527849
0.00689125 0.0542171 0.925609 0.0132822
0.9997 9.998E-05 9.998E-05 9.998E-05
0.929518 0.0383558 0.0147292 0.0173967
9.998E-05 0.9997 9.998E-05 9.998E-05
9.998E-05 9.998E-05 9.998E-05 0.9997
0.076135 0.915773 0.00799157 9.9991E-05
0.0146704 0.0363215 0.0179261 0.931082
0.0888498 0.898965 0.0120851 9.9991E-05
0.0455792 0.824548 0.0588178 0.0710546
0.0475127 0.920284 0.0184229 0.0137801
0.114898 0.656993 0.107923 0.120186
0.013279 0.846181 0.0471011 0.0934392
0.0122528 0.874364 0.0280352 0.0853482
0.075447 0.760175 0.0843759 0.0800019
0.0713346 0.860326 0.0230604 0.0452786
0.0719057 0.802463 0.0422079 0.0834229
0.0500293 0.849956 0.0404449 0.0595702
9.998E-05 0.9997 9.998E-05 9.998E-05
0.0659976 0.801728 0.0682633 0.0640108
9.998E-05 9.998E-05 0.9997 9.998E-05
9.9991E-05 0.0249665 0.964072 0.0108613
0.9997 9.998E-05 9.998E-05 9.998E-05
0.886502 0.0858357 0.0165698 0.0110923
9.998E-05 0.9997 9.998E-05 9.998E-05
9.998E-05 9.998E-05 9.998E-05 0.9997
0.0742957 0.847801 0.0500724 0.0278305
9.998E-05 9.998E-05 9.998E-05 0.9997
0.0793999 0.8354 0.0534721 0.0317278
0.0472609 0.787221 0.0766336 0.0888842
0.047078 0.90487 0.032354 0.0156985
0.0703784 0.778214 0.0717052 0.0797027
0.0290725 0.831919 0.0526652 0.0863429
0.0371965 0.861615 0.0316304 0.0695584
0.0853636 0.743296 0.0808243 0.0905163
0.0781637 0.86731 0.0159739 0.0385527
0.0618792 0.845605 0.0365207 0.0559953
0.0749616 0.812805 0.0381423 0.0740914
9.998E-05 0.9997 9.998E-05 9.998E-05
0.0565461 0.858754 0.0357348 0.0489651
0.0108399 9.9982E-05 0.98896 9.9982E-05
9.9991E-05 0.0304543 0.957671 0.0117743
0.9997 9.998E-05 9.998E-05 9.998E-05
0.571744 0.357672 0.0269462 0.0436377
9.9982E-05 0.992062 0.00773843 9.9982E-05
0.00805201 0.0015806 0.00727322 0.983094
0.0956256 0.88513 0.0175882 0.0016565
0.0274866 0.0891331 0.0264408 0.85694
0.0727772 0.8678 0.0357823 0.0236409
0.0680746 0.782438 0.0776614 0.0718263
0.0403278 0.931626 0.014318 0.0137281
0.0686128 0.766892 0.0787938 0.0857014
0.0553089 0.7828 0.0679999 0.0938915
0.0182929 0.884586 0.0213604 0.0757603
0.0977024 0.836697 0.0215595 0.0440413
0.0808567 0.744509 0.0770061 0.0976278
0.0838651 0.800025 0.0630018 0.0531084
0.0587015 0.83753 0.0379424 0.0658265
9.998E-05 0.9997 9.998E-05 9.998E-05
0.0645054 0.824945 0.0453815 0.0651685
9.998E-05 9.998E-05 0.9997 9.998E-05
9.998E-05 9.998E-05 0.9997 9.998E-05
0.9997 9.998E-05 9.998E-05 9.998E-05
0.584993 0.343501 0.043003 0.028503
9.9991E-05 0.973784 0.0173484 0.0087677
9.998E-05 9.998E-05 9.998E-05 0.9997
0.0816382 0.914643 0.00361848 9.9991E-05
0.0487284 0.166668 0.029901 0.754703
0.07735 0.869823 0.0302432 0.0225836
0.0443572 0.804798 0.0733845 0.0774605
0.0502636 0.911306 0.0304318 0.00799815
0.104767 0.748079 0.0630409 0.0841134
0.0642345 0.795643 0.0706148 0.0695081
0.0652337 0.803246 0.0584466 0.0730734
0.0410792 0.821157 0.0559142 0.0818498
0.121543 0.750634 0.0547307 0.073092
0.0812084 0.746628 0.0788142 0.09335
0.0204119 0.977477 0.00201086 9.9991E-05
0.0611494 0.832721 0.0397593 0.06637
0.00833426 0.98976 9.9991E-05 0.00180623
0.0260839 0.883159 0.0270269 0.0637302
0.0273202 0.0128547 0.95722 0.00260484
9.998E-05 9.998E-05 0.9997 9.998E-05
0.9997 9.998E-05 9.998E-05 9.998E-05
0.929 0.0524107 0.0100637 0.00852598
9.9982E-05 0.991489 0.00831104 9.9982E-05
9.998E-05 9.998E-05 9.998E-05 0.9997
0.0849629 0.914837 9.9982E-05 9.9982E-05
9.998E-05 9.998E-05 9.998E-05 0.9997
0.0788686 0.863484 0.0358196 0.0218275
0.0815462 0.722818 0.082232 0.113403
0.0525075 0.901422 0.0262158 0.0198543
0.110106 0.743727 0.0560609 0.0901069
0.0750002 0.769597 0.0661363 0.0892661
0.0522252 0.81107 0.0598379 0.0768664
0.0535416 0.817063 0.0461939 0.0832018
0.0898234 0.858325 0.0121058 0.0397463
0.0955085 0.71799 0.0768212 0.109681
0.0276746 0.96868 0.00354517 9.9991E-05
0.0733955 0.838249 0.0326972 0.0556587
9.998E-05 0.9997 9.998E-05 9.998E-05
0.0133189 0.893289 0.0300216 0.0633702
0.00851081 0.0310112 0.960378 9.9991E-05
9.998E-05 9.998E-05 0.9997 9.998E-05
0.9997 9.998E-05 9.998E-05 9.998E-05
0.9997 9.998E-05 9.998E-05 9.998E-05
9.9991E-05 0.987179 0.0126068 0.000114588
0.00704401 0.00371438 9.9991E-05 0.989142
0.0932883 0.777745 0.0721056 0.0568608
0.0137218 0.00531544 0.00754423 0.973419
0.0522093 0.899601 0.0308321 0.0173575
0.0683916 0.791822 0.0759988 0.063788
0.115528 0.734495 0.0630468 0.0869303
0.0624849 0.762801 0.0781095 0.0966043
0.0549473 0.79822 0.0662034 0.0806293
0.0452385 0.811827 0.0498846 0.0930494
0.0752261 0.857514 0.0270219 0.0402378
0.0933264 0.855941 0.0137729 0.0369593
0.0708171 0.759899 0.0465831 0.122701
0.0206472 0.969988 0.00926504 9.9991E-05
0.0615599 0.871107 0.0189258 0.0484078
9.998E-05 0.9997 9.998E-05 9.998E-05
0.0244888 0.874558 0.0356051 0.0653479
9.998E-05 9.998E-05 0.9997 9.998E-05
0.972564 0.00590373 0.0115713 0.00996082
9.998E-05 0.9997 9.998E-05 9.998E-05
0.0753261 0.810179 0.054501 0.0599938
0.100048 0.757652 0.0825333 0.0597671
9.998E-05 9.998E-05 9.998E-05 0.9997
0.0875405 0.904575 0.00778475 9.9991E-05
0.0303848 0.0862104 0.0136105 0.869794
0.0504659 0.926874 0.0169357 0.005724
0.0766378 0.787162 0.0621986 0.0740018
0.11858 0.729317 0.0657681 0.0863347
0.0772705 0.76412 0.0742061 0.0844034
0.0352939 0.849272 0.0424302 0.0730036
0.0375201 0.814971 0.0640479 0.0834611
0.0802341 0.857083 0.0195347 0.0431481
0.09338 0.805525 0.0440354 0.0570596
0.0736541 0.763169 0.0455203 0.117656
0.0156938 0.970057 0.0093237 0.00492561
0.0608733 0.852393 0.0301834 0.0565503
9.998E-05 0.9997 9.998E-05 9.998E-05
9.998E-05 9.998E-05 0.9997 9.998E-05
