9.98921E-05 9.98921E-05 9.98921E-05 9.98921E-05 9.98921E-05 9.98921E-05 9.98921E-05 9.98921E-05 9.98921E-05 9.98921E-05 9.98921E-05 0.998801 9.98921E-05
9.99388E-05 9.99388E-05 0.0201018 0.0141826 9.99388E-05 0.0194324 0.937238 9.99388E-05 9.99388E-05 9.99388E-05 0.00530905 0.00303652 9.99388E-05
9.9964E-05 9.9964E-05 0.0305174 0.0133724 0.00285036 0.00424366 0.938466 0.00153657 9.9964E-05 9.9964E-05 0.00468887 0.00336477 0.000560479
9.9892E-05 9.9892E-05 9.9892E-05 9.9892E-05 9.9892E-05 9.9892E-05 9.9892E-05 9.9892E-05 9.9892E-05 9.9892E-05 9.9892E-05 9.9892E-05 0.998801
9.9892E-05 9.9892E-05 9.9892E-05 9.9892E-05 9.9892E-05 9.9892E-05 9.9892E-05 9.9892E-05 9.9892E-05 9.9892E-05 9.9892E-05 9.9892E-05 0.998801
0.112627 0.102729 0.0771569 0.0467093 0.053637 0.0363782 0.0622838 0.037799 0.316917 0.0197434 0.0321237 0.0624573 0.0394382
9.9892E-05 9.9892E-05 9.9892E-05 9.9892E-05 0.998801 9.9892E-05 9.9892E-05 9.9892E-05 9.9892E-05 9.9892E-05 9.9892E-05 9.9892E-05 9.9892E-05
9.9892E-05 9.9892E-05 9.9892E-05 9.9892E-05 9.9892E-05 9.9892E-05 9.9892E-05 9.9892E-05 0.998801 9.9892E-05 9.9892E-05 9.9892E-05 9.9892E-05
0.421625 0.0432469 0.0321545 0.0273309 0.0595394 0.030089 0.0479983 0.0925425 0.0306144 0.0929646 0.0361238 0.0534992 0.0322714
9.9937E-05 9.9937E-05 9.9937E-05 0.000302125 0.00676399 0.976006 0.0119934 9.9937E-05 9.9937E-05 9.9937E-05 0.0034826 9.9937E-05 0.000752144
0.261231 0.056042 0.0793946 0.0358649 0.0573675 0.0386136 0.0700092 0.0629115 0.0489986 0.095485 0.0595463 0.0613739 0.0731623
0.148917 0.0666378 0.0501273 0.0981173 0.0750235 0.0606454 0.100715 0.106192 0.0442958 0.0887047 0.0629806 0.061069 0.0365748
0.978741 0.00725851 0.00123766 9.99279E-05 9.99279E-05 9.99279E-05 9.99279E-05 0.00786606 0.00409718 9.99279E-05 9.99279E-05 9.99279E-05 9.99279E-05
0.998801 9.98918E-05 9.98918E-05 9.98918E-05 9.98918E-05 9.98918E-05 9.98918E-05 9.98918E-05 9.98918E-05 9.98918E-05 9.98918E-05 9.98918E-05 9.98918E-05
0.141239 0.0497181 0.104548 0.0565105 0.521578 0.0401209 0.0229623 9.99731E-05 9.99731E-05 9.99731E-05 0.0363069 0.0152732 0.0114441
9.9892E-05 9.9892E-05 9.9892E-05 9.9892E-05 9.9892E-05 9.9892E-05 9.9892E-05 9.9892E-05 9.9892E-05 9.9892E-05 0.998801 9.9892E-05 9.9892E-05
9.98918E-05 9.98918E-05 9.98918E-05 0.998801 9.98918E-05 9.98918E-05 9.98918E-05 9.98918E-05 9.98918E-05 9.98918E-05 9.98918E-05 9.98918E-05 9.98918E-05
0.226807 0.0503537 0.17411 0.0789258 0.0723356 0.0348167 0.0711812 0.00802003 0.0411112 0.0433518 0.0656605 0.0616977 0.071629
0.00721879 0.000364401 0.00655091 0.0271167 0.00852279 0.0194519 0.029736 0.0290636 0.0113785 0.792511 0.0146098 0.026762 0.0267133
0.0140222 0.0284106 0.610718 0.0182932 0.0239558 0.0122001 0.0253687 0.102056 0.0229447 0.0511626 0.0128595 0.0364232 0.0415851
9.9928E-05 0.00175924 0.00100615 0.00458639 9.9928E-05 9.9928E-05 0.010474 9.9928E-05 9.9928E-05 0.981375 9.9928E-05 9.9928E-05 9.9928E-05
9.99189E-05 9.99189E-05 9.99189E-05 9.99189E-05 9.99189E-05 9.99189E-05 0.00632492 0.990699 0.000595778 9.99189E-05 9.99189E-05 9.99189E-05 0.0014813
0.0257889 9.9928E-05 0.025925 9.9928E-05 0.01887 9.9928E-05 9.9928E-05 9.9928E-05 9.9928E-05 9.9928E-05 9.9928E-05 0.920225 0.00839142
9.98919E-05 9.98919E-05 9.98919E-05 9.98919E-05 9.98919E-05 9.98919E-05 0.998801 9.98919E-05 9.98919E-05 9.98919E-05 9.98919E-05 9.98919E-05 9.98919E-05
0.00928718 9.9964E-05 0.0202229 0.0118074 0.00697487 0.00908038 0.916764 9.9964E-05 9.9964E-05 9.9964E-05 0.0145391 0.00953377 0.00139033
9.9892E-05 9.9892E-05 9.9892E-05 9.9892E-05 9.9892E-05 9.9892E-05 9.9892E-05 9.9892E-05 9.9892E-05 9.9892E-05 9.9892E-05 9.9892E-05 0.998801
9.9892E-05 9.9892E-05 9.9892E-05 9.9892E-05 0.998801 9.9892E-05 9.9892E-05 9.9892E-05 9.9892E-05 9.9892E-05 9.9892E-05 9.9892E-05 9.9892E-05
9.9892E-05 9.9892E-05 9.9892E-05 9.9892E-05 9.9892E-05 9.9892E-05 9.9892E-05 9.9892E-05 0.998801 9.9892E-05 9.9892E-05 9.9892E-05 9.9892E-05
9.9964E-05 0.0202407 0.0173506 0.0106765 0.929697 0.00691502 9.9964E-05 0.00567699 9.9964E-05 0.0027363 0.00425889 0.00204761 9.9964E-05
9.9955E-05 9.9955E-05 0.0116784 9.9955E-05 0.00229979 0.00476158 0.00790662 9.9955E-05 0.960716 0.00472768 0.00129549 0.0061145 9.9955E-05
0.488394 0.0484749 0.0247188 0.00528496 0.028534 0.013596 0.0214518 0.11093 0.032901 0.0996295 0.0481561 0.0443 0.0336294
9.9892E-05 9.9892E-05 9.9892E-05 9.9892E-05 9.9892E-05 0.998801 9.9892E-05 9.9892E-05 9.9892E-05 9.9892E-05 9.9892E-05 9.9892E-05 9.9892E-05
0.195129 0.0507692 0.0836243 0.0440003 0.0971289 0.0566337 0.0954101 0.046798 0.0322774 0.0961338 0.0544733 0.0822045 0.0654173
0.998254 9.99009E-05 9.99009E-05 9.99009E-05 9.99009E-05 9.99009E-05 9.99009E-05 9.99009E-05 0.000647384 9.99009E-05 9.99009E-05 9.99009E-05 9.99009E-05
0.998801 9.98918E-05 9.98918E-05 9.98918E-05 9.98918E-05 9.98918E-05 9.98918E-05 9.98918E-05 9.98918E-05 9.98918E-05 9.98918E-05 9.98918E-05 9.98918E-05
0.257095 0.0422653 0.163184 0.113867 0.0535281 0.0422172 0.051236 0.00127283 0.0217998 0.0621459 0.0902978 0.0603631 0.0407278
9.98919E-05 9.98919E-05 9.98919E-05 9.98919E-05 9.98919E-05 9.98919E-05 9.98919E-05 9.98919E-05 9.98919E-05 9.98919E-05 0.998801 9.98919E-05 9.98919E-05
0.090308 0.0276256 0.070257 0.449292 0.0495179 0.0241056 0.0201547 0.0295412 0.0432662 0.0560463 0.0605153 0.0314285 0.0479415
9.98919E-05 9.98919E-05 0.998801 9.98919E-05 9.98919E-05 9.98919E-05 9.98919E-05 9.98919E-05 9.98919E-05 9.98919E-05 9.98919E-05 9.98919E-05 9.98919E-05
9.98919E-05 9.98919E-05 9.98919E-05 9.98919E-05 9.98919E-05 9.98919E-05 9.98919E-05 9.98919E-05 9.98919E-05 0.998801 9.98919E-05 9.98919E-05 9.98919E-05
0.0417122 0.0417107 0.404645 0.0311129 0.0233407 0.0254586 0.034923 0.272448 0.0143882 0.0333994 0.0217287 0.0320799 0.0230521
9.9892E-05 9.9892E-05 9.9892E-05 9.9892E-05 9.9892E-05 9.9892E-05 9.9892E-05 9.9892E-05 9.9892E-05 9.9892E-05 9.9892E-05 0.998801 9.9892E-05
0.0110525 9.9946E-05 0.00727365 9.9946E-05 0.015668 9.9946E-05 9.9946E-05 0.00597976 9.9946E-05 0.00300756 9.9946E-05 0.950436 0.00598292
9.98919E-05 9.98919E-05 9.98919E-05 9.98919E-05 9.98919E-05 9.98919E-05 0.998801 9.98919E-05 9.98919E-05 9.98919E-05 9.98919E-05 9.98919E-05 9.98919E-05
0.0230694 0.00460764 0.0272855 0.0121126 0.00567523 0.0109651 0.867036 9.9982E-05 0.015168 9.9982E-05 0.0177986 0.0107435 0.00533891
9.98921E-05 9.98921E-05 9.98921E-05 9.98921E-05 9.98921E-05 9.98921E-05 9.98921E-05 9.98921E-05 9.98921E-05 9.98921E-05 9.98921E-05 9.98921E-05 0.998801
9.9892E-05 9.9892E-05 9.9892E-05 9.9892E-05 0.998801 9.9892E-05 9.9892E-05 9.9892E-05 9.9892E-05 9.9892E-05 9.9892E-05 9.9892E-05 9.9892E-05
9.991E-05 0.980492 9.991E-05 9.991E-05 0.0101259 9.991E-05 9.991E-05 0.00838313 9.991E-05 9.991E-05 9.991E-05 9.991E-05 9.991E-05
9.9892E-05 9.9892E-05 9.9892E-05 9.9892E-05 0.998801 9.9892E-05 9.9892E-05 9.9892E-05 9.9892E-05 9.9892E-05 9.9892E-05 9.9892E-05 9.9892E-05
9.9892E-05 0.998801 9.9892E-05 9.9892E-05 9.9892E-05 9.9892E-05 9.9892E-05 9.9892E-05 9.9892E-05 9.9892E-05 9.9892E-05 9.9892E-05 9.9892E-05
0.428999 0.0437831 0.0329587 0.00693677 0.0517935 0.0294495 0.042641 0.101902 0.0364246 0.0952666 0.0429325 0.0544437 0.0324691
9.9928E-05 9.9928E-05 9.9928E-05 9.9928E-05 9.9928E-05 0.984044 0.00370842 9.9928E-05 0.00507385 9.9928E-05 9.9928E-05 0.0011493 0.00522521
0.317667 0.0491403 0.123406 0.0468276 0.0491134 0.0592281 0.0521796 0.0373012 0.0352633 0.112246 0.0105951 0.0563607 0.0506715
0.973093 0.00500816 9.99279E-05 9.99279E-05 9.99279E-05 9.99279E-05 9.99279E-05 9.99279E-05 0.0129339 9.99279E-05 9.99279E-05 0.0079521 0.000213217
0.998801 9.98919E-05 9.98919E-05 9.98919E-05 9.98919E-05 9.98919E-05 9.98919E-05 9.98919E-05 9.98919E-05 9.98919E-05 9.98919E-05 9.98919E-05 9.98919E-05
0.213918 0.0697994 0.166343 0.0875823 0.0678876 0.0711138 0.046111 0.0132489 0.00816554 0.0478288 0.0752872 0.0752546 0.05746
9.9892E-05 9.9892E-05 9.9892E-05 9.9892E-05 9.9892E-05 9.9892E-05 9.9892E-05 9.9892E-05 9.9892E-05 9.9892E-05 0.998801 9.9892E-05 9.9892E-05
0.170068 0.0194049 0.0672286 0.0300422 0.0389356 0.0474306 0.0703478 0.0337661 0.0283296 0.392276 0.0156152 0.0463761 0.0401796
9.9955E-05 0.00580676 0.936035 0.000882579 0.0148566 0.0159062 0.0110933 9.9955E-05 0.0098358 0.00508408 9.9955E-05 9.9955E-05 9.9955E-05
9.98919E-05 9.98919E-05 9.98919E-05 9.98919E-05 9.98919E-05 9.98919E-05 9.98919E-05 9.98919E-05 9.98919E-05 0.998801 9.98919E-05 9.98919E-05 9.98919E-05
9.99009E-05 9.99009E-05 0.885231 9.99009E-05 9.99009E-05 9.99009E-05 9.99009E-05 0.11367 9.99009E-05 9.99009E-05 9.99009E-05 9.99009E-05 9.99009E-05
9.9928E-05 9.9928E-05 9.9928E-05 9.9928E-05 9.9928E-05 9.9928E-05 0.00825099 9.9928E-05 0.00482787 0.00538895 0.00200051 0.978732 9.9928E-05
0.0112236 9.9955E-05 0.010027 9.9955E-05 0.00685652 0.00139609 9.9955E-05 0.011034 9.9955E-05 9.9955E-05 0.000425166 0.947086 0.0114522
9.9892E-05 9.9892E-05 9.9892E-05 9.9892E-05 9.9892E-05 9.9892E-05 0.998801 9.9892E-05 9.9892E-05 9.9892E-05 9.9892E-05 9.9892E-05 9.9892E-05
0.0589506 0.0266985 0.0627816 0.0125377 0.0266437 0.0308492 0.565443 0.0379446 0.030897 0.040726 0.0432483 0.0329353 0.0303447
9.9973E-05 0.007816 0.00813465 0.00128998 0.00180959 9.9973E-05 0.000425807 9.9973E-05 0.00134454 0.0017256 0.0095248 0.0094784 0.958151
9.9946E-05 9.9946E-05 9.9946E-05 9.9946E-05 0.977364 9.9946E-05 0.0023003 0.000606624 0.00110216 0.00203958 0.00938412 0.00660398 9.9946E-05
9.9946E-05 9.9946E-05 0.00663742 9.9946E-05 9.9946E-05 0.00936537 0.0130042 9.9946E-05 0.935893 0.0152949 9.9946E-05 0.0119685 0.00723682
0.012786 0.00253321 0.0129879 9.9982E-05 0.856693 0.0166114 0.011954 0.0156187 0.0213072 0.0205705 9.9982E-05 0.0185892 0.0101487
9.98919E-05 0.998801 9.98919E-05 9.98919E-05 9.98919E-05 9.98919E-05 9.98919E-05 9.98919E-05 9.98919E-05 9.98919E-05 9.98919E-05 9.98919E-05 9.98919E-05
0.392798 0.0453004 0.0341736 0.0243466 0.0518989 0.0350425 0.0443467 0.0802724 0.040665 0.100996 0.0403971 0.0638018 0.0459618
9.9892E-05 9.9892E-05 9.9892E-05 9.9892E-05 9.9892E-05 0.998801 9.9892E-05 9.9892E-05 9.9892E-05 9.9892E-05 9.9892E-05 9.9892E-05 9.9892E-05
0.359986 0.0330617 0.0766622 0.0407535 0.042982 0.0562428 0.0584173 0.0456704 0.0286105 0.0994022 0.0444625 0.0554517 0.0582975
0.651627 0.00633105 0.0959495 0.038296 0.0345975 0.0140145 0.0186305 9.9991E-05 0.0325254 0.0250567 0.0215733 0.0372533 0.0240454
0.998801 9.98918E-05 9.98918E-05 9.98918E-05 9.98918E-05 9.98918E-05 9.98918E-05 9.98918E-05 9.98918E-05 9.98918E-05 9.98918E-05 9.98918E-05 9.98918E-05
9.98919E-05 9.98919E-05 9.98919E-05 0.998801 9.98919E-05 9.98919E-05 9.98919E-05 9.98919E-05 9.98919E-05 9.98919E-05 9.98919E-05 9.98919E-05 9.98919E-05
0.231334 0.0682136 0.180189 0.0790559 0.0642794 0.071093 0.058606 0.000307639 0.009059 0.0526054 0.0645462 0.0565643 0.0641458
0.153187 0.0177504 0.039808 0.0523771 0.0490422 0.0513852 0.0574067 0.0427187 0.0384978 0.348743 0.0355695 0.0644767 0.049037
9.9892E-05 9.9892E-05 0.998801 9.9892E-05 9.9892E-05 9.9892E-05 9.9892E-05 9.9892E-05 9.9892E-05 9.9892E-05 9.9892E-05 9.9892E-05 9.9892E-05
9.98919E-05 9.98919E-05 9.98919E-05 9.98919E-05 9.98919E-05 9.98919E-05 9.98919E-05 9.98919E-05 9.98919E-05 0.998801 9.98919E-05 9.98919E-05 9.98919E-05
0.0596155 0.0209683 0.464132 0.023562 0.00637229 0.00893935 0.0123772 0.300734 0.0130672 0.0280691 0.029034 0.0164216 0.0167073
9.99013E-05 9.99013E-05 9.99013E-05 9.99013E-05 9.99013E-05 9.99013E-05 9.99013E-05 9.99013E-05 0.00107541 9.99013E-05 9.99013E-05 0.997826 9.99013E-05
9.98921E-05 9.98921E-05 9.98921E-05 9.98921E-05 9.98921E-05 9.98921E-05 9.98921E-05 9.98921E-05 9.98921E-05 9.98921E-05 9.98921E-05 0.998801 9.98921E-05
9.98919E-05 9.98919E-05 9.98919E-05 9.98919E-05 9.98919E-05 9.98919E-05 0.998801 9.98919E-05 9.98919E-05 9.98919E-05 9.98919E-05 9.98919E-05 9.98919E-05
0.0730651 0.0257705 0.0468266 0.0235161 0.0283551 0.0342796 0.570885 0.033689 0.029334 0.0417805 0.0341331 0.0288251 0.0295401
0.00865828 0.00942332 0.0171266 0.00737391 0.0152357 0.0178633 0.0155777 0.0127168 0.0106394 0.0323921 9.9991E-05 0.0119562 0.840937
9.9892E-05 9.9892E-05 9.9892E-05 9.9892E-05 0.998801 9.9892E-05 9.9892E-05 9.9892E-05 9.9892E-05 9.9892E-05 9.9892E-05 9.9892E-05 9.9892E-05
9.9892E-05 9.9892E-05 9.9892E-05 9.9892E-05 9.9892E-05 9.9892E-05 9.9892E-05 9.9892E-05 0.998801 9.9892E-05 9.9892E-05 9.9892E-05 9.9892E-05
0.0184893 0.0169152 0.0295298 0.00752642 0.748994 0.0235996 0.0441717 0.02231 0.00318648 0.0126868 0.0281678 0.0223191 0.0221041
9.98919E-05 0.998801 9.98919E-05 9.98919E-05 9.98919E-05 9.98919E-05 9.98919E-05 9.98919E-05 9.98919E-05 9.98919E-05 9.98919E-05 9.98919E-05 9.98919E-05
0.433469 0.0361738 0.0204593 0.0201544 0.0442527 0.0312629 0.0265301 0.107142 0.0361165 0.105388 0.0385868 0.0542024 0.0462617
9.9892E-05 9.9892E-05 9.9892E-05 9.9892E-05 9.9892E-05 0.998801 9.9892E-05 9.9892E-05 9.9892E-05 9.9892E-05 9.9892E-05 9.9892E-05 9.9892E-05
0.154456 0.0954047 0.0368209 0.104817 0.0679801 0.0663012 0.0772417 0.0922738 0.0185246 0.079423 0.0935867 0.0513896 0.0617806
0.426887 0.0353982 0.0646755 0.0386092 0.0371043 0.0597787 0.0278571 0.0478289 0.0360351 0.104876 0.0374518 0.047933 0.0355649
0.645214 0.037881 0.0778918 0.0239461 0.0107057 0.0242342 0.041629 0.0219531 9.9991E-05 0.022533 0.0315328 0.0240402 0.0383395
0.807235 9.9991E-05 0.0129783 0.031118 0.0190896 0.0155682 0.00736753 0.0140133 0.00649083 0.0233542 0.0157462 0.022417 0.0245214
0.0841014 0.0501124 0.0243906 0.555908 0.0371527 0.0346061 0.0371283 0.0183361 0.0308199 0.0313929 0.0412914 0.0305999 0.0241605
0.218867 0.070083 0.182057 0.0762993 0.0597512 0.0584267 0.0569144 0.00311705 0.024706 0.0464303 0.0699868 0.0619076 0.0714529
0.00138631 9.9982E-05 9.9982E-05 0.0229395 0.0013441 0.016747 0.0321419 0.0385772 0.00792728 0.81656 0.0157733 0.0244205 0.0219834
9.98919E-05 9.98919E-05 0.998801 9.98919E-05 9.98919E-05 9.98919E-05 9.98919E-05 9.98919E-05 9.98919E-05 9.98919E-05 9.98919E-05 9.98919E-05 9.98919E-05
0.00632488 0.00804467 0.0107907 0.00804656 0.0118198 0.00621087 0.00947565 9.9982E-05 0.000370344 0.926167 0.00460299 0.0079463 9.9982E-05
9.98918E-05 9.98918E-05 9.98918E-05 9.98918E-05 9.98918E-05 9.98918E-05 9.98918E-05 0.998801 9.98918E-05 9.98918E-05 9.98918E-05 9.98918E-05 9.98918E-05
9.9973E-05 0.0047466 9.9973E-05 0.00589368 0.000427531 0.00441696 0.0159211 0.00297477 0.00315289 0.00163666 0.00711341 0.953416 9.9973E-05
9.98921E-05 9.98921E-05 9.98921E-05 9.98921E-05 9.98921E-05 9.98921E-05 9.98921E-05 9.98921E-05 9.98921E-05 9.98921E-05 9.98921E-05 0.998801 9.98921E-05
9.9892E-05 9.9892E-05 9.9892E-05 9.9892E-05 9.9892E-05 9.9892E-05 0.998801 9.9892E-05 9.9892E-05 9.9892E-05 9.9892E-05 9.9892E-05 9.9892E-05
0.00242245 9.9964E-05 0.0245501 0.0122985 0.0012948 0.00719132 0.918787 9.9964E-05 9.9964E-05 9.9964E-05 0.0126372 0.0113339 0.0090849
9.9892E-05 9.9892E-05 9.9892E-05 9.9892E-05 9.9892E-05 9.9892E-05 9.9892E-05 9.9892E-05 9.9892E-05 9.9892E-05 9.9892E-05 9.9892E-05 0.998801
9.9892E-05 9.9892E-05 9.9892E-05 9.9892E-05 0.998801 9.9892E-05 9.9892E-05 9.9892E-05 9.9892E-05 9.9892E-05 9.9892E-05 9.9892E-05 9.9892E-05
9.9892E-05 9.9892E-05 9.9892E-05 9.9892E-05 9.9892E-05 9.9892E-05 9.9892E-05 9.9892E-05 0.998801 9.9892E-05 9.9892E-05 9.9892E-05 9.9892E-05
9.98921E-05 9.98921E-05 9.98921E-05 9.98921E-05 0.998801 9.98921E-05 9.98921E-05 9.98921E-05 9.98921E-05 9.98921E-05 9.98921E-05 9.98921E-05 9.98921E-05
9.98919E-05 0.998801 9.98919E-05 9.98919E-05 9.98919E-05 9.98919E-05 9.98919E-05 9.98919E-05 9.98919E-05 9.98919E-05 9.98919E-05 9.98919E-05 9.98919E-05
0.283807 0.0614263 0.161113 0.0777098 0.077399 0.0546066 0.0470489 0.0158209 9.99927E-05 0.0517304 0.0673914 0.0536319 0.0482147
9.9928E-05 0.00567431 9.9928E-05 9.9928E-05 0.00129256 0.984554 0.00459594 9.9928E-05 0.00308394 9.9928E-05 9.9928E-05 9.9928E-05 9.9928E-05
0.153599 0.093078 0.0469308 0.110896 0.0639224 0.0654526 0.0758457 0.10381 0.0151677 0.0853248 0.0795498 0.0425212 0.0639015
0.33341 0.0813858 0.0916929 0.0487315 0.054843 0.0400893 0.0501446 0.048314 0.0264168 0.0991264 0.0308244 0.0431057 0.051916
0.662304 0.0404232 0.0683579 0.030323 0.0101483 0.0231289 0.0206695 0.0323058 9.9991E-05 0.00610292 0.0389404 0.0308841 0.0363123
0.779171 0.0126281 0.0533882 0.0369667 0.0205384 0.0135396 0.0148944 9.9982E-05 9.9982E-05 0.0314749 0.017257 0.0165487 0.00339342
9.98918E-05 9.98918E-05 9.98918E-05 0.998801 9.98918E-05 9.98918E-05 9.98918E-05 9.98918E-05 9.98918E-05 9.98918E-05 9.98918E-05 9.98918E-05 9.98918E-05
0.239667 0.0400481 0.146476 0.0811453 0.0799563 0.0606216 0.0652371 0.0121173 0.0239027 0.0638798 0.0695671 0.0617464 0.0556351
0.0162452 0.00558338 9.9982E-05 0.0267746 9.9982E-05 0.0165203 0.0247785 0.0257577 0.00954505 0.821897 0.00247148 0.0289434 0.0212834
9.99009E-05 9.99009E-05 0.89196 9.99009E-05 9.99009E-05 9.99009E-05 9.99009E-05 0.106941 9.99009E-05 9.99009E-05 9.99009E-05 9.99009E-05 9.99009E-05
9.98919E-05 9.98919E-05 9.98919E-05 9.98919E-05 9.98919E-05 9.98919E-05 9.98919E-05 9.98919E-05 9.98919E-05 0.998801 9.98919E-05 9.98919E-05 9.98919E-05
9.98918E-05 9.98918E-05 9.98918E-05 9.98918E-05 9.98918E-05 9.98918E-05 9.98918E-05 0.998801 9.98918E-05 9.98918E-05 9.98918E-05 9.98918E-05 9.98918E-05
9.9964E-05 0.00203451 9.9964E-05 0.00339996 0.00200176 0.00799913 0.000739005 9.9964E-05 0.0062767 0.0201101 0.00276271 0.954276 9.9964E-05
9.991E-05 9.991E-05 0.00222194 9.991E-05 9.991E-05 9.991E-05 9.991E-05 9.991E-05 9.991E-05 9.991E-05 9.991E-05 0.991268 0.00551076
9.9892E-05 9.9892E-05 9.9892E-05 9.9892E-05 9.9892E-05 9.9892E-05 0.998801 9.9892E-05 9.9892E-05 9.9892E-05 9.9892E-05 9.9892E-05 9.9892E-05
9.98919E-05 9.98919E-05 9.98919E-05 9.98919E-05 9.98919E-05 9.98919E-05 0.998801 9.98919E-05 9.98919E-05 9.98919E-05 9.98919E-05 9.98919E-05 9.98919E-05
9.9955E-05 0.00372962 9.9955E-05 9.9955E-05 0.00341599 0.00146516 0.00356214 0.00217923 9.9955E-05 0.00208764 9.9955E-05 0.00643782 0.976623
9.9946E-05 9.9946E-05 0.00120442 0.00104283 0.978605 0.00101718 0.0125401 9.9946E-05 9.9946E-05 9.9946E-05 9.9946E-05 0.00234753 0.00264341
0.0843482 0.321797 0.0499718 0.043284 0.0380754 0.00524881 0.0477149 0.0350464 0.180327 0.0591692 0.0312027 0.0538109 0.0500042
0.00770558 9.9964E-05 0.00419696 9.9964E-05 0.962317 0.00228888 0.00836635 9.9964E-05 0.00337405 0.00405775 0.00193643 9.9964E-05 0.00535706
9.9919E-05 9.9919E-05 0.00339221 9.9919E-05 9.9919E-05 0.984875 9.9919E-05 9.9919E-05 9.9919E-05 9.9919E-05 9.9919E-05 0.00897168 0.00186187
0.382858 0.0290707 0.0729761 0.0519026 0.0288674 0.0517861 0.0366277 0.0332954 0.063282 0.126476 0.0247068 0.0672421 0.0309094
0.150936 0.0882293 0.0487563 0.117664 0.0566947 0.070546 0.0811354 0.0966979 0.0135073 0.0815833 0.0799703 0.0420837 0.0721952
0.288424 0.0616829 0.0909928 0.064614 0.0680319 0.0369012 0.0293041 0.0375373 0.0491744 0.0787553 0.0599504 0.0654715 0.0691607
0.685939 0.0356437 0.0652171 0.0233831 0.00715253 0.0228922 0.0238639 0.0177047 9.9991E-05 0.0025195 0.0366267 0.0361389 0.0428182
0.65792 0.00520391 0.0446039 0.0470815 0.0399365 0.029554 0.0215912 0.0137345 0.0328452 0.0275783 0.0162814 0.0269158 0.0367535
9.9892E-05 9.9892E-05 9.9892E-05 9.9892E-05 9.9892E-05 9.9892E-05 9.9892E-05 9.9892E-05 9.9892E-05 9.9892E-05 0.998801 9.9892E-05 9.9892E-05
9.98918E-05 9.98918E-05 9.98918E-05 0.998801 9.98918E-05 9.98918E-05 9.98918E-05 9.98918E-05 9.98918E-05 9.98918E-05 9.98918E-05 9.98918E-05 9.98918E-05
0.273819 0.0639412 0.162769 0.084791 0.0761947 0.0411864 0.0396873 9.9991E-05 0.00978859 0.04861 0.0989175 0.0350566 0.0651389
0.00442053 9.9973E-05 9.9973E-05 0.0134537 9.9973E-05 0.018815 0.0363676 0.0389518 0.00130278 0.844775 0.0064491 0.018174 0.0169902
9.99009E-05 9.99009E-05 0.890332 9.99009E-05 9.99009E-05 9.99009E-05 9.99009E-05 0.10857 9.99009E-05 9.99009E-05 9.99009E-05 9.99009E-05 9.99009E-05
9.98919E-05 9.98919E-05 9.98919E-05 9.98919E-05 9.98919E-05 9.98919E-05 9.98919E-05 9.98919E-05 9.98919E-05 0.998801 9.98919E-05 9.98919E-05 9.98919E-05
9.98919E-05 9.98919E-05 9.98919E-05 9.98919E-05 9.98919E-05 9.98919E-05 9.98919E-05 0.998801 9.98919E-05 9.98919E-05 9.98919E-05 9.98919E-05 9.98919E-05
9.9919E-05 9.9919E-05 9.9919E-05 0.00240342 9.9919E-05 9.9919E-05 9.9919E-05 9.9919E-05 9.9919E-05 0.000513886 0.000437896 0.995746 9.9919E-05
9.9928E-05 9.9928E-05 0.0230143 0.0106869 9.9928E-05 0.0055113 0.949782 9.9928E-05 9.9928E-05 9.9928E-05 0.0102056 9.9928E-05 9.9928E-05
9.9892E-05 9.9892E-05 9.9892E-05 9.9892E-05 9.9892E-05 9.9892E-05 9.9892E-05 9.9892E-05 9.9892E-05 9.9892E-05 9.9892E-05 9.9892E-05 0.998801
0.0984918 0.0238237 0.0709065 0.0257406 0.0495404 0.0235024 0.06747 0.0504253 0.0212765 0.0101972 0.0271304 0.0501036 0.481391
0.159976 0.192739 0.0654379 0.0437313 0.0346631 0.0428529 0.0666694 0.0491655 0.168171 0.0447726 0.0447953 0.0619203 0.0251056
9.98919E-05 9.98919E-05 9.98919E-05 9.98919E-05 0.998801 9.98919E-05 9.98919E-05 9.98919E-05 9.98919E-05 9.98919E-05 9.98919E-05 9.98919E-05 9.98919E-05
9.9892E-05 9.9892E-05 9.9892E-05 9.9892E-05 9.9892E-05 9.9892E-05 9.9892E-05 9.9892E-05 0.998801 9.9892E-05 9.9892E-05 9.9892E-05 9.9892E-05
0.0245829 0.00228845 0.00742277 0.0153947 0.857477 0.0208098 0.0288577 9.9982E-05 0.012465 0.00721356 9.9982E-05 0.0155394 0.00774849
9.9892E-05 9.9892E-05 9.9892E-05 9.9892E-05 9.9892E-05 0.998801 9.9892E-05 9.9892E-05 9.9892E-05 9.9892E-05 9.9892E-05 9.9892E-05 9.9892E-05
0.335396 0.0364162 0.0773251 0.0580218 0.0451981 0.0459179 0.0554322 0.0454003 0.0350741 0.133248 0.0291134 0.0467568 0.0567003
0.169242 0.0552311 0.0659587 0.089913 0.0690371 0.060791 0.093213 0.0914201 0.0409752 0.0878479 0.0712433 0.0540235 0.0511041
0.331852 0.0360622 0.0467928 0.0647114 0.0484415 0.0372095 0.0514493 0.0726041 0.0498212 0.0938519 0.0480964 0.0610964 0.0580115
0.730237 9.9991E-05 0.0332271 0.0396802 0.0146433 0.0177506 0.00523142 0.0146312 0.0455446 0.0395235 0.0171555 0.00190015 0.040375
0.907584 0.000562113 9.9973E-05 9.9973E-05 0.0078593 0.0134752 0.00601318 0.0151603 0.0183068 0.00040203 0.00501326 0.0253237 9.9973E-05
9.9892E-05 9.9892E-05 9.9892E-05 9.9892E-05 9.9892E-05 9.9892E-05 9.9892E-05 9.9892E-05 9.9892E-05 9.9892E-05 0.998801 9.9892E-05 9.9892E-05
0.0193748 0.0114269 0.00616077 0.854927 0.0160091 0.0047746 0.0211554 0.014747 0.0091323 0.0129279 0.00537567 0.00973653 0.0142519
0.264409 0.0672964 0.161653 0.0855156 0.0864721 0.0517574 0.0350957 9.9991E-05 0.00551659 0.0372916 0.103487 0.0336081 0.0677981
0.0181985 9.9991E-05 0.00250421 0.0126658 0.0160158 0.0281087 0.0435871 0.0265219 0.00823436 0.785435 0.0137341 0.0172058 0.0276889
9.99009E-05 9.99009E-05 0.895928 9.99009E-05 9.99009E-05 9.99009E-05 9.99009E-05 0.102973 9.99009E-05 9.99009E-05 9.99009E-05 9.99009E-05 9.99009E-05
9.98919E-05 9.98919E-05 9.98919E-05 9.98919E-05 9.98919E-05 9.98919E-05 9.98919E-05 9.98919E-05 9.98919E-05 0.998801 9.98919E-05 9.98919E-05 9.98919E-05
9.9892E-05 9.9892E-05 9.9892E-05 9.9892E-05 9.9892E-05 9.9892E-05 9.9892E-05 9.9892E-05 9.9892E-05 9.9892E-05 9.9892E-05 0.998801 9.9892E-05
