9.997E-05 9.997E-05 9.997E-05 0.9996 9.997E-05
0.959384 9.9991E-05 0.0235678 0.00353387 0.0134141
0.945643 0.00381172 0.0406085 0.000856866 0.00907952
9.997E-05 9.997E-05 0.9996 9.997E-05 9.997E-05
9.997E-05 9.997E-05 0.9996 9.997E-05 9.997E-05
0.0897244 0.0463311 0.731101 0.0663572 0.0664865
9.997E-05 9.997E-05 9.997E-05 9.997E-05 0.9996
0.0465175 9.9973E-05 0.953183 9.9973E-05 9.9973E-05
0.0584853 0.138431 0.640888 0.077147 0.0850487
0.0391924 9.9991E-05 0.950271 0.00373102 0.00670609
0.0716463 0.10364 0.645784 0.0848743 0.0940556
0.121782 0.113532 0.604771 0.0623421 0.0975732
0.0212327 0.0514252 0.796856 0.0375743 0.0929114
0.00914017 0.0800151 0.807215 0.0160487 0.0875813
0.0315065 0.0205318 0.375447 0.01642 0.556095
0.0681104 0.0623379 0.806063 0.0228171 0.0406714
0.0864274 0.0530932 0.80957 0.00414416 0.0467657
0.0794404 0.0870253 0.661477 0.0710709 0.100986
0.0347541 0.788465 0.127594 0.0330565 0.0161305
0.0638625 0.086673 0.728695 0.0474789 0.0732908
0.00348313 0.996217 9.9973E-05 9.9973E-05 9.9973E-05
0.045537 0.0815406 0.789405 0.0256525 0.0578648
9.9982E-05 9.9982E-05 0.0555891 0.928497 0.0157138
0.9996 9.997E-05 9.997E-05 9.997E-05 9.997E-05
0.923919 9.9991E-05 0.050554 0.00901779 0.0164093
9.997E-05 9.997E-05 0.9996 9.997E-05 9.997E-05
9.997E-05 9.997E-05 9.997E-05 9.997E-05 0.9996
0.0503255 0.0143867 0.935088 9.9982E-05 9.9982E-05
0.0131115 0.004165 0.0289372 0.0132081 0.940578
0.0681227 9.9973E-05 0.931577 9.9973E-05 9.9973E-05
0.0372146 0.141431 0.688196 0.0613348 0.0718245
0.0206821 9.9973E-05 0.979018 9.9973E-05 9.9973E-05
0.0845715 0.107551 0.595675 0.0953474 0.116855
0.0120456 0.0490858 0.806704 0.0405585 0.0916063
0.0155925 0.082281 0.785574 0.0260137 0.0905386
0.0777876 0.0946581 0.680468 0.0669265 0.0801597
0.0564239 0.0695208 0.810624 0.0213809 0.0420501
0.0575744 0.0912854 0.729332 0.0407553 0.0810529
0.0532952 0.0602756 0.792836 0.0310709 0.0625223
9.997E-05 0.9996 9.997E-05 9.997E-05 9.997E-05
0.0661752 0.0929111 0.728209 0.0540184 0.0586868
9.997E-05 9.997E-05 9.997E-05 0.9996 9.997E-05
9.9991E-05 0.00421462 0.0365883 0.9543 0.00479737
0.9996 9.997E-05 9.997E-05 9.997E-05 9.997E-05
0.873083 0.00904855 0.085188 0.0200311 0.0126495
9.997E-05 9.997E-05 0.9996 9.997E-05 9.997E-05
9.997E-05 9.997E-05 9.997E-05 9.997E-05 0.9996
0.0550291 0.0061639 0.898361 0.0206834 0.0197628
9.997E-05 9.997E-05 9.997E-05 9.997E-05 0.9996
0.064841 9.9991E-05 0.880449 0.034059 0.0205506
0.0423287 0.143477 0.658008 0.076332 0.0798541
0.0260506 9.9991E-05 0.969419 0.000856751 0.00357381
0.0512725 0.148375 0.657676 0.0614639 0.0812126
0.0297233 0.0573201 0.775407 0.0488557 0.0886937
0.0251482 0.0843701 0.782466 0.0344118 0.073604
0.077539 0.0873099 0.667249 0.0721728 0.0957288
0.0660706 0.0828653 0.796152 0.0132057 0.0417063
0.0817028 0.41498 0.396585 0.0516865 0.0550458
0.0757953 0.0656476 0.73449 0.0401175 0.0839493
9.997E-05 0.9996 9.997E-05 9.997E-05 9.997E-05
0.0547072 0.0594273 0.802973 0.0303289 0.0525635
0.00287928 0.005227 9.9982E-05 0.991694 9.9982E-05
9.9982E-05 9.9982E-05 0.032957 0.954304 0.012539
0.9996 9.997E-05 9.997E-05 9.997E-05 9.997E-05
0.575801 0.0495411 0.295111 0.0380467 0.0415001
9.997E-05 9.997E-05 0.9996 9.997E-05 9.997E-05
0.0048901 9.9991E-05 0.0113424 0.00688087 0.976787
0.0687105 0.0163995 0.91469 9.9982E-05 9.9982E-05
0.0265144 0.0294368 0.0725477 0.0177158 0.853785
0.0553029 0.00885293 0.89304 0.0276608 0.0151436
0.048928 0.149099 0.652503 0.0659861 0.083484
0.0142307 9.9973E-05 0.985469 9.9973E-05 9.9973E-05
0.0665607 0.146721 0.624851 0.0718372 0.0900303
0.0546537 0.0861823 0.696951 0.0628702 0.099343
0.0195953 0.0846733 0.811863 0.00793332 0.075935
0.0902338 0.0629727 0.791063 0.0157695 0.0399613
0.0884416 0.0771695 0.669505 0.0751342 0.0897502
0.0801035 0.372084 0.427333 0.0742384 0.0462419
0.060399 0.0601961 0.777979 0.0368157 0.0646105
9.997E-05 0.9996 9.997E-05 9.997E-05 9.997E-05
0.0667773 0.069504 0.768761 0.0405878 0.0543697
9.9973E-05 0.0011635 9.9973E-05 0.998537 9.9973E-05
9.997E-05 9.997E-05 9.997E-05 0.9996 9.997E-05
0.9996 9.997E-05 9.997E-05 9.997E-05 9.997E-05
0.583621 0.0390646 0.293439 0.0353725 0.048503
9.9991E-05 0.0256518 0.950711 0.00354988 0.0199873
9.997E-05 9.997E-05 9.997E-05 9.997E-05 0.9996
0.0666096 9.99814E-05 0.93309 9.99814E-05 9.99814E-05
0.0401933 0.0255095 0.129443 0.0411773 0.763677
0.0584575 0.00424597 0.90647 0.0213916 0.00943442
0.0448875 0.146002 0.665523 0.0670517 0.0765365
0.0159098 0.000645549 0.983245 9.9982E-05 9.9982E-05
0.0937091 0.101891 0.667338 0.0504351 0.0866263
0.0366471 0.147518 0.689032 0.062067 0.0647365
0.0657618 0.0671095 0.750552 0.0527352 0.0638419
0.033475 0.086465 0.742951 0.0582836 0.0788252
0.107065 0.0712272 0.70535 0.0428394 0.0735188
0.0823583 0.0719375 0.68733 0.0643845 0.0939896
0.0272268 0.84617 0.100329 0.020417 0.00585706
0.0507805 0.0582538 0.788991 0.0302912 0.0716831
0.0178886 0.942873 0.0184206 0.0143784 0.00643907
0.0125011 0.0683376 0.834685 0.0250717 0.059405
0.0203319 0.0102839 0.00892487 0.958343 0.00211585
9.997E-05 9.997E-05 9.997E-05 0.9996 9.997E-05
0.9996 9.997E-05 9.997E-05 9.997E-05 9.997E-05
0.919411 0.00699637 0.0557048 0.0017577 0.01613
9.997E-05 9.997E-05 0.9996 9.997E-05 9.997E-05
9.997E-05 9.997E-05 9.997E-05 9.997E-05 0.9996
0.0516953 9.9973E-05 0.948005 9.9973E-05 9.9973E-05
9.997E-05 9.997E-05 9.997E-05 9.997E-05 0.9996
0.044997 9.9991E-05 0.923063 0.0223529 0.00948749
0.0599037 0.0765081 0.679327 0.0700772 0.114184
0.0185949 9.9991E-05 0.973154 0.00239372 0.00575784
0.118655 0.117306 0.631214 0.0436796 0.0891446
0.0807394 0.142885 0.632733 0.0571943 0.0864476
0.0506903 0.0582997 0.767234 0.0599236 0.063852
0.0454637 0.0930022 0.723293 0.0428245 0.0954163
0.0791045 0.0541726 0.831333 0.00156318 0.0338269
0.0914962 0.0867535 0.647856 0.0731031 0.100792
0.0255171 0.834532 0.123976 0.015875 9.9991E-05
0.0651883 0.0626166 0.787618 0.0300446 0.0545329
9.997E-05 0.9996 9.997E-05 9.997E-05 9.997E-05
0.0154183 0.073487 0.834058 0.0273296 0.0497073
0.0112736 0.0127555 0.00958481 0.961011 0.00537505
9.997E-05 9.997E-05 9.997E-05 0.9996 9.997E-05
0.9996 9.997E-05 9.997E-05 9.997E-05 9.997E-05
0.9996 9.997E-05 9.997E-05 9.997E-05 9.997E-05
9.997E-05 9.997E-05 0.9996 9.997E-05 9.997E-05
0.00268543 9.99909E-05 0.0152835 9.99909E-05 0.981831
0.0827798 0.0643839 0.753111 0.0552139 0.0445116
0.00169268 0.000505334 0.0252643 9.9991E-05 0.972438
0.0315103 9.9991E-05 0.958265 0.00435018 0.00577464
0.0776015 0.164331 0.621545 0.079493 0.0570299
0.111121 0.108432 0.641591 0.0528926 0.0859628
0.0392006 0.104539 0.677027 0.0762552 0.102978
0.048155 0.0603365 0.762938 0.0607139 0.0678563
0.0391973 0.0847679 0.732937 0.0459528 0.0971445
0.0687878 0.0833561 0.79202 0.0233702 0.0324662
0.0779304 0.05558 0.813204 0.0157737 0.037512
0.0709832 0.0797694 0.695246 0.0397018 0.1143
0.0241733 0.861541 0.0977941 0.0163915 9.9991E-05
0.0472095 0.0559298 0.824984 0.027111 0.0447657
9.997E-05 0.9996 9.997E-05 9.997E-05 9.997E-05
0.032665 0.0672927 0.813533 0.0235014 0.0630084
9.997E-05 9.997E-05 9.997E-05 0.9996 9.997E-05
0.964685 0.00305228 0.0259487 0.00440421 0.0019102
9.997E-05 9.997E-05 0.9996 9.997E-05 9.997E-05
0.056887 0.0223749 0.832309 0.0342105 0.0542189
0.0922087 0.0628536 0.714893 0.0707563 0.0592887
9.997E-05 9.997E-05 9.997E-05 9.997E-05 0.9996
0.0490674 0.000317509 0.950415 9.9982E-05 9.9982E-05
0.0231324 0.0207591 0.0667549 0.0216138 0.86774
0.020901 9.9973E-05 0.978799 9.9973E-05 9.9973E-05
0.0691226 0.161124 0.633688 0.0605466 0.0755179
0.109269 0.114285 0.617686 0.0686123 0.0901479
0.0543331 0.119796 0.666114 0.0619485 0.097808
0.0317331 0.0934632 0.75694 0.0373881 0.0804759
0.0267196 0.0664528 0.761808 0.0533863 0.0916337
0.0770359 0.0574288 0.816253 0.0108327 0.0384493
0.0956049 0.0706406 0.73151 0.0397705 0.0624739
0.0530329 0.0818251 0.702759 0.0527137 0.10967
0.0248768 0.805053 0.121234 0.0237648 0.0250713
0.0558316 0.0565728 0.806504 0.026972 0.0541196
9.997E-05 0.9996 9.997E-05 9.997E-05 9.997E-05
9.997E-05 9.997E-05 9.997E-05 0.9996 9.997E-05
