9.998E-05 0.9997 9.998E-05 9.998E-05
0.0317488 0.000321266 0.00613092 0.961799
0.026388 0.00320799 0.0116307 0.958773
0.9997 9.998E-05 9.998E-05 9.998E-05
0.9997 9.998E-05 9.998E-05 9.998E-05
0.738551 0.0765189 0.0740483 0.110881
9.998E-05 9.998E-05 0.9997 9.998E-05
0.921095 0.00834967 9.9991E-05 0.0704558
0.790514 0.0665754 0.090107 0.0528041
0.894936 0.0259071 0.0138268 0.0653301
0.725893 0.0760973 0.102618 0.0953916
0.715354 0.0748451 0.0945344 0.115266
0.825952 0.0467552 0.0964998 0.0307925
0.874422 0.0205811 0.0915155 0.0134817
0.356447 0.0290156 0.570542 0.0439961
0.862446 0.0225245 0.0471223 0.0679071
0.849909 0.0139205 0.0398023 0.0963683
0.716635 0.069377 0.117469 0.096519
0.943001 0.0183753 0.00184504 0.036779
0.79509 0.0703312 0.0688653 0.0657138
0.9997 9.998E-05 9.998E-05 9.998E-05
0.853885 0.0373087 0.0608249 0.0479814
0.0606047 0.922233 0.0166739 0.000488254
9.998E-05 9.998E-05 9.998E-05 0.9997
0.0390477 0.00890887 0.0238591 0.928184
0.9997 9.998E-05 9.998E-05 9.998E-05
9.998E-05 9.998E-05 0.9997 9.998E-05
0.921302 0.0104222 9.9991E-05 0.0681757
0.0383587 0.00470557 0.93523 0.0217061
0.893509 0.00873462 9.9991E-05 0.0976561
0.832813 0.0554391 0.0824005 0.0293471
0.914594 0.0264282 0.00669364 0.0522843
0.655917 0.104418 0.114531 0.125134
0.844556 0.0420226 0.0923861 0.021035
0.866412 0.0336628 0.0865519 0.0133731
0.763699 0.0728274 0.0894448 0.0740288
0.872628 0.0258719 0.0419974 0.0595032
0.800706 0.053964 0.0769898 0.0683406
0.848624 0.0315129 0.0738577 0.0460057
0.9997 9.998E-05 9.998E-05 9.998E-05
0.794813 0.0626183 0.0723074 0.0702616
9.998E-05 0.9997 9.998E-05 9.998E-05
0.0299688 0.95562 0.0143108 9.9991E-05
9.998E-05 9.998E-05 9.998E-05 0.9997
0.0908497 0.0109612 0.0163611 0.881828
0.9997 9.998E-05 9.998E-05 9.998E-05
9.998E-05 9.998E-05 0.9997 9.998E-05
0.858228 0.048098 0.0293776 0.0642968
9.998E-05 9.998E-05 0.9997 9.998E-05
0.84563 0.0483487 0.0360357 0.0699862
0.785157 0.0817819 0.0890665 0.0439942
0.881509 0.0371263 0.0164761 0.0648888
0.781226 0.0698529 0.0754557 0.0734651
0.838558 0.0455398 0.0886907 0.0272115
0.835042 0.048374 0.0849418 0.0316421
0.736779 0.0800488 0.0947859 0.0883866
0.880624 0.0120228 0.0404529 0.0669001
0.835958 0.0468652 0.0484729 0.0687036
0.793822 0.0444989 0.075698 0.0859807
0.9997 9.998E-05 9.998E-05 9.998E-05
0.8537 0.0382318 0.055197 0.0528714
9.9982E-05 0.992001 9.9982E-05 0.00779949
0.0314396 0.962547 0.00263251 0.00338073
9.998E-05 9.998E-05 9.998E-05 0.9997
0.335853 0.0367069 0.0498592 0.577581
0.989488 0.0103123 9.9982E-05 9.9982E-05
9.9991E-05 0.0124127 0.980813 0.00667409
0.881012 0.0198278 0.00219233 0.0969677
0.105487 0.0177866 0.848006 0.0287201
0.869488 0.0430021 0.0224681 0.065042
0.782169 0.0790314 0.0934498 0.0453497
0.914752 0.0224128 0.00958453 0.0532504
0.78598 0.0672038 0.0806559 0.0661606
0.787949 0.0603009 0.0942153 0.0575348
0.872441 0.0147639 0.0897189 0.0230764
0.841287 0.0214151 0.0366579 0.10064
0.726717 0.0812707 0.0959287 0.0960837
0.796079 0.0638973 0.0559817 0.084042
0.823865 0.0376133 0.0704696 0.068052
0.9997 9.998E-05 9.998E-05 9.998E-05
0.826559 0.0412905 0.0649892 0.0671613
9.998E-05 0.9997 9.998E-05 9.998E-05
9.998E-05 0.9997 9.998E-05 9.998E-05
9.998E-05 9.998E-05 9.998E-05 0.9997
0.327802 0.0476388 0.0414138 0.583145
0.962379 0.00945146 0.0280695 9.9991E-05
9.998E-05 9.998E-05 0.9997 9.998E-05
0.916641 0.00323369 9.9991E-05 0.0800258
0.148838 0.0316672 0.758172 0.0613225
0.873589 0.0433482 0.0226614 0.060401
0.813465 0.0705517 0.0832091 0.032774
0.908255 0.0253806 0.00947718 0.0568867
0.740552 0.0523008 0.0993344 0.107813
0.821153 0.0578647 0.0752531 0.0457296
0.799815 0.0612036 0.0804801 0.0585011
0.79851 0.0611786 0.0994412 0.0408699
0.771913 0.0528068 0.0669931 0.108288
0.747911 0.0807606 0.0977752 0.0735529
0.973361 0.00092751 9.9991E-05 0.0256112
0.824827 0.0412776 0.0781034 0.0557918
0.984072 9.9991E-05 0.00514079 0.010687
0.866646 0.0371389 0.0618376 0.0343779
0.0275596 0.955332 0.00240183 0.0147066
9.998E-05 0.9997 9.998E-05 9.998E-05
9.998E-05 9.998E-05 9.998E-05 0.9997
0.0613484 0.00978627 0.0043107 0.924555
0.990682 0.0091184 9.9982E-05 9.9982E-05
9.998E-05 9.998E-05 0.9997 9.998E-05
0.915671 0.00499941 9.9991E-05 0.0792294
9.998E-05 9.998E-05 0.9997 9.998E-05
0.859116 0.043536 0.027765 0.0695829
0.73919 0.0739834 0.121207 0.0656193
0.886088 0.0316839 0.0295515 0.0526766
0.738125 0.0618326 0.0915186 0.108524
0.776314 0.0575903 0.090783 0.0753127
0.814519 0.0571868 0.0738548 0.0544393
0.802692 0.0458363 0.10037 0.0511014
0.854481 0.0148512 0.0372155 0.0934524
0.717781 0.0742152 0.110934 0.0970703
0.974778 0.00197385 9.9991E-05 0.0231478
0.837828 0.0401402 0.0577381 0.0642937
0.9997 9.998E-05 9.998E-05 9.998E-05
0.884798 0.0325999 0.0629364 0.0196653
0.0205306 0.970341 9.9991E-05 0.00902814
9.998E-05 0.9997 9.998E-05 9.998E-05
9.998E-05 9.998E-05 9.998E-05 0.9997
9.998E-05 9.998E-05 9.998E-05 0.9997
0.98813 0.0116704 9.9982E-05 9.9982E-05
0.0151518 0.0015417 0.980077 0.0032298
0.786785 0.0723094 0.0618085 0.0790966
0.0273415 0.00626372 0.965507 0.000887665
0.889495 0.0259623 0.0206717 0.063871
0.793133 0.0846658 0.064234 0.0579672
0.738946 0.0623958 0.0886389 0.11002
0.764553 0.0861347 0.0944369 0.0548753
0.80015 0.065761 0.0791539 0.0549346
0.800863 0.0616593 0.108446 0.0290315
0.873372 0.0264595 0.0310118 0.0691571
0.855052 0.018619 0.0344388 0.0918903
0.751322 0.0554309 0.121597 0.0716506
0.972309 0.00373854 9.9991E-05 0.0238523
0.87171 0.0262991 0.054998 0.0469928
0.9997 9.998E-05 9.998E-05 9.998E-05
0.875401 0.0246556 0.069327 0.0306164
9.9982E-05 0.998754 9.9982E-05 0.00104565
0.012905 0.00975713 0.00735212 0.969986
0.9997 9.998E-05 9.998E-05 9.998E-05
0.809617 0.0619653 0.0561465 0.0722708
0.760807 0.0799101 0.059913 0.0993701
9.998E-05 9.998E-05 0.9997 9.998E-05
0.918903 0.00326247 9.9991E-05 0.0777342
0.0877583 0.022449 0.870035 0.019758
0.915472 0.0228023 0.00419792 0.0575278
0.789316 0.0608779 0.0707745 0.0790319
0.720377 0.0639099 0.099621 0.116092
0.770989 0.0696442 0.0907781 0.0685886
0.843251 0.048954 0.0753898 0.0324057
0.807108 0.0637697 0.0933216 0.0358008
0.848074 0.0291983 0.0381993 0.0845281
0.802542 0.0426095 0.0575397 0.0973093
0.765501 0.0434728 0.119227 0.0717989
0.960473 0.00591474 0.0072456 0.026367
0.846895 0.0342852 0.0618004 0.0570189
0.9997 9.998E-05 9.998E-05 9.998E-05
9.998E-05 0.9997 9.998E-05 9.998E-05
