0.999001 9.99101E-05 9.99101E-05 9.99101E-05 9.99101E-05 9.99101E-05 9.99101E-05 9.99101E-05 9.99101E-05 9.99101E-05 9.99101E-05
0.0022718 9.9982E-05 9.9982E-05 0.0106452 0.000604131 0.0284897 0.0037577 0.00114927 0.0014499 0.00110952 0.950323
0.00230547 9.9964E-05 0.00334265 0.00301839 0.00260043 0.024364 0.0206041 9.9964E-05 9.9964E-05 9.9964E-05 0.943365
9.99101E-05 9.99101E-05 9.99101E-05 9.99101E-05 9.99101E-05 9.99101E-05 9.99101E-05 0.999001 9.99101E-05 9.99101E-05 9.99101E-05
9.99101E-05 9.99101E-05 9.99101E-05 9.99101E-05 9.99101E-05 9.99101E-05 9.99101E-05 0.999001 9.99101E-05 9.99101E-05 9.99101E-05
0.0546085 0.109947 0.028162 0.0287653 0.0593021 0.114914 0.0998765 0.0447484 0.315319 0.0832166 0.0611403
9.99101E-05 9.99101E-05 9.99101E-05 9.99101E-05 0.999001 9.99101E-05 9.99101E-05 9.99101E-05 9.99101E-05 9.99101E-05 9.99101E-05
9.99101E-05 9.99101E-05 9.99101E-05 9.99101E-05 9.99101E-05 9.99101E-05 9.99101E-05 9.99101E-05 0.999001 9.99101E-05 9.99101E-05
0.0610533 0.383158 0.0883391 0.0212972 0.0473102 0.110502 0.137477 0.0374666 0.0354893 0.0419044 0.0360039
9.9955E-05 0.00271541 9.9955E-05 0.973098 0.00459616 9.9955E-05 9.9955E-05 9.9955E-05 0.00282997 0.00450497 0.0117562
0.0613297 0.232793 0.0976136 0.0566561 0.0652334 0.125731 0.143104 0.0743901 0.0459995 0.0478586 0.0492912
0.0486971 0.135818 0.0933928 0.05747 0.0752724 0.223869 0.137051 0.0465408 0.0443675 0.0531336 0.0843877
0.00205729 0.985643 9.99459E-05 9.99459E-05 0.00793025 9.99459E-05 9.99459E-05 0.000186487 0.00358324 9.99459E-05 9.99459E-05
9.99101E-05 0.999001 9.99101E-05 9.99101E-05 9.99101E-05 9.99101E-05 9.99101E-05 9.99101E-05 9.99101E-05 9.99101E-05 9.99101E-05
0.0153465 0.117274 9.9982E-05 0.0244115 0.537599 0.167747 0.0672404 0.0160531 9.9982E-05 0.040577 0.0135515
9.99101E-05 9.99101E-05 9.99101E-05 9.99101E-05 9.99101E-05 0.999001 9.99101E-05 9.99101E-05 9.99101E-05 9.99101E-05 9.99101E-05
9.9928E-05 9.9928E-05 9.9928E-05 9.9928E-05 0.00517399 0.990064 9.9928E-05 9.9928E-05 9.9928E-05 0.00396286 9.9928E-05
0.0614902 0.21032 0.0451415 0.0377682 0.0683688 0.188237 0.173064 0.0665704 0.016288 0.0670632 0.0656885
0.0218841 0.0031512 0.795938 0.0198092 0.00631101 0.0409982 0.035475 0.0188498 0.000827232 0.0162582 0.0404984
0.0394803 0.0109773 0.0515423 0.0130698 0.0314764 0.0256253 0.709079 0.0386852 0.0203918 0.0135204 0.0461518
9.9946E-05 9.9946E-05 0.986651 9.9946E-05 0.000498462 0.00754008 9.9946E-05 9.9946E-05 0.00350947 9.9946E-05 0.00120124
0.000435347 0.00977831 0.00161476 0.0104138 9.9973E-05 0.00739371 0.947472 0.0159054 9.9973E-05 0.0066864 9.9973E-05
0.920947 0.0191482 0.000216686 0.000202515 0.013801 9.9973E-05 0.0295758 0.0129257 9.9973E-05 0.00288285 9.9973E-05
9.99101E-05 9.99101E-05 9.99101E-05 9.99101E-05 9.99101E-05 9.99101E-05 9.99101E-05 9.99101E-05 9.99101E-05 9.99101E-05 0.999001
0.0111901 0.00407551 9.9973E-05 0.0123734 0.0119812 0.0314917 0.0167811 0.000336598 9.9973E-05 9.9973E-05 0.911471
9.99101E-05 9.99101E-05 9.99101E-05 9.99101E-05 9.99101E-05 9.99101E-05 9.99101E-05 0.999001 9.99101E-05 9.99101E-05 9.99101E-05
9.99101E-05 9.99101E-05 9.99101E-05 9.99101E-05 0.999001 9.99101E-05 9.99101E-05 9.99101E-05 9.99101E-05 9.99101E-05 9.99101E-05
9.99101E-05 9.99101E-05 9.99101E-05 9.99101E-05 9.99101E-05 9.99101E-05 9.99101E-05 9.99101E-05 0.999001 9.99101E-05 9.99101E-05
0.0112207 0.011685 0.00836198 0.000199568 0.911323 0.0234386 0.00681591 0.0100369 0.00376474 0.00636656 0.00678661
0.00724034 9.9946E-05 9.9946E-05 9.9946E-05 9.9946E-05 9.9946E-05 0.00550595 0.00392684 0.975426 9.9946E-05 0.00730075
0.0431195 0.426436 0.0971084 0.0035457 0.0287352 0.116673 0.138756 0.0400967 0.0344338 0.0552748 0.0158218
9.99101E-05 9.99101E-05 9.99101E-05 0.999001 9.99101E-05 9.99101E-05 9.99101E-05 9.99101E-05 9.99101E-05 9.99101E-05 9.99101E-05
0.104683 0.171139 0.0834547 0.051512 0.0896614 0.114511 0.107084 0.0700097 0.0552704 0.0509983 0.101676
9.99189E-05 0.994261 9.99189E-05 9.99189E-05 9.99189E-05 9.99189E-05 9.99189E-05 9.99189E-05 0.00483987 9.99189E-05 9.99189E-05
9.99101E-05 0.999001 9.99101E-05 9.99101E-05 9.99101E-05 9.99101E-05 9.99101E-05 9.99101E-05 9.99101E-05 9.99101E-05 9.99101E-05
0.0636335 0.212035 0.0574018 0.0358914 0.0522983 0.282025 0.156442 0.0326802 0.0161721 0.0421127 0.0493077
9.99101E-05 9.99101E-05 9.99101E-05 9.99101E-05 9.99101E-05 0.999001 9.99101E-05 9.99101E-05 9.99101E-05 9.99101E-05 9.99101E-05
0.02564 0.0898783 0.0583955 0.0298759 0.0456747 0.511779 0.117181 0.0396153 0.0432491 0.0338249 0.00488622
0.00467483 9.9964E-05 0.00337221 0.00892192 0.00232969 9.9964E-05 0.94813 9.9964E-05 9.9964E-05 0.0251014 0.00706999
9.99101E-05 9.99101E-05 0.999001 9.99101E-05 9.99101E-05 9.99101E-05 9.99101E-05 9.99101E-05 9.99101E-05 9.99101E-05 9.99101E-05
0.0359673 0.0448597 0.0449737 0.0110421 0.0234978 0.0570778 0.686273 0.0266717 0.0188452 0.0314606 0.0193315
0.999001 9.99101E-05 9.99101E-05 9.99101E-05 9.99101E-05 9.99101E-05 9.99101E-05 9.99101E-05 9.99101E-05 9.99101E-05 9.99101E-05
0.940012 0.0298978 0.00340831 0.000442712 0.00297558 9.9964E-05 0.0153008 0.0075633 9.9964E-05 9.9964E-05 9.9964E-05
9.99101E-05 9.99101E-05 9.99101E-05 9.99101E-05 9.99101E-05 9.99101E-05 9.99101E-05 9.99101E-05 9.99101E-05 9.99101E-05 0.999001
0.0119286 0.000929692 0.00647793 0.0126504 0.00497622 0.032627 0.0320244 0.00660388 0.0205731 0.00149762 0.869711
9.99101E-05 9.99101E-05 9.99101E-05 9.99101E-05 9.99101E-05 9.99101E-05 9.99101E-05 0.999001 9.99101E-05 9.99101E-05 9.99101E-05
9.9919E-05 9.9919E-05 0.0017181 9.9919E-05 0.997383 9.9919E-05 9.9919E-05 9.9919E-05 9.9919E-05 9.9919E-05 9.9919E-05
0.0016659 9.9973E-05 0.00238423 0.00311982 0.00393259 9.9973E-05 0.00606285 0.00333605 9.9973E-05 0.977421 0.00177773
9.99101E-05 9.99101E-05 9.99101E-05 9.99101E-05 0.999001 9.99101E-05 9.99101E-05 9.99101E-05 9.99101E-05 9.99101E-05 9.99101E-05
0.004852 9.9919E-05 9.9919E-05 9.9919E-05 9.9919E-05 9.9919E-05 9.9919E-05 9.9919E-05 9.9919E-05 0.994249 9.9919E-05
0.0654671 0.38063 0.103284 0.0177005 0.0453693 0.101288 0.140378 0.0313359 0.0412306 0.0422879 0.0310298
0.00263194 9.9955E-05 0.00344886 0.98291 0.00286979 9.9955E-05 9.9955E-05 0.00342208 0.00421785 9.9955E-05 9.9955E-05
0.0554651 0.286525 0.112771 0.0405851 0.0470833 0.11598 0.158684 0.049108 0.0364841 0.0524058 0.0449088
0.00912014 0.959873 9.99549E-05 9.99549E-05 0.0118757 9.99549E-05 9.99549E-05 0.000481171 0.015553 9.99549E-05 0.0025968
9.99279E-05 0.995205 9.99279E-05 9.99279E-05 9.99279E-05 9.99279E-05 9.99279E-05 9.99279E-05 0.00114295 0.00285256 9.99279E-05
0.054778 0.17988 0.0530071 0.0622282 0.0685594 0.215868 0.143056 0.0696573 0.0175487 0.0758069 0.0596095
9.99101E-05 9.99101E-05 9.99101E-05 9.99101E-05 9.99101E-05 0.999001 9.99101E-05 9.99101E-05 9.99101E-05 9.99101E-05 9.99101E-05
0.0403479 0.135641 0.392831 0.0482341 0.050741 0.0658659 0.09499 0.0438814 0.0331648 0.0264273 0.0678762
0.0162491 9.9991E-05 0.015621 0.0203929 0.0139641 0.00632862 0.851894 0.00961553 0.0166334 0.0167839 0.0324175
9.99101E-05 9.99101E-05 0.999001 9.99101E-05 9.99101E-05 9.99101E-05 9.99101E-05 9.99101E-05 9.99101E-05 9.99101E-05 9.99101E-05
9.99101E-05 9.99101E-05 9.99101E-05 9.99101E-05 9.99101E-05 9.99101E-05 0.999001 9.99101E-05 9.99101E-05 9.99101E-05 9.99101E-05
0.98546 9.9928E-05 0.00498761 9.9928E-05 9.9928E-05 9.9928E-05 9.9928E-05 9.9928E-05 9.9928E-05 9.9928E-05 0.00875312
0.953083 0.0151908 9.9946E-05 9.9946E-05 0.00887793 9.9946E-05 0.0142313 0.00801707 9.9946E-05 9.9946E-05 9.9946E-05
9.99101E-05 9.99101E-05 9.99101E-05 9.99101E-05 9.99101E-05 9.99101E-05 9.99101E-05 9.99101E-05 9.99101E-05 9.99101E-05 0.999001
0.0287513 0.0579966 0.0311506 0.0382533 0.0132568 0.0665927 0.100137 0.031709 0.0398486 0.029381 0.562924
0.0146623 9.9964E-05 9.9964E-05 0.00468884 0.00476742 0.0163051 9.9964E-05 0.954095 0.000592781 0.00448874 9.9964E-05
0.0093088 9.9955E-05 0.00701821 0.000161441 0.974298 0.00524703 9.9955E-05 9.9955E-05 0.00346688 9.9955E-05 9.9955E-05
0.012837 9.9955E-05 0.0101315 0.010551 9.9955E-05 9.9955E-05 0.00917163 9.9955E-05 0.93633 9.9955E-05 0.0204787
0.0122237 0.0138978 0.0161453 0.015978 0.840396 0.00312563 0.0369802 0.0116838 0.0166337 0.00723229 0.0257039
9.99101E-05 9.99101E-05 9.99101E-05 9.99101E-05 9.99101E-05 9.99101E-05 9.99101E-05 9.99101E-05 9.99101E-05 0.999001 9.99101E-05
0.0555921 0.345849 0.08556 0.0342108 0.0536041 0.122 0.138071 0.0454311 0.0387376 0.0432631 0.0376818
9.99101E-05 9.99101E-05 9.99101E-05 0.999001 9.99101E-05 9.99101E-05 9.99101E-05 9.99101E-05 9.99101E-05 9.99101E-05 9.99101E-05
0.0603884 0.326464 0.107275 0.0566187 0.0476249 0.0985849 0.124373 0.0588978 0.0363195 0.0346999 0.0487541
0.0319226 0.640401 0.0296593 0.0218825 0.0345626 0.0595329 0.0906418 0.0335621 0.0324343 9.9991E-05 0.0253008
9.99101E-05 0.999001 9.99101E-05 9.99101E-05 9.99101E-05 9.99101E-05 9.99101E-05 9.99101E-05 9.99101E-05 9.99101E-05 9.99101E-05
9.9946E-05 0.00311035 9.9946E-05 0.00029633 9.9946E-05 0.978259 0.0024088 9.9946E-05 9.9946E-05 9.9946E-05 0.0153263
0.0714176 0.203282 0.0341165 0.0552466 0.063171 0.221192 0.155681 0.0682349 0.00370891 0.0617547 0.0621943
0.0669402 0.134944 0.352426 0.0472644 0.0533434 0.0941128 0.0915228 0.0377913 0.0391105 0.0184514 0.0640936
0.00916829 9.99767E-05 0.0148675 9.99767E-05 0.0127879 9.99767E-05 0.891171 0.0165653 0.0135812 0.0107022 0.0308565
9.99101E-05 9.99101E-05 0.999001 9.99101E-05 9.99101E-05 9.99101E-05 9.99101E-05 9.99101E-05 9.99101E-05 9.99101E-05 9.99101E-05
0.0207964 0.0563749 0.0235101 9.9991E-05 0.00397571 0.0601471 0.759394 0.0309161 0.0189559 0.00275793 0.0230714
0.998501 9.99191E-05 9.99191E-05 9.99191E-05 9.99191E-05 9.99191E-05 9.99191E-05 9.99191E-05 0.00059993 9.99191E-05 9.99191E-05
0.999001 9.99101E-05 9.99101E-05 9.99101E-05 9.99101E-05 9.99101E-05 9.99101E-05 9.99101E-05 9.99101E-05 9.99101E-05 9.99101E-05
9.99101E-05 9.99101E-05 9.99101E-05 9.99101E-05 9.99101E-05 9.99101E-05 9.99101E-05 9.99101E-05 9.99101E-05 9.99101E-05 0.999001
0.034409 0.0510426 0.0299541 0.0453199 0.0249031 0.0746868 0.0859857 0.0288763 0.0324355 0.0248666 0.56752
0.0118784 0.0292604 0.0221372 0.0169277 0.0327639 0.0174371 0.0237774 0.832169 0.00370663 9.9991E-05 0.00984188
9.99101E-05 9.99101E-05 9.99101E-05 9.99101E-05 0.999001 9.99101E-05 9.99101E-05 9.99101E-05 9.99101E-05 9.99101E-05 9.99101E-05
9.99101E-05 9.99101E-05 9.99101E-05 9.99101E-05 9.99101E-05 9.99101E-05 9.99101E-05 9.99101E-05 0.999001 9.99101E-05 9.99101E-05
0.0388363 0.0264549 0.0190951 0.0200905 0.739807 0.0307815 0.041122 0.0211104 0.011642 0.0252067 0.025854
9.99101E-05 9.99101E-05 9.99101E-05 9.99101E-05 9.99101E-05 9.99101E-05 9.99101E-05 9.99101E-05 9.99101E-05 0.999001 9.99101E-05
0.0596562 0.402348 0.100755 0.00786529 0.0373855 0.109386 0.1292 0.0371099 0.0451648 0.0443028 0.0268272
9.99101E-05 9.99101E-05 9.99101E-05 0.999001 9.99101E-05 9.99101E-05 9.99101E-05 9.99101E-05 9.99101E-05 9.99101E-05 9.99101E-05
0.0460931 0.15522 0.0868293 0.0621894 0.0529893 0.255155 0.129387 0.0483294 0.000337773 0.0890936 0.0743756
0.0543397 0.36803 0.100597 0.0521309 0.0432117 0.111604 0.12417 0.0489947 0.0314231 0.0333856 0.0321135
0.0298891 0.60897 0.0197475 0.0362918 0.0131721 0.0766106 0.10426 0.0327358 0.00602022 0.0333038 0.0389993
0.027235 0.789596 0.0171588 0.026382 0.0252032 0.0279085 0.024937 0.0263794 0.00791916 0.0072005 0.0200802
0.0343478 0.083128 0.0185051 0.0161081 0.0380739 0.605059 0.0427158 0.0267835 0.0427494 0.041391 0.0511389
0.0684965 0.183767 0.0483774 0.0455809 0.0684141 0.207579 0.165203 0.083026 0.0107522 0.0667282 0.0520756
0.0129266 0.00466462 0.830769 0.0218648 0.00523978 0.0348739 0.0325679 0.0202383 0.00912506 9.9991E-05 0.0276298
0.00953176 9.9955E-05 9.9955E-05 0.0108578 0.0101292 9.9955E-05 0.945255 9.9955E-05 9.9955E-05 0.0174939 0.00623289
0.00793256 9.9982E-05 0.940524 0.00412699 0.00931227 0.00988035 0.00295084 9.9982E-05 0.00928844 0.00800108 0.00778309
9.99101E-05 9.99101E-05 9.99101E-05 9.99101E-05 9.99101E-05 9.99101E-05 0.999001 9.99101E-05 9.99101E-05 9.99101E-05 9.99101E-05
0.949102 9.9964E-05 0.0101648 0.00502195 9.9964E-05 0.0116327 9.9964E-05 9.9964E-05 0.00770336 0.00291388 0.0130612
0.999001 9.99101E-05 9.99101E-05 9.99101E-05 9.99101E-05 9.99101E-05 9.99101E-05 9.99101E-05 9.99101E-05 9.99101E-05 9.99101E-05
9.99101E-05 9.99101E-05 9.99101E-05 9.99101E-05 9.99101E-05 9.99101E-05 9.99101E-05 9.99101E-05 9.99101E-05 9.99101E-05 0.999001
0.00258627 9.9964E-05 0.00808031 0.00443913 0.017382 0.039164 0.0123893 9.9964E-05 9.9964E-05 9.9964E-05 0.915559
9.9919E-05 9.9919E-05 9.9919E-05 9.9919E-05 9.9919E-05 9.9919E-05 9.9919E-05 0.998867 9.9919E-05 0.000233443 9.9919E-05
9.99101E-05 9.99101E-05 9.99101E-05 9.99101E-05 0.999001 9.99101E-05 9.99101E-05 9.99101E-05 9.99101E-05 9.99101E-05 9.99101E-05
9.99101E-05 9.99101E-05 9.99101E-05 9.99101E-05 9.99101E-05 9.99101E-05 9.99101E-05 9.99101E-05 0.999001 9.99101E-05 9.99101E-05
9.99101E-05 9.99101E-05 9.99101E-05 9.99101E-05 0.999001 9.99101E-05 9.99101E-05 9.99101E-05 9.99101E-05 9.99101E-05 9.99101E-05
9.99101E-05 9.99101E-05 9.99101E-05 9.99101E-05 9.99101E-05 9.99101E-05 9.99101E-05 9.99101E-05 9.99101E-05 0.999001 9.99101E-05
0.0592181 0.238288 0.0526201 0.0492075 0.0861042 0.223308 0.141548 0.0511808 0.000305316 0.0517001 0.0465199
9.9955E-05 9.9955E-05 9.9955E-05 0.975216 0.00228712 0.00118877 0.00582892 9.9955E-05 0.00576483 0.00921452 9.9955E-05
0.0353405 0.145954 0.0953753 0.0616245 0.0631126 0.249236 0.141983 0.0399188 0.00560522 0.0846151 0.0772352
0.0474997 0.291513 0.116082 0.0354364 0.0614618 0.112771 0.143237 0.0506422 0.027492 0.0643735 0.0494913
0.0286678 0.641939 0.0111675 0.0238314 0.00867129 0.0830098 0.102903 0.0296733 0.00931315 0.0364934 0.0243297
0.0145698 0.760064 0.03346 0.0148 0.0140035 0.0739099 0.0430273 0.0137973 0.000524026 0.00939878 0.0224452
9.99101E-05 9.99101E-05 9.99101E-05 9.99101E-05 9.99101E-05 0.999001 9.99101E-05 9.99101E-05 9.99101E-05 9.99101E-05 9.99101E-05
0.0670299 0.19146 0.0540688 0.0604437 0.0805737 0.203773 0.142364 0.0628036 0.0285421 0.0407612 0.0681796
0.0203446 0.00191706 0.82666 0.0194973 0.00697752 0.0394554 0.022023 0.0290287 0.00561693 0.0058049 0.0226744
9.99189E-05 9.99189E-05 9.99189E-05 9.99189E-05 9.99189E-05 9.99189E-05 0.995778 9.99189E-05 9.99189E-05 9.99189E-05 0.00332321
9.99101E-05 9.99101E-05 0.999001 9.99101E-05 9.99101E-05 9.99101E-05 9.99101E-05 9.99101E-05 9.99101E-05 9.99101E-05 9.99101E-05
9.9928E-05 9.9928E-05 0.00449555 9.9928E-05 9.9928E-05 9.9928E-05 0.993029 0.00167609 9.9928E-05 9.9928E-05 9.9928E-05
0.95552 9.9964E-05 0.00984303 0.000565499 9.9964E-05 0.0158489 9.9964E-05 9.9964E-05 0.00945504 0.00228627 0.00608131
0.996137 9.9928E-05 9.9928E-05 9.9928E-05 9.9928E-05 9.9928E-05 0.000167229 0.00289606 9.9928E-05 9.9928E-05 9.9928E-05
9.99101E-05 9.99101E-05 9.99101E-05 9.99101E-05 9.99101E-05 9.99101E-05 9.99101E-05 9.99101E-05 9.99101E-05 9.99101E-05 0.999001
9.99101E-05 9.99101E-05 9.99101E-05 9.99101E-05 9.99101E-05 9.99101E-05 9.99101E-05 9.99101E-05 9.99101E-05 9.99101E-05 0.999001
9.9964E-05 9.9964E-05 0.00239649 9.9964E-05 0.00244188 9.9964E-05 0.000799736 0.971391 0.00514406 0.00596865 0.0114582
9.9964E-05 9.9964E-05 9.9964E-05 0.00562225 0.978645 0.00360569 0.00156625 0.00252347 9.9964E-05 0.00609027 0.00154696
0.0479759 0.0709835 0.0638768 0.00872897 0.0374588 0.0891564 0.0900098 0.0495968 0.189049 0.314954 0.0382102
9.99706E-05 0.0127596 0.00809118 0.0104255 0.948973 0.00107358 9.99706E-05 9.99706E-05 0.00839274 9.99706E-05 0.00988414
0.00345214 9.9955E-05 0.00177402 0.984313 0.00407956 9.9955E-05 0.00101035 0.0048713 9.9955E-05 9.9955E-05 9.9955E-05
0.0679372 0.349773 0.127148 0.0402891 0.0330404 0.117347 0.112057 0.0401462 0.0524401 0.0211472 0.0386737
0.034355 0.156316 0.0924559 0.0621042 0.0618766 0.250123 0.116998 0.0516085 0.000894315 0.0805667 0.0927031
0.062207 0.262988 0.0812298 0.04057 0.0609226 0.155225 0.137413 0.0685689 0.0379361 0.0611806 0.0317589
0.042203 0.658546 9.9991E-05 0.0237084 0.015967 0.0696493 0.0739669 0.0435543 0.0141854 0.0298242 0.0282955
0.0298784 0.642755 0.0376747 0.0332151 0.035329 0.056762 0.0638367 0.0306374 0.0363498 0.0229623 0.0106
9.99101E-05 9.99101E-05 9.99101E-05 9.99101E-05 9.99101E-05 0.999001 9.99101E-05 9.99101E-05 9.99101E-05 9.99101E-05 9.99101E-05
9.99101E-05 9.99101E-05 9.99101E-05 9.99101E-05 9.99101E-05 0.999001 9.99101E-05 9.99101E-05 9.99101E-05 9.99101E-05 9.99101E-05
0.0433429 0.222991 0.0368456 0.031563 0.0867459 0.254848 0.147729 0.0556453 0.00564977 0.0719134 0.0427261
0.0190961 9.9982E-05 0.85334 0.0205629 0.000475572 0.0251486 0.034019 0.0243666 0.00142527 9.9982E-05 0.0213664
9.99101E-05 9.99101E-05 9.99101E-05 9.99101E-05 9.99101E-05 9.99101E-05 0.999001 9.99101E-05 9.99101E-05 9.99101E-05 9.99101E-05
9.99101E-05 9.99101E-05 0.999001 9.99101E-05 9.99101E-05 9.99101E-05 9.99101E-05 9.99101E-05 9.99101E-05 9.99101E-05 9.99101E-05
9.9928E-05 0.00121915 9.9928E-05 9.9928E-05 9.9928E-05 9.9928E-05 0.988292 0.00968944 9.9928E-05 9.9928E-05 9.9928E-05
0.992433 9.9919E-05 9.9919E-05 9.9919E-05 9.9919E-05 0.00666762 9.9919E-05 9.9919E-05 9.9919E-05 9.9919E-05 9.9919E-05
0.00664264 9.9946E-05 9.9946E-05 0.00673064 0.000956763 0.0273146 9.9946E-05 9.9946E-05 9.9946E-05 9.9946E-05 0.957756
9.99101E-05 9.99101E-05 9.99101E-05 9.99101E-05 9.99101E-05 9.99101E-05 9.99101E-05 0.999001 9.99101E-05 9.99101E-05 9.99101E-05
0.0509885 0.10735 0.0187158 0.0166287 0.0390774 0.0614573 0.0986767 0.483709 0.0283274 0.0275558 0.0675132
0.0595363 0.122573 0.0417059 0.0360801 0.0399996 0.119178 0.118378 0.0324794 0.164999 0.194527 0.0705437
9.99101E-05 9.99101E-05 9.99101E-05 9.99101E-05 0.999001 9.99101E-05 9.99101E-05 9.99101E-05 9.99101E-05 9.99101E-05 9.99101E-05
9.99101E-05 9.99101E-05 9.99101E-05 9.99101E-05 9.99101E-05 9.99101E-05 9.99101E-05 9.99101E-05 0.999001 9.99101E-05 9.99101E-05
0.0157574 0.0182651 0.0247952 0.0172618 0.871186 0.00762826 9.9991E-05 0.00879176 0.0104669 0.00839035 0.0173571
9.99101E-05 9.99101E-05 9.99101E-05 0.999001 9.99101E-05 9.99101E-05 9.99101E-05 9.99101E-05 9.99101E-05 9.99101E-05 9.99101E-05
0.0484556 0.316226 0.131762 0.0352589 0.0413857 0.122758 0.125558 0.0586181 0.0419455 0.0290125 0.0490198
0.0492807 0.138938 0.0893689 0.0586058 0.067852 0.214109 0.145282 0.0463892 0.0452014 0.0491751 0.0957978
0.0621166 0.307388 0.0910301 0.0436224 0.0469345 0.161803 0.124854 0.0625378 0.0346375 0.0182685 0.0468069
0.00893071 0.719789 0.030982 0.0218541 0.0169982 0.0570791 0.055343 0.0473615 0.0314135 0.00788613 0.00236231
0.0223268 0.899757 0.00427266 0.0270833 0.0143558 9.9964E-05 9.9964E-05 9.9964E-05 0.0178062 0.0139983 9.9964E-05
9.99101E-05 9.99101E-05 9.99101E-05 9.99101E-05 9.99101E-05 0.999001 9.99101E-05 9.99101E-05 9.99101E-05 9.99101E-05 9.99101E-05
0.022973 0.00910227 0.012615 0.0123786 0.0204291 0.822881 0.0217107 0.0199299 0.00977504 0.0248856 0.0233195
0.0349571 0.234503 0.024886 0.0457648 0.0853825 0.259899 0.142301 0.0638759 0.00816429 0.0624271 0.0378394
0.0295159 0.013577 0.790515 0.0250299 0.00935693 0.0136274 0.0312708 0.0359649 0.0186651 9.9991E-05 0.0323771
9.99101E-05 9.99101E-05 9.99101E-05 9.99101E-05 9.99101E-05 9.99101E-05 0.999001 9.99101E-05 9.99101E-05 9.99101E-05 9.99101E-05
9.99101E-05 9.99101E-05 0.999001 9.99101E-05 9.99101E-05 9.99101E-05 9.99101E-05 9.99101E-05 9.99101E-05 9.99101E-05 9.99101E-05
0.999001 9.99101E-05 9.99101E-05 9.99101E-05 9.99101E-05 9.99101E-05 9.99101E-05 9.99101E-05 9.99101E-05 9.99101E-05 9.99101E-05
