9.99101E-05 9.99101E-05 9.99101E-05 0.999001 9.99101E-05 9.99101E-05 9.99101E-05 9.99101E-05 9.99101E-05 9.99101E-05 9.99101E-05
0.00517815 9.9955E-05 0.0169509 9.9955E-05 0.00382965 0.948672 0.0158247 9.9955E-05 9.9955E-05 9.9955E-05 0.00904446
9.9946E-05 9.9946E-05 0.00632944 0.00477914 9.9946E-05 0.9488 0.0166917 9.9946E-05 9.9946E-05 9.9946E-05 0.0228002
9.99101E-05 0.999001 9.99101E-05 9.99101E-05 9.99101E-05 9.99101E-05 9.99101E-05 9.99101E-05 9.99101E-05 9.99101E-05 9.99101E-05
9.99101E-05 0.999001 9.99101E-05 9.99101E-05 9.99101E-05 9.99101E-05 9.99101E-05 9.99101E-05 9.99101E-05 9.99101E-05 9.99101E-05
0.0532888 0.0382351 0.0376289 0.0589375 0.0304386 0.0557746 0.147055 0.020104 0.376837 0.0847712 0.0969297
0.999001 9.99101E-05 9.99101E-05 9.99101E-05 9.99101E-05 9.99101E-05 9.99101E-05 9.99101E-05 9.99101E-05 9.99101E-05 9.99101E-05
9.99101E-05 9.99101E-05 9.99101E-05 9.99101E-05 9.99101E-05 9.99101E-05 9.99101E-05 9.99101E-05 0.999001 9.99101E-05 9.99101E-05
0.0420537 0.0197091 9.9973E-05 0.0461709 9.9973E-05 0.0128852 0.664855 0.069181 9.9973E-05 0.104394 0.0404515
9.9955E-05 0.000705748 0.981761 0.000163184 0.00243719 0.00987119 9.9955E-05 9.9955E-05 9.9955E-05 0.00456183 9.9955E-05
0.0489279 0.0656886 0.043344 0.0576826 0.0257899 0.0499181 0.342216 0.0806177 0.0399663 0.129094 0.116755
0.064712 0.0363608 0.0491432 0.0554321 0.0725162 0.0809767 0.270606 0.0835534 0.0534529 0.0943788 0.138868
0.00306782 0.00187693 9.9973E-05 0.0048845 0.0182794 0.00418601 9.9973E-05 9.9973E-05 0.00650911 0.959152 0.00174442
9.99101E-05 9.99101E-05 9.99101E-05 9.99101E-05 9.99101E-05 9.99101E-05 9.99101E-05 9.99101E-05 9.99101E-05 0.999001 9.99101E-05
0.520609 0.00861687 0.0154821 0.0104986 0.0343134 0.0153643 0.315392 9.9982E-05 9.9982E-05 0.052391 0.0271323
0.000199419 9.99207E-05 9.99207E-05 9.99207E-05 0.998901 9.99207E-05 9.99207E-05 9.99207E-05 9.99207E-05 9.99207E-05 9.99207E-05
9.99101E-05 9.99101E-05 9.99101E-05 9.99101E-05 9.99101E-05 9.99101E-05 0.999001 9.99101E-05 9.99101E-05 9.99101E-05 9.99101E-05
0.0760346 0.0529245 0.0314244 0.0534267 0.0595249 0.0580572 0.348241 0.0431938 0.024869 0.114765 0.13754
0.00347337 0.0138535 0.0281999 0.0253897 0.0147483 0.0364214 0.057966 0.781721 0.00154315 0.0074361 0.0292476
0.037357 0.0359336 0.0132977 0.0360219 0.0188769 0.0273789 0.040119 0.0447808 0.021173 0.0155117 0.70955
9.9955E-05 9.9955E-05 0.00430051 0.000272672 0.0020437 0.00934865 9.9955E-05 0.98313 0.000404432 9.9955E-05 9.9955E-05
9.9973E-05 0.0103148 0.00244437 0.00382724 0.00677138 9.9973E-05 0.0181249 0.0137305 9.9973E-05 0.00882314 0.935664
0.0136645 0.00692662 0.00379362 0.923103 9.9973E-05 0.00888527 0.00420039 9.9973E-05 9.9973E-05 0.0127403 0.0263869
9.99101E-05 9.99101E-05 9.99101E-05 9.99101E-05 9.99101E-05 0.999001 9.99101E-05 9.99101E-05 9.99101E-05 9.99101E-05 9.99101E-05
0.011104 9.9973E-05 0.0188419 0.00669833 0.00690188 0.918311 0.0151989 0.000363963 9.9973E-05 9.9973E-05 0.0222804
9.99101E-05 0.999001 9.99101E-05 9.99101E-05 9.99101E-05 9.99101E-05 9.99101E-05 9.99101E-05 9.99101E-05 9.99101E-05 9.99101E-05
0.999001 9.99101E-05 9.99101E-05 9.99101E-05 9.99101E-05 9.99101E-05 9.99101E-05 9.99101E-05 9.99101E-05 9.99101E-05 9.99101E-05
9.99101E-05 9.99101E-05 9.99101E-05 9.99101E-05 9.99101E-05 9.99101E-05 9.99101E-05 9.99101E-05 0.999001 9.99101E-05 9.99101E-05
0.930826 0.00331502 0.00760358 0.00974709 0.00517509 0.00217602 0.0159086 0.00976959 0.0085181 0.000365835 0.00659532
9.99101E-05 9.99101E-05 9.99101E-05 9.99101E-05 9.99101E-05 9.99101E-05 9.99101E-05 9.99101E-05 0.999001 9.99101E-05 9.99101E-05
0.0214406 0.0149349 9.9973E-05 0.0224485 9.9973E-05 9.9973E-05 0.721675 0.065542 0.000606047 0.104935 0.0481181
9.99101E-05 9.99101E-05 0.999001 9.99101E-05 9.99101E-05 9.99101E-05 9.99101E-05 9.99101E-05 9.99101E-05 9.99101E-05 9.99101E-05
0.0952223 0.0580806 0.0603344 0.0793095 0.0467018 0.0803676 0.185908 0.0824764 0.0809446 0.1071 0.123555
0.00671271 0.00531913 9.9955E-05 9.9955E-05 0.00883658 9.9955E-05 9.9955E-05 9.9955E-05 0.00750088 0.969982 0.00114907
9.99101E-05 9.99101E-05 9.99101E-05 9.99101E-05 9.99101E-05 9.99101E-05 9.99101E-05 9.99101E-05 9.99101E-05 0.999001 9.99101E-05
0.0532653 0.0262624 0.038254 0.0419863 0.0678545 0.0367331 0.43422 0.0457299 9.9991E-05 0.116517 0.139078
9.99101E-05 9.99101E-05 9.99101E-05 9.99101E-05 0.999001 9.99101E-05 9.99101E-05 9.99101E-05 9.99101E-05 9.99101E-05 9.99101E-05
0.0305985 0.0298975 0.0235446 0.0271669 0.0618679 0.00489441 0.614445 0.0473434 0.0355198 0.032915 0.0918072
0.00132899 9.9955E-05 0.0119411 9.9955E-05 9.9955E-05 0.00263174 9.9955E-05 0.00665095 0.0132494 9.9955E-05 0.963698
9.99101E-05 9.99101E-05 9.99101E-05 9.99101E-05 9.99101E-05 9.99101E-05 9.99101E-05 0.999001 9.99101E-05 9.99101E-05 9.99101E-05
0.0202439 0.0264446 0.0089165 0.0363145 0.0164201 0.0317341 0.0737926 0.032763 0.0234385 0.0287835 0.701149
9.99101E-05 9.99101E-05 9.99101E-05 0.999001 9.99101E-05 9.99101E-05 9.99101E-05 9.99101E-05 9.99101E-05 9.99101E-05 9.99101E-05
0.00375314 0.000439672 9.9964E-05 0.947692 9.9964E-05 9.9964E-05 0.0122004 0.000629454 9.9964E-05 0.0136799 0.0212054
9.99101E-05 9.99101E-05 9.99101E-05 9.99101E-05 9.99101E-05 0.999001 9.99101E-05 9.99101E-05 9.99101E-05 9.99101E-05 9.99101E-05
0.0113234 0.0197974 0.0141637 0.011061 0.0126768 0.86586 0.0263744 0.0105382 0.00363159 0.000874031 0.0236994
9.99101E-05 0.999001 9.99101E-05 9.99101E-05 9.99101E-05 9.99101E-05 9.99101E-05 9.99101E-05 9.99101E-05 9.99101E-05 9.99101E-05
0.994603 9.9919E-05 9.9919E-05 9.9919E-05 9.9919E-05 9.9919E-05 9.9919E-05 0.00449767 9.9919E-05 9.9919E-05 9.9919E-05
0.00540365 0.00644506 0.00275601 0.0193712 9.9973E-05 0.0041179 0.548096 9.9973E-05 0.41266 9.9973E-05 0.000850289
0.999001 9.99101E-05 9.99101E-05 9.99101E-05 9.99101E-05 9.99101E-05 9.99101E-05 9.99101E-05 9.99101E-05 9.99101E-05 9.99101E-05
0.00611378 0.00387234 9.9946E-05 0.00881044 9.9946E-05 9.9946E-05 0.557953 9.9946E-05 0.422651 9.9946E-05 9.9946E-05
0.0443087 0.00563088 9.9973E-05 0.041409 9.9973E-05 9.9973E-05 0.680772 0.0751905 0.0135852 0.0911214 0.0476821
0.00538198 0.0065247 0.978347 0.00107129 0.000824989 9.9964E-05 0.00125197 9.9964E-05 0.00619832 9.9964E-05 9.9964E-05
0.0443974 0.0308097 0.0233427 0.0520247 0.00482479 0.0317783 0.403094 0.0975921 0.0267669 0.148748 0.136621
9.9964E-05 0.0103257 9.9964E-05 0.0125198 0.00123001 0.00470006 9.9964E-05 9.9964E-05 0.0189323 0.935308 0.016584
9.99549E-05 9.99549E-05 0.00937624 9.99549E-05 9.99549E-05 0.0113637 0.0106278 0.00621668 0.00415579 0.95776 9.99549E-05
0.06677 0.0467281 0.0545849 0.0537017 0.0537936 0.0501206 0.420448 0.0425016 0.0201559 0.085714 0.105481
9.99101E-05 9.99101E-05 9.99101E-05 9.99101E-05 0.999001 9.99101E-05 9.99101E-05 9.99101E-05 9.99101E-05 9.99101E-05 9.99101E-05
0.0375372 0.0331331 0.0352025 0.0431204 0.0116589 0.0595887 0.214755 0.390945 0.0239974 0.0795937 0.0704684
0.0215446 0.0128457 0.0205939 0.0216855 0.00123533 0.026504 0.02386 0.0205416 0.0073112 9.9991E-05 0.843778
9.99101E-05 9.99101E-05 9.99101E-05 9.99101E-05 9.99101E-05 9.99101E-05 9.99101E-05 0.999001 9.99101E-05 9.99101E-05 9.99101E-05
9.99101E-05 9.99101E-05 9.99101E-05 9.99101E-05 9.99101E-05 9.99101E-05 9.99101E-05 9.99101E-05 9.99101E-05 9.99101E-05 0.999001
9.9937E-05 9.9937E-05 9.9937E-05 0.982771 9.9937E-05 0.00890855 9.9937E-05 0.000984473 0.00663671 9.9937E-05 9.9937E-05
0.00198785 0.0117312 0.00486349 0.953813 9.9973E-05 9.9973E-05 0.000595489 0.00057447 9.9973E-05 0.0182337 0.00790097
9.99101E-05 9.99101E-05 9.99101E-05 9.99101E-05 9.99101E-05 0.999001 9.99101E-05 9.99101E-05 9.99101E-05 9.99101E-05 9.99101E-05
0.0226763 0.0262567 0.0378357 0.0258461 0.0275457 0.564221 0.0826533 0.0372091 0.045062 0.0491935 0.0815004
0.00537431 0.951653 9.9973E-05 0.00944583 0.00804662 9.9973E-05 0.00802412 0.00583571 9.9973E-05 0.00483506 0.00648524
0.967519 9.9955E-05 0.0054195 0.00499492 0.00747119 0.00893688 9.9955E-05 9.9955E-05 9.9955E-05 9.9955E-05 0.00515831
9.9937E-05 9.9937E-05 0.00317066 9.9937E-05 9.9937E-05 0.0116503 9.9937E-05 0.00851181 0.975968 9.9937E-05 9.9937E-05
0.850916 0.00863572 0.0238256 0.00463514 9.9991E-05 0.0340683 0.0158961 0.0154186 0.0195893 0.0171101 0.00980495
9.9928E-05 9.9928E-05 9.9928E-05 0.00519308 9.9928E-05 9.9928E-05 0.55882 9.9928E-05 0.435187 9.9928E-05 9.9928E-05
0.0471567 0.0330044 0.0150716 0.0483573 0.000876277 0.0151372 0.59435 0.0759507 0.0277957 0.0889223 0.053378
9.99101E-05 9.99101E-05 0.999001 9.99101E-05 9.99101E-05 9.99101E-05 9.99101E-05 9.99101E-05 9.99101E-05 9.99101E-05 9.99101E-05
0.0462343 0.04528 0.0349488 0.0517596 9.9991E-05 0.024644 0.434609 0.0977967 0.01912 0.170746 0.0747615
0.044942 0.0241889 0.0145396 0.0308524 0.0263705 0.0253373 0.106219 0.0280801 0.0213402 0.589305 0.0888252
9.99101E-05 9.99101E-05 9.99101E-05 9.99101E-05 9.99101E-05 9.99101E-05 9.99101E-05 9.99101E-05 9.99101E-05 0.999001 9.99101E-05
9.99101E-05 9.99101E-05 9.99101E-05 9.99101E-05 9.99101E-05 9.99101E-05 0.999001 9.99101E-05 9.99101E-05 9.99101E-05 9.99101E-05
0.0578423 0.0560556 0.0604762 0.0610434 0.052198 0.0521679 0.414272 0.0221243 0.0142896 0.0919681 0.117562
0.045422 0.0309439 0.028614 0.0568586 0.0181476 0.0614825 0.199307 0.344932 0.0405596 0.0903946 0.0833381
0.00892785 9.99781E-05 0.00838238 0.0142354 9.99781E-05 0.0189426 0.0130952 0.0106513 0.0075145 9.99781E-05 0.917951
9.99101E-05 9.99101E-05 9.99101E-05 9.99101E-05 9.99101E-05 9.99101E-05 9.99101E-05 0.999001 9.99101E-05 9.99101E-05 9.99101E-05
0.00794678 0.0182494 0.000676752 0.0170912 0.0155207 0.0306057 0.0545149 0.0166023 0.0220813 0.0495087 0.767202
9.99191E-05 9.99191E-05 9.99191E-05 0.998053 9.99191E-05 9.99191E-05 9.99191E-05 0.00104755 9.99191E-05 9.99191E-05 9.99191E-05
9.99101E-05 9.99101E-05 9.99101E-05 0.999001 9.99101E-05 9.99101E-05 9.99101E-05 9.99101E-05 9.99101E-05 9.99101E-05 9.99101E-05
9.99101E-05 9.99101E-05 9.99101E-05 9.99101E-05 9.99101E-05 0.999001 9.99101E-05 9.99101E-05 9.99101E-05 9.99101E-05 9.99101E-05
0.0285401 0.0255625 0.0299503 0.028069 0.0426424 0.574136 0.0792315 0.0394398 0.0409949 0.0330266 0.0784068
0.0173525 0.825182 0.00664511 0.00963211 0.00193042 0.0150039 0.0117325 0.0351004 0.0161972 0.0219698 0.0392541
0.999001 9.99101E-05 9.99101E-05 9.99101E-05 9.99101E-05 9.99101E-05 9.99101E-05 9.99101E-05 9.99101E-05 9.99101E-05 9.99101E-05
9.99101E-05 9.99101E-05 9.99101E-05 9.99101E-05 9.99101E-05 9.99101E-05 9.99101E-05 9.99101E-05 0.999001 9.99101E-05 9.99101E-05
0.744669 0.0235977 0.0281209 0.0267552 0.0194381 0.0296377 0.0171225 0.0250157 0.0159709 0.032299 0.0373726
9.9928E-05 9.9928E-05 9.9928E-05 0.00987571 9.9928E-05 9.9928E-05 0.551567 9.9928E-05 0.437758 9.9928E-05 9.9928E-05
0.0346366 0.0229024 9.9973E-05 0.0486674 9.9973E-05 9.9973E-05 0.670801 0.076537 0.0128464 0.0932671 0.0400419
9.99101E-05 9.99101E-05 0.999001 9.99101E-05 9.99101E-05 9.99101E-05 9.99101E-05 9.99101E-05 9.99101E-05 9.99101E-05 9.99101E-05
0.0641743 0.0563201 0.0538135 0.0401886 0.0683827 0.0720226 0.331061 0.0726051 0.0434761 0.0847411 0.113215
0.0284087 0.0314138 0.0338635 0.043683 0.00190031 0.0110435 0.476963 0.0891072 0.0103092 0.194688 0.07862
0.0239442 0.0478525 0.0343409 0.0207792 0.0309035 0.0385918 0.118666 0.0326075 9.9991E-05 0.53737 0.114844
0.0215855 0.0248629 0.0308518 0.0298933 0.00612368 0.00864537 0.0780535 0.0221863 0.00437821 0.739343 0.0340769
0.0257685 0.0182364 0.019539 0.0223592 0.0361248 0.0493787 0.715116 0.00821407 0.0240447 0.0553243 0.0258939
0.066738 0.0582975 0.0562244 0.047457 0.0436847 0.0388421 0.438724 0.0417356 0.0112578 0.0766129 0.120426
0.00256631 0.0236105 0.0191524 0.0221779 0.0139645 0.0280711 0.0398163 0.818717 0.00427997 0.00536242 0.0222817
0.0068162 0.00182761 0.0179699 0.00568127 9.9973E-05 0.00733308 9.9973E-05 0.00170524 0.0076094 9.9973E-05 0.950757
0.00017244 0.0047916 0.0080464 0.00826408 0.00592201 0.00862351 0.0173723 0.932144 0.0040211 0.00729826 0.00334478
9.9919E-05 0.00387862 9.9919E-05 9.9919E-05 9.9919E-05 9.9919E-05 9.9919E-05 9.9919E-05 9.9919E-05 9.9919E-05 0.995222
9.9964E-05 9.9964E-05 0.00677024 0.941231 0.0178469 0.0187089 9.9964E-05 0.00752021 0.00633939 9.9964E-05 0.00118303
9.99101E-05 9.99101E-05 9.99101E-05 0.999001 9.99101E-05 9.99101E-05 9.99101E-05 9.99101E-05 9.99101E-05 9.99101E-05 9.99101E-05
9.99101E-05 9.99101E-05 9.99101E-05 9.99101E-05 9.99101E-05 0.999001 9.99101E-05 9.99101E-05 9.99101E-05 9.99101E-05 9.99101E-05
0.00878853 9.9982E-05 0.0117656 0.00429487 0.0124546 0.916829 0.0303664 0.000946791 9.9982E-05 0.00436035 0.00999349
9.9919E-05 0.998394 9.9919E-05 9.9919E-05 9.9919E-05 9.9919E-05 9.9919E-05 9.9919E-05 0.000706305 9.9919E-05 9.9919E-05
0.999001 9.99101E-05 9.99101E-05 9.99101E-05 9.99101E-05 9.99101E-05 9.99101E-05 9.99101E-05 9.99101E-05 9.99101E-05 9.99101E-05
9.99101E-05 9.99101E-05 9.99101E-05 9.99101E-05 9.99101E-05 9.99101E-05 9.99101E-05 9.99101E-05 0.999001 9.99101E-05 9.99101E-05
0.999001 9.99101E-05 9.99101E-05 9.99101E-05 9.99101E-05 9.99101E-05 9.99101E-05 9.99101E-05 9.99101E-05 9.99101E-05 9.99101E-05
9.9928E-05 9.9928E-05 9.9928E-05 0.000841326 9.9928E-05 9.9928E-05 0.551176 9.9928E-05 0.447183 9.9928E-05 9.9928E-05
0.0879992 0.0326152 0.0442709 0.0540936 0.0476235 0.0353079 0.438165 0.0346022 9.9991E-05 0.120034 0.105188
0.00489463 9.9946E-05 0.969316 9.9946E-05 0.0073445 9.9946E-05 0.0139845 9.9946E-05 9.9946E-05 0.00386048 9.9946E-05
0.0574892 0.0499778 0.0575274 0.0287296 0.0738207 0.0731382 0.340258 0.082433 0.0452607 0.0831063 0.108259
0.0560486 0.0424008 0.0245748 0.0395587 0.00321997 0.0429435 0.365798 0.0868581 0.0283689 0.186686 0.123543
0.00501023 0.0407923 0.0275759 0.0271185 0.035068 0.0269615 0.149056 0.0188264 0.0101052 0.558906 0.100579
0.0112293 0.0102361 0.0145607 0.014511 0.0266149 0.0133998 0.0992009 0.0414599 0.00430892 0.710476 0.054002
9.99101E-05 9.99101E-05 9.99101E-05 9.99101E-05 9.99101E-05 9.99101E-05 0.999001 9.99101E-05 9.99101E-05 9.99101E-05 9.99101E-05
0.0675938 0.0526699 0.0468424 0.0596026 0.0561986 0.0703977 0.374289 0.0394593 0.022864 0.106184 0.103899
0.00794338 0.0126371 0.0053112 0.0157002 0.0144773 0.0179784 0.0712708 0.80515 0.0113187 0.0141501 0.0240632
9.99101E-05 9.99101E-05 9.99101E-05 9.99101E-05 9.99101E-05 9.99101E-05 9.99101E-05 9.99101E-05 9.99101E-05 9.99101E-05 0.999001
9.99101E-05 9.99101E-05 9.99101E-05 9.99101E-05 9.99101E-05 9.99101E-05 9.99101E-05 0.999001 9.99101E-05 9.99101E-05 9.99101E-05
9.9928E-05 0.00759483 9.9928E-05 9.9928E-05 9.9928E-05 9.9928E-05 9.9928E-05 9.9928E-05 9.9928E-05 0.000265682 0.99134
0.00277193 9.9973E-05 0.00266361 0.957781 0.0132805 0.00188143 0.00207072 0.00762122 0.0116294 9.9973E-05 9.9973E-05
9.9937E-05 0.00286649 9.9937E-05 0.99262 9.9937E-05 9.9937E-05 9.9937E-05 9.9937E-05 9.9937E-05 0.00219384 0.00161961
9.99101E-05 9.99101E-05 9.99101E-05 9.99101E-05 9.99101E-05 0.999001 9.99101E-05 9.99101E-05 9.99101E-05 9.99101E-05 9.99101E-05
9.99101E-05 9.99101E-05 9.99101E-05 9.99101E-05 9.99101E-05 0.999001 9.99101E-05 9.99101E-05 9.99101E-05 9.99101E-05 9.99101E-05
0.00150204 0.964654 0.000802853 0.00439326 9.9973E-05 0.01754 0.00236489 0.00602371 9.9973E-05 9.9973E-05 0.00241958
0.970131 0.0157796 0.00477683 0.00141467 9.9955E-05 9.9955E-05 9.9955E-05 0.000198121 0.00720053 9.9955E-05 9.9955E-05
0.0456298 0.0403226 0.0113283 0.0479863 0.0175319 0.0365646 0.285607 0.0467348 0.335613 0.056768 0.0759138
0.965478 0.00440433 0.000373477 0.00191874 9.9982E-05 0.0136723 9.9982E-05 0.00449953 0.000258063 0.00434284 0.00485225
0.000232158 0.0039282 0.980604 0.00438294 9.9955E-05 0.00724559 9.9955E-05 9.9955E-05 9.9955E-05 9.9955E-05 0.0031075
0.0218582 0.0223211 0.0251069 0.0491633 0.00859134 0.036373 0.358653 0.111557 0.0406497 0.229286 0.0964412
0.0599853 0.0562233 0.0649485 0.0442641 0.075544 0.0779242 0.334809 0.0732174 0.0332426 0.0695504 0.110291
0.0512372 0.0557232 0.0322697 0.0617875 0.0294285 0.020219 0.361007 0.0715206 0.0450969 0.15398 0.117731
0.0108968 0.0406949 0.0267024 0.0288395 0.0365556 0.0288726 0.144872 0.0159193 0.00987556 0.572828 0.0839433
0.0428012 0.0319981 0.0392336 0.0253291 0.0150564 0.00729344 0.0975509 0.0305915 0.047177 0.599594 0.0633747
9.99101E-05 9.99101E-05 9.99101E-05 9.99101E-05 0.999001 9.99101E-05 9.99101E-05 9.99101E-05 9.99101E-05 9.99101E-05 9.99101E-05
9.99101E-05 9.99101E-05 9.99101E-05 9.99101E-05 9.99101E-05 9.99101E-05 0.999001 9.99101E-05 9.99101E-05 9.99101E-05 9.99101E-05
0.0792627 0.0338085 0.0185701 0.0228636 0.0744036 0.0341277 0.477125 0.0275338 0.00606003 0.119071 0.107174
9.9973E-05 0.0172337 0.0119799 0.0201045 9.9973E-05 0.0291262 0.0346109 0.847078 9.9973E-05 0.00583583 0.0337313
9.99101E-05 9.99101E-05 9.99101E-05 9.99101E-05 9.99101E-05 9.99101E-05 9.99101E-05 9.99101E-05 9.99101E-05 9.99101E-05 0.999001
9.99101E-05 9.99101E-05 9.99101E-05 9.99101E-05 9.99101E-05 9.99101E-05 9.99101E-05 0.999001 9.99101E-05 9.99101E-05 9.99101E-05
9.9946E-05 0.00810304 9.9946E-05 9.9946E-05 9.9946E-05 9.9946E-05 0.000191884 9.9946E-05 0.0112672 0.00510071 0.974738
9.9919E-05 9.9919E-05 9.9919E-05 0.991514 9.9919E-05 9.9919E-05 9.9919E-05 0.00758671 9.9919E-05 9.9919E-05 9.9919E-05
0.00316022 9.9964E-05 0.00365619 0.00123008 0.00507738 0.962331 0.0137722 9.9964E-05 9.9964E-05 9.9964E-05 0.0103726
9.99101E-05 0.999001 9.99101E-05 9.99101E-05 9.99101E-05 9.99101E-05 9.99101E-05 9.99101E-05 9.99101E-05 9.99101E-05 9.99101E-05
0.0439922 0.478247 0.0162273 0.0386188 0.0160892 0.0642683 0.118949 0.00338242 0.0220219 0.100625 0.0975796
0.0385488 0.0343645 0.0364275 0.0642839 0.0432693 0.0539949 0.207572 0.0327418 0.263112 0.112073 0.113613
0.999001 9.99101E-05 9.99101E-05 9.99101E-05 9.99101E-05 9.99101E-05 9.99101E-05 9.99101E-05 9.99101E-05 9.99101E-05 9.99101E-05
9.99101E-05 9.99101E-05 9.99101E-05 9.99101E-05 9.99101E-05 9.99101E-05 9.99101E-05 9.99101E-05 0.999001 9.99101E-05 9.99101E-05
0.849958 0.0122008 0.0139379 0.0289059 9.9991E-05 0.0228481 0.0183382 0.00933376 0.0154577 0.019784 0.00913569
9.99101E-05 9.99101E-05 0.999001 9.99101E-05 9.99101E-05 9.99101E-05 9.99101E-05 9.99101E-05 9.99101E-05 9.99101E-05 9.99101E-05
0.0377221 0.0419643 0.026602 0.0419451 0.00263462 0.0458754 0.402581 0.109417 0.0290502 0.181145 0.0810627
0.0679354 0.0424178 0.0630913 0.055723 0.0712412 0.0838457 0.253415 0.0781228 0.0579233 0.0953677 0.130917
0.0461795 0.0428916 0.030639 0.0528992 0.0341286 0.0409724 0.353845 0.0711817 0.0439533 0.180258 0.103052
0.0210492 0.0452231 0.0240855 0.00561348 0.0175812 0.00089636 0.101137 0.0467653 0.0433146 0.645744 0.0485902
0.0193899 9.9991E-05 0.0249578 0.0296077 0.00270276 0.00321203 0.023293 0.00197996 0.0292202 0.860619 0.00491725
9.99101E-05 9.99101E-05 9.99101E-05 9.99101E-05 0.999001 9.99101E-05 9.99101E-05 9.99101E-05 9.99101E-05 9.99101E-05 9.99101E-05
0.00118414 0.014238 0.0102353 9.99549E-05 0.0104079 0.0151243 0.948311 9.99549E-05 9.99549E-05 9.99549E-05 9.99549E-05
0.0782047 0.0420176 0.0308697 0.0218855 0.0808052 0.0261169 0.471215 0.0245234 0.0149381 0.117922 0.0915023
0.0157873 0.0181635 0.0188891 0.0205549 0.0110423 0.0322409 0.0662402 0.783743 0.000569318 0.010028 0.022741
9.99101E-05 9.99101E-05 9.99101E-05 9.99101E-05 9.99101E-05 9.99101E-05 9.99101E-05 9.99101E-05 9.99101E-05 9.99101E-05 0.999001
9.99101E-05 9.99101E-05 9.99101E-05 9.99101E-05 9.99101E-05 9.99101E-05 9.99101E-05 0.999001 9.99101E-05 9.99101E-05 9.99101E-05
9.99101E-05 9.99101E-05 9.99101E-05 0.999001 9.99101E-05 9.99101E-05 9.99101E-05 9.99101E-05 9.99101E-05 9.99101E-05 9.99101E-05
