9.999E-05 0.9998 9.999E-05
9.999E-05 0.0135769 0.986323
9.999E-05 0.00538814 0.994512
0.0112538 0.00977728 0.978969
0.00529485 0.0138727 0.980832
0.0793911 0.0844945 0.836114
0.9998 9.999E-05 9.999E-05
0.0034161 0.00476624 0.991818
0.102344 0.0772452 0.820411
0.0318866 0.0151963 0.952917
0.10135 0.0840073 0.814642
0.0985449 0.0671296 0.834325
0.109608 0.0488134 0.841579
0.10774 0.0316969 0.860563
0.573976 0.0234141 0.40261
0.0528267 0.0263329 0.92084
0.0490008 0.0146736 0.936326
0.110697 0.0790829 0.81022
0.00707605 0.0154053 0.977519
0.0740193 0.0792741 0.846707
9.999E-05 9.999E-05 0.9998
0.0738896 0.0344365 0.891674
0.0135068 0.927883 0.0586107
9.999E-05 9.999E-05 0.9998
0.000659548 0.0239138 0.975427
0.0113608 0.0103649 0.978274
0.9998 9.999E-05 9.999E-05
9.9991E-05 0.00895564 0.990944
0.93632 0.0163314 0.0473484
0.012048 0.0168376 0.971114
0.0817376 0.0578153 0.860447
0.0140332 0.0253951 0.960572
0.131497 0.115026 0.753476
0.10793 0.0428011 0.849269
0.0937019 0.0358637 0.870434
0.0941992 0.0814913 0.82431
0.044647 0.0224587 0.932894
0.0773235 0.0522079 0.870469
0.071528 0.0445503 0.883922
9.999E-05 9.999E-05 0.9998
0.0609895 0.0692352 0.869775
9.999E-05 0.9998 9.999E-05
0.0149193 0.955134 0.0299465
9.999E-05 9.999E-05 0.9998
9.9991E-05 0.0174829 0.982417
0.0136712 0.00505381 0.981275
0.9998 9.999E-05 9.999E-05
0.0357125 0.0539736 0.910314
0.9998 9.999E-05 9.999E-05
0.0298132 0.046704 0.923483
0.0979073 0.08077 0.821323
0.0174044 0.020024 0.962572
0.0973236 0.0795896 0.823087
0.0946061 0.0457759 0.859618
0.0924393 0.0480225 0.859538
0.0978962 0.0803012 0.821803
0.0490016 0.0182848 0.932714
0.0620817 0.0424006 0.895518
0.0813133 0.0518029 0.866884
9.999E-05 9.999E-05 0.9998
0.0575003 0.0463191 0.896181
9.999E-05 0.9998 9.999E-05
0.012174 0.960909 0.0269168
9.9991E-05 0.00478716 0.995113
0.0369662 0.0348472 0.928187
0.0160065 0.0249261 0.959067
0.978886 0.010607 0.0105069
0.0033538 0.0148067 0.98184
0.869737 0.0245561 0.105707
0.0327242 0.0415561 0.92572
0.0921293 0.0724974 0.835373
0.0174556 0.0209477 0.961597
0.0889122 0.0856259 0.825462
0.10761 0.0657176 0.826673
0.102998 0.027883 0.869119
0.054714 0.0212107 0.924075
0.103981 0.0782917 0.817728
0.0645634 0.0675484 0.867888
0.0622584 0.0506288 0.887113
9.999E-05 9.999E-05 0.9998
0.0575853 0.0554644 0.88695
9.999E-05 0.9998 9.999E-05
9.999E-05 0.9998 9.999E-05
9.999E-05 9.999E-05 0.9998
0.0304708 0.0368604 0.932669
0.0406234 0.0216684 0.937708
0.9998 9.999E-05 9.999E-05
0.00289473 0.00101067 0.996095
0.754816 0.0520592 0.193125
0.0214568 0.0414253 0.937118
0.0813222 0.0830302 0.835648
0.018429 0.0245052 0.957066
0.0903546 0.0621508 0.847495
0.0841329 0.0715079 0.844359
0.0919911 0.0665541 0.841455
0.103178 0.0736111 0.823211
0.0733585 0.0512686 0.875373
0.100617 0.0810062 0.818376
0.00899743 0.00605288 0.98495
0.0724742 0.0550518 0.872474
0.00693592 9.9991E-05 0.992964
0.0742224 0.0304822 0.895295
9.9991E-05 0.957064 0.0428358
9.999E-05 0.9998 9.999E-05
9.999E-05 9.999E-05 0.9998
9.9991E-05 0.0184122 0.981488
0.00962779 0.0103393 0.980033
0.9998 9.999E-05 9.999E-05
9.999E-05 9.999E-05 0.9998
0.9998 9.999E-05 9.999E-05
0.0196983 0.0374192 0.942883
0.129564 0.0746189 0.795818
0.0266222 0.0285809 0.944797
0.0902617 0.0535913 0.856147
0.106186 0.0619604 0.831854
0.0789554 0.0704233 0.850621
0.098845 0.0482198 0.852935
0.0388711 0.0150974 0.946031
0.109602 0.0747558 0.815642
0.00534762 9.9991E-05 0.994552
0.079257 0.0304977 0.890245
9.999E-05 9.999E-05 0.9998
0.0746846 0.037251 0.888064
9.9991E-05 0.960225 0.0396753
9.999E-05 0.9998 9.999E-05
9.9991E-05 0.00207672 0.997823
9.999E-05 9.999E-05 0.9998
0.0224726 0.0197142 0.957813
0.975627 0.00836368 0.0160098
0.0541404 0.0684965 0.877363
0.967911 0.00343889 0.02865
0.0223713 0.0397539 0.937875
0.0721471 0.0818479 0.846005
0.0883263 0.0662387 0.845435
0.105646 0.0882202 0.806134
0.0870381 0.0691633 0.843799
0.111305 0.0611048 0.82759
0.0441333 0.0332203 0.922646
0.0454942 0.0161386 0.938367
0.122619 0.0549917 0.82239
9.999E-05 9.999E-05 0.9998
0.0586691 0.0370291 0.904302
9.999E-05 9.999E-05 0.9998
0.0816156 0.0340598 0.884325
9.999E-05 0.9998 9.999E-05
9.9991E-05 0.00686649 0.993034
0.00453596 0.0135933 0.981871
0.0598271 0.0636463 0.876527
0.0581073 0.083485 0.858408
0.9998 9.999E-05 9.999E-05
9.9991E-05 0.00292098 0.996979
0.86464 0.0140758 0.121285
0.0128599 0.017745 0.969395
0.0802715 0.066567 0.853161
0.0944671 0.0663634 0.839169
0.0884408 0.0722585 0.839301
0.0967464 0.0464009 0.856853
0.101081 0.0585388 0.840381
0.0457473 0.0219483 0.932304
0.0573978 0.0327813 0.909821
0.110734 0.0526806 0.836586
0.0119697 9.9991E-05 0.98793
0.0691707 0.0448484 0.885981
9.999E-05 9.999E-05 0.9998
9.999E-05 0.9998 9.999E-05
