9.98831E-05 9.98831E-05 9.98831E-05 9.98831E-05 9.98831E-05 9.98831E-05 0.998702 9.98831E-05 9.98831E-05 9.98831E-05 9.98831E-05 9.98831E-05 9.98831E-05 9.98831E-05
0.94178 0.0111809 9.9937E-05 9.9937E-05 0.00206064 0.00679616 9.9937E-05 9.9937E-05 9.9937E-05 9.9937E-05 0.012067 0.0194651 0.00595094 9.9937E-05
0.941582 0.021035 9.9946E-05 9.9946E-05 0.00679342 0.00443965 0.00144266 9.9946E-05 9.9946E-05 9.9946E-05 0.0166831 0.00384785 0.00357648 9.9946E-05
9.9883E-05 9.9883E-05 0.998702 9.9883E-05 9.9883E-05 9.9883E-05 9.9883E-05 9.9883E-05 9.9883E-05 9.9883E-05 9.9883E-05 9.9883E-05 9.9883E-05 9.9883E-05
9.9883E-05 9.9883E-05 0.998702 9.9883E-05 9.9883E-05 9.9883E-05 9.9883E-05 9.9883E-05 9.9883E-05 9.9883E-05 9.9883E-05 9.9883E-05 9.9883E-05 9.9883E-05
0.0540309 0.0362257 0.0312152 0.32043 0.0419993 0.0720602 0.0565112 9.9991E-05 0.0211429 0.0842097 0.0895534 0.0330348 0.0460618 0.113425
9.9883E-05 9.9883E-05 9.9883E-05 9.9883E-05 9.9883E-05 9.9883E-05 9.9883E-05 9.9883E-05 9.9883E-05 9.9883E-05 9.9883E-05 9.9883E-05 0.998702 9.9883E-05
9.9883E-05 9.9883E-05 9.9883E-05 0.998702 9.9883E-05 9.9883E-05 9.9883E-05 9.9883E-05 9.9883E-05 9.9883E-05 9.9883E-05 9.9883E-05 9.9883E-05 9.9883E-05
9.98829E-05 9.98829E-05 9.98829E-05 9.98829E-05 9.98829E-05 9.98829E-05 9.98829E-05 9.98829E-05 9.98829E-05 9.98829E-05 9.98829E-05 9.98829E-05 9.98829E-05 0.998702
0.0174903 9.9919E-05 0.00250884 9.9919E-05 9.9919E-05 9.9919E-05 0.0019868 9.9919E-05 9.9919E-05 9.9919E-05 9.9919E-05 0.975289 0.0018254 9.9919E-05
0.0368804 0.0290614 0.0500866 0.0388656 0.0162214 0.0858701 0.036218 0.0001622 0.0717133 0.0485214 0.0825412 0.0362641 0.0328584 0.434736
0.0875752 0.0794732 0.0410866 0.0328721 0.0579789 0.069936 0.0373367 0.0335561 0.0440153 0.0465402 0.119924 0.0512462 0.0626448 0.235815
9.9937E-05 9.9937E-05 9.9937E-05 0.00229333 0.00502201 0.962611 0.0130914 9.9937E-05 9.9937E-05 0.00479263 0.00741711 9.9937E-05 0.00407279 9.9937E-05
9.98829E-05 9.98829E-05 9.98829E-05 9.98829E-05 9.98829E-05 0.998702 9.98829E-05 9.98829E-05 9.98829E-05 9.98829E-05 9.98829E-05 9.98829E-05 9.98829E-05 9.98829E-05
0.00513136 0.0216551 9.99372E-05 9.99372E-05 0.00999797 9.99372E-05 9.99372E-05 9.99372E-05 9.99372E-05 0.00037838 9.99372E-05 0.0127476 0.499152 0.450238
9.98831E-05 9.98831E-05 9.98831E-05 9.98831E-05 0.998702 9.98831E-05 9.98831E-05 9.98831E-05 9.98831E-05 9.98831E-05 9.98831E-05 9.98831E-05 9.98831E-05 9.98831E-05
9.98829E-05 0.998702 9.98829E-05 9.98829E-05 9.98829E-05 9.98829E-05 9.98829E-05 9.98829E-05 9.98829E-05 9.98829E-05 9.98829E-05 9.98829E-05 9.98829E-05 9.98829E-05
0.0534265 0.0413955 0.0333829 0.0225774 0.0308644 0.0454957 0.0311106 0.0203286 9.9991E-05 0.0287736 0.11111 0.0103065 0.0452198 0.525909
9.9883E-05 9.9883E-05 9.9883E-05 9.9883E-05 9.9883E-05 9.9883E-05 9.9883E-05 9.9883E-05 0.998702 9.9883E-05 9.9883E-05 9.9883E-05 9.9883E-05 9.9883E-05
0.0288087 0.0120073 0.0412719 0.0198873 0.017391 0.00892241 0.0413265 0.0390672 0.00390773 0.0229627 0.700369 0.0111866 0.0239331 0.0289586
0.0113744 0.00149564 0.0128088 0.00150022 0.0104017 0.0146765 0.00685976 0.921123 0.00741783 0.00410676 0.00585853 0.00217732 9.9982E-05 9.9982E-05
0.00102112 0.00895135 0.0150808 0.000261967 0.00149385 0.0204399 0.00467502 9.9964E-05 0.018046 9.9964E-05 0.924931 9.9964E-05 9.9964E-05 0.0046987
0.00263983 9.9964E-05 0.00743892 0.000596475 9.9964E-05 0.00786588 0.914341 0.00205415 9.9964E-05 9.9964E-05 0.0152027 0.00380141 0.00925637 0.0364039
0.998702 9.9883E-05 9.9883E-05 9.9883E-05 9.9883E-05 9.9883E-05 9.9883E-05 9.9883E-05 9.9883E-05 9.9883E-05 9.9883E-05 9.9883E-05 9.9883E-05 9.9883E-05
0.907136 0.0166792 0.00254636 9.9964E-05 0.00945641 0.00503621 0.00928564 9.9964E-05 0.00192311 9.9964E-05 0.0274388 0.0125435 0.00755547 9.9964E-05
9.9883E-05 9.9883E-05 0.998702 9.9883E-05 9.9883E-05 9.9883E-05 9.9883E-05 9.9883E-05 9.9883E-05 9.9883E-05 9.9883E-05 9.9883E-05 9.9883E-05 9.9883E-05
9.9892E-05 9.9892E-05 9.9892E-05 0.00459388 9.9892E-05 9.9892E-05 9.9892E-05 9.9892E-05 9.9892E-05 9.9892E-05 9.9892E-05 9.9892E-05 0.994207 9.9892E-05
9.9883E-05 9.9883E-05 9.9883E-05 0.998702 9.9883E-05 9.9883E-05 9.9883E-05 9.9883E-05 9.9883E-05 9.9883E-05 9.9883E-05 9.9883E-05 9.9883E-05 9.9883E-05
0.0125615 0.0175834 9.9964E-05 0.0146464 9.9964E-05 0.00190438 0.00186501 9.9964E-05 0.00640473 0.00266652 0.0141414 0.0106966 0.91713 9.9964E-05
0.00180705 0.0114065 9.9946E-05 0.968939 9.9946E-05 9.9946E-05 0.00179648 9.9946E-05 0.00132533 9.9946E-05 0.0105618 9.9946E-05 0.000408451 0.00315525
9.98829E-05 9.98829E-05 9.98829E-05 9.98829E-05 9.98829E-05 9.98829E-05 9.98829E-05 9.98829E-05 9.98829E-05 9.98829E-05 9.98829E-05 9.98829E-05 9.98829E-05 0.998702
9.9883E-05 9.9883E-05 9.9883E-05 9.9883E-05 9.9883E-05 9.9883E-05 9.9883E-05 9.9883E-05 9.9883E-05 9.9883E-05 9.9883E-05 0.998702 9.9883E-05 9.9883E-05
0.0714012 0.0230752 0.0650452 0.0444761 0.0378802 0.0895117 0.0780323 0.00975884 0.082969 0.0295554 0.0598065 0.0588709 0.089809 0.259809
9.9937E-05 9.9937E-05 0.000383669 0.0020494 0.00298259 0.974825 9.9937E-05 9.9937E-05 9.9937E-05 0.00521723 0.0068969 9.9937E-05 0.0069452 9.9937E-05
9.98828E-05 9.98828E-05 9.98828E-05 9.98828E-05 9.98828E-05 0.998702 9.98828E-05 9.98828E-05 9.98828E-05 9.98828E-05 9.98828E-05 9.98828E-05 9.98828E-05 9.98828E-05
0.0276093 0.0604219 0.00659706 0.00704393 0.0548767 0.04448 0.0266573 0.00556051 9.9982E-05 9.9982E-05 0.0678176 0.0295373 0.0210421 0.648156
9.9883E-05 9.9883E-05 9.9883E-05 9.9883E-05 0.998702 9.9883E-05 9.9883E-05 9.9883E-05 9.9883E-05 9.9883E-05 9.9883E-05 9.9883E-05 9.9883E-05 9.9883E-05
0.0129752 0.418004 0.0411838 0.0341105 0.0477855 0.0387325 0.0239106 0.00967285 0.05518 0.0180956 0.102843 0.0238779 0.0336295 0.139999
0.0035415 0.00190559 9.9946E-05 9.9946E-05 9.9946E-05 9.9946E-05 0.00433853 0.0117492 9.9946E-05 0.0148192 0.948737 0.00952544 0.00478365 9.9946E-05
9.98831E-05 9.98831E-05 9.98831E-05 9.98831E-05 9.98831E-05 9.98831E-05 9.98831E-05 0.998702 9.98831E-05 9.98831E-05 9.98831E-05 9.98831E-05 9.98831E-05 9.98831E-05
0.0295891 0.0397905 0.0297469 0.0240495 0.0239959 0.0329615 0.0362967 0.0392321 9.9991E-05 0.0164225 0.668601 0.00587737 0.016606 0.036731
9.9883E-05 9.9883E-05 9.9883E-05 9.9883E-05 9.9883E-05 9.9883E-05 0.998702 9.9883E-05 9.9883E-05 9.9883E-05 9.9883E-05 9.9883E-05 9.9883E-05 9.9883E-05
9.9937E-05 9.9937E-05 0.00601296 9.9937E-05 9.9937E-05 0.00322658 0.947177 9.9937E-05 9.9937E-05 9.9937E-05 0.0147363 0.00231722 0.00439814 0.0214322
0.998702 9.98829E-05 9.98829E-05 9.98829E-05 9.98829E-05 9.98829E-05 9.98829E-05 9.98829E-05 9.98829E-05 9.98829E-05 9.98829E-05 9.98829E-05 9.98829E-05 9.98829E-05
0.871334 0.0222512 0.000387761 0.0157687 0.0126384 9.9982E-05 0.0183003 9.9982E-05 0.000320787 0.0157678 0.0125794 0.0178713 0.00753422 0.00504606
9.98831E-05 9.98831E-05 0.998702 9.98831E-05 9.98831E-05 9.98831E-05 9.98831E-05 9.98831E-05 9.98831E-05 9.98831E-05 9.98831E-05 9.98831E-05 9.98831E-05 9.98831E-05
9.9883E-05 9.9883E-05 9.9883E-05 9.9883E-05 9.9883E-05 9.9883E-05 9.9883E-05 9.9883E-05 9.9883E-05 9.9883E-05 9.9883E-05 9.9883E-05 0.998702 9.9883E-05
0.00380112 9.9946E-05 0.00130271 9.9946E-05 9.9946E-05 0.00678168 0.00594721 0.00851219 0.00111949 0.965419 9.9946E-05 0.00651733 9.9946E-05 9.9946E-05
9.9883E-05 9.9883E-05 9.9883E-05 9.9883E-05 9.9883E-05 9.9883E-05 9.9883E-05 9.9883E-05 9.9883E-05 9.9883E-05 9.9883E-05 9.9883E-05 0.998702 9.9883E-05
9.9901E-05 9.9901E-05 9.9901E-05 9.9901E-05 0.000262311 9.9901E-05 9.9901E-05 9.9901E-05 9.9901E-05 0.995039 9.9901E-05 0.00359955 9.9901E-05 9.9901E-05
9.98829E-05 9.98829E-05 9.98829E-05 9.98829E-05 9.98829E-05 9.98829E-05 9.98829E-05 9.98829E-05 9.98829E-05 9.98829E-05 9.98829E-05 9.98829E-05 9.98829E-05 0.998702
0.0120461 9.9937E-05 0.00531575 0.00150826 9.9937E-05 0.0014282 0.00328553 9.9937E-05 0.00308593 9.9937E-05 9.9937E-05 0.972631 9.9937E-05 9.9937E-05
0.0145076 0.0325993 0.0281666 0.0196957 9.9982E-05 0.0775168 0.0219371 9.9982E-05 0.0960534 0.0159035 0.0745 0.0163789 0.0180161 0.584525
9.9955E-05 9.9955E-05 0.00978316 0.00308858 9.9955E-05 0.945746 0.00777169 9.9955E-05 0.00460539 0.00958649 0.0105315 0.00246549 0.00592203 9.9955E-05
9.992E-05 0.00555826 9.992E-05 9.992E-05 9.992E-05 0.975906 0.00238035 0.013907 9.992E-05 9.992E-05 0.0013494 9.992E-05 9.992E-05 9.992E-05
0.0315007 0.034104 0.0321218 0.00885853 0.0426705 9.9991E-05 0.0168366 0.00611819 0.00154714 0.0384029 0.0471981 0.0423171 0.0211085 0.677116
9.9883E-05 9.9883E-05 9.9883E-05 9.9883E-05 0.998702 9.9883E-05 9.9883E-05 9.9883E-05 9.9883E-05 9.9883E-05 9.9883E-05 9.9883E-05 9.9883E-05 9.9883E-05
0.0323245 0.014211 0.00903049 0.0142516 9.9982E-05 0.0419101 0.0137538 9.9982E-05 0.531159 0.00818381 0.0547643 0.0146611 0.0291732 0.236377
0.0347473 0.00478372 0.0169481 9.9973E-05 0.00112603 9.9973E-05 0.013636 0.0303129 9.9973E-05 0.0192299 0.824691 0.0125815 0.0262177 0.0154263
0.000769097 0.00665034 9.9928E-05 9.9928E-05 9.9928E-05 9.9928E-05 9.9928E-05 0.988709 0.00185377 9.9928E-05 0.000921519 9.9928E-05 0.000296879 9.9928E-05
9.9883E-05 9.9883E-05 9.9883E-05 9.9883E-05 9.9883E-05 9.9883E-05 9.9883E-05 9.9883E-05 9.9883E-05 9.9883E-05 0.998702 9.9883E-05 9.9883E-05 9.9883E-05
0.00320586 0.00235097 9.9937E-05 0.00128645 9.9937E-05 9.9937E-05 0.985557 0.00113202 0.00123362 0.00453418 9.9937E-05 9.9937E-05 9.9937E-05 9.9937E-05
9.9928E-05 9.9928E-05 0.0110825 9.9928E-05 9.9928E-05 0.00161158 0.949804 9.9928E-05 9.9928E-05 9.9928E-05 0.0303785 9.9928E-05 0.00301052 0.00331359
0.998702 9.9883E-05 9.9883E-05 9.9883E-05 9.9883E-05 9.9883E-05 9.9883E-05 9.9883E-05 9.9883E-05 9.9883E-05 9.9883E-05 9.9883E-05 9.9883E-05 9.9883E-05
0.556074 0.0208966 0.0281262 0.0325149 0.0274324 0.0372793 0.0287995 0.0141012 0.022059 0.0160153 0.0797205 0.031748 0.0182228 0.0870107
9.9964E-05 0.0106774 0.952495 0.00706532 0.00804199 0.00749309 0.00530472 0.00129068 9.9964E-05 0.000883393 0.00417112 9.9964E-05 9.9964E-05 0.00217732
0.00240348 9.9937E-05 9.9937E-05 9.9937E-05 0.0102702 9.9937E-05 9.9937E-05 9.9937E-05 0.00201592 0.000522367 0.0082969 0.00599453 0.969797 9.9937E-05
0.00877351 0.00462868 0.00913886 0.922987 9.9955E-05 9.9955E-05 0.0235621 0.0162733 9.9955E-05 9.9955E-05 0.00142188 0.010595 9.9955E-05 0.00211952
0.0121086 9.99843E-05 0.0149748 0.0134101 0.00464874 9.99843E-05 0.0229632 0.0122507 0.0146903 0.0152988 0.0199481 0.0158111 0.840668 0.0130279
9.9883E-05 9.9883E-05 9.9883E-05 9.9883E-05 9.9883E-05 9.9883E-05 9.9883E-05 9.9883E-05 9.9883E-05 0.998702 9.9883E-05 9.9883E-05 9.9883E-05 9.9883E-05
9.99369E-05 9.99369E-05 0.00439425 0.0046664 9.99369E-05 9.99369E-05 0.00597431 0.0106857 0.00583529 9.99369E-05 9.99369E-05 0.00493191 9.99369E-05 0.962813
9.98831E-05 9.98831E-05 9.98831E-05 9.98831E-05 9.98831E-05 9.98831E-05 9.98831E-05 9.98831E-05 9.98831E-05 9.98831E-05 9.98831E-05 0.998702 9.98831E-05 9.98831E-05
0.0279502 0.0128327 0.0141407 0.0167849 9.9991E-05 0.087592 0.0253472 0.0270402 0.0287751 0.00298005 0.029214 0.0398113 0.0120705 0.675361
0.0268614 0.024389 0.0241799 0.0336168 0.0229624 0.573154 0.0367717 0.00773135 0.0224371 9.9991E-05 0.0746459 0.0149517 0.0277863 0.110412
9.98828E-05 9.98828E-05 9.98828E-05 9.98828E-05 9.98828E-05 0.998702 9.98828E-05 9.98828E-05 9.98828E-05 9.98828E-05 9.98828E-05 9.98828E-05 9.98828E-05 9.98828E-05
9.9883E-05 0.998702 9.9883E-05 9.9883E-05 9.9883E-05 9.9883E-05 9.9883E-05 9.9883E-05 9.9883E-05 9.9883E-05 9.9883E-05 9.9883E-05 9.9883E-05 9.9883E-05
0.0383308 0.033343 0.0270017 9.9973E-05 0.0211487 0.00916573 0.0258273 9.9973E-05 9.9973E-05 0.00974971 0.0604694 0.0426747 0.0292162 0.702773
0.0482328 0.0169199 0.0218546 0.0357809 0.00188163 0.0589842 0.035021 9.9991E-05 0.48487 0.00664024 0.0377835 0.023961 0.0290073 0.198963
0.0152751 0.018149 0.00389093 0.00594986 9.9955E-05 9.9955E-05 0.00801286 0.0164733 9.9955E-05 0.0165623 0.907006 0.00818134 9.9955E-05 9.9955E-05
9.98831E-05 9.98831E-05 9.98831E-05 9.98831E-05 9.98831E-05 9.98831E-05 9.98831E-05 0.998702 9.98831E-05 9.98831E-05 9.98831E-05 9.98831E-05 9.98831E-05 9.98831E-05
0.0227733 0.0326851 0.0219714 0.0149979 0.0283019 0.0371982 0.014902 0.0234573 9.9991E-05 0.00180766 0.749675 0.00514207 0.0041059 0.0428823
9.98921E-05 9.98921E-05 9.98921E-05 9.98921E-05 9.98921E-05 9.98921E-05 0.994304 9.98921E-05 0.00449758 9.98921E-05 9.98921E-05 9.98921E-05 9.98921E-05 9.98921E-05
9.98832E-05 9.98832E-05 9.98832E-05 9.98832E-05 9.98832E-05 9.98832E-05 0.998702 9.98832E-05 9.98832E-05 9.98832E-05 9.98832E-05 9.98832E-05 9.98832E-05 9.98832E-05
0.998702 9.9883E-05 9.9883E-05 9.9883E-05 9.9883E-05 9.9883E-05 9.9883E-05 9.9883E-05 9.9883E-05 9.9883E-05 9.9883E-05 9.9883E-05 9.9883E-05 9.9883E-05
0.561363 0.0209034 0.0222301 0.0299994 0.0335136 0.0288054 0.0338363 0.0154441 0.0252711 0.0196151 0.0716243 0.0399085 0.0311211 0.0663648
0.00499241 0.00618824 0.832149 0.00966154 9.9991E-05 0.0159736 0.0103137 0.0112557 0.0167681 0.00434425 0.0239997 0.0104635 0.0199216 0.0338683
9.9883E-05 9.9883E-05 9.9883E-05 9.9883E-05 9.9883E-05 9.9883E-05 9.9883E-05 9.9883E-05 9.9883E-05 9.9883E-05 9.9883E-05 9.9883E-05 0.998702 9.9883E-05
9.9883E-05 9.9883E-05 9.9883E-05 0.998702 9.9883E-05 9.9883E-05 9.9883E-05 9.9883E-05 9.9883E-05 9.9883E-05 9.9883E-05 9.9883E-05 9.9883E-05 9.9883E-05
0.0438503 0.0132427 0.0227731 0.00442941 0.013959 0.0186979 0.0338204 9.9991E-05 0.0182794 0.0284263 0.0261865 0.0327311 0.731001 0.0125034
9.98829E-05 9.98829E-05 9.98829E-05 9.98829E-05 9.98829E-05 9.98829E-05 9.98829E-05 9.98829E-05 9.98829E-05 0.998702 9.98829E-05 9.98829E-05 9.98829E-05 9.98829E-05
9.98828E-05 9.98828E-05 9.98828E-05 9.98828E-05 9.98828E-05 9.98828E-05 9.98828E-05 9.98828E-05 9.98828E-05 9.98828E-05 9.98828E-05 9.98828E-05 9.98828E-05 0.998702
9.9883E-05 9.9883E-05 9.9883E-05 9.9883E-05 9.9883E-05 9.9883E-05 9.9883E-05 9.9883E-05 9.9883E-05 9.9883E-05 9.9883E-05 0.998702 9.9883E-05 9.9883E-05
0.0609228 0.0983928 0.0503924 0.0164723 0.0693133 0.0835855 0.0343817 0.00683359 0.0770902 0.0625139 0.10094 0.0555688 0.0493659 0.234227
0.00116909 0.0179482 0.00594055 9.99711E-05 9.99711E-05 0.092333 0.0111402 0.0287055 0.0138349 9.99711E-05 0.015569 0.0358404 9.99711E-05 0.777119
0.0347937 0.0276629 0.03532 0.00290015 0.0377834 0.501803 0.0329596 9.9982E-05 9.9982E-05 0.0197661 0.103511 0.0191639 0.00794644 0.17619
0.0105493 0.0282816 0.018793 0.00506738 0.00160278 0.744243 0.0196964 0.0338648 9.9991E-05 0.00731245 0.0347298 0.0324972 0.0112077 0.0520542
0.0451654 0.534447 0.0336725 0.0308374 0.0286879 0.0538374 0.0266572 0.0127077 0.00879355 0.0343671 0.0383193 0.0210578 0.0341656 0.0972845
0.0324256 0.0324302 0.041684 0.00324345 0.0319885 9.9973E-05 0.0252734 9.9973E-05 9.9973E-05 0.0174819 0.0622801 0.0303305 0.0377038 0.684859
9.98919E-05 9.98919E-05 9.98919E-05 9.98919E-05 9.98919E-05 9.98919E-05 9.98919E-05 0.00443593 0.994365 9.98919E-05 9.98919E-05 9.98919E-05 9.98919E-05 9.98919E-05
0.00700564 9.9946E-05 9.9946E-05 0.00523024 9.9946E-05 9.9946E-05 0.0051428 0.00316497 9.9946E-05 0.00924395 0.933147 0.0143985 0.0220674 9.9946E-05
0.0190566 0.0061124 0.00752101 9.9991E-05 0.00327405 0.0105677 0.0139746 0.861473 0.0238274 0.00920957 0.0121688 0.0167915 0.013317 0.00260617
9.99011E-05 0.00633347 9.99011E-05 9.99011E-05 9.99011E-05 0.0094343 9.99011E-05 9.99011E-05 9.99011E-05 9.99011E-05 0.983133 9.99011E-05 9.99011E-05 9.99011E-05
0.0106211 0.0131756 9.9946E-05 0.00578203 0.000591325 9.9946E-05 0.958148 0.000689492 0.00434559 0.00604754 9.9946E-05 9.9946E-05 9.9946E-05 9.9946E-05
9.98831E-05 9.98831E-05 9.98831E-05 9.98831E-05 9.98831E-05 9.98831E-05 0.998702 9.98831E-05 9.98831E-05 9.98831E-05 9.98831E-05 9.98831E-05 9.98831E-05 9.98831E-05
0.998702 9.9883E-05 9.9883E-05 9.9883E-05 9.9883E-05 9.9883E-05 9.9883E-05 9.9883E-05 9.9883E-05 9.9883E-05 9.9883E-05 9.9883E-05 9.9883E-05 9.9883E-05
0.904545 0.0228653 0.00537818 9.9964E-05 0.0114152 9.9964E-05 0.0186964 9.9964E-05 0.00189881 0.00211416 0.00955802 0.0112971 0.0118315 9.9964E-05
9.991E-05 9.991E-05 0.993584 9.991E-05 9.991E-05 9.991E-05 9.991E-05 0.00168838 9.991E-05 0.000569233 0.00315923 9.991E-05 9.991E-05 9.991E-05
9.9883E-05 9.9883E-05 9.9883E-05 9.9883E-05 9.9883E-05 9.9883E-05 9.9883E-05 9.9883E-05 9.9883E-05 9.9883E-05 9.9883E-05 9.9883E-05 0.998702 9.9883E-05
9.9883E-05 9.9883E-05 9.9883E-05 0.998702 9.9883E-05 9.9883E-05 9.9883E-05 9.9883E-05 9.9883E-05 9.9883E-05 9.9883E-05 9.9883E-05 9.9883E-05 9.9883E-05
9.98831E-05 9.98831E-05 9.98831E-05 9.98831E-05 9.98831E-05 9.98831E-05 9.98831E-05 9.98831E-05 9.98831E-05 9.98831E-05 9.98831E-05 9.98831E-05 0.998702 9.98831E-05
9.9883E-05 9.9883E-05 9.9883E-05 9.9883E-05 9.9883E-05 9.9883E-05 9.9883E-05 9.9883E-05 9.9883E-05 0.998702 9.9883E-05 9.9883E-05 9.9883E-05 9.9883E-05
0.0285537 0.0271827 0.0109241 9.9982E-05 0.0418818 0.0369439 0.0193799 0.0116957 9.9982E-05 0.00643469 0.0342438 0.0239552 0.0438549 0.71475
9.9928E-05 9.9928E-05 0.00297161 9.9928E-05 0.00430747 9.9928E-05 0.00421949 9.9928E-05 9.9928E-05 0.00581132 9.9928E-05 0.966848 0.0150426 9.9928E-05
0.0750871 0.0959063 0.0513546 0.00574941 0.059158 0.0755181 0.0290296 0.00904186 0.0806059 0.0731732 0.0917042 0.0630595 0.0495774 0.241035
0.0348274 0.0146174 0.0340143 0.0147577 0.000245213 0.107239 0.0204142 9.9991E-05 0.0921083 0.0397533 0.077826 0.0202856 0.0329507 0.510861
0.0268694 0.0290675 0.0386861 9.997E-05 0.0314833 0.530998 0.0306539 9.997E-05 9.997E-05 0.0280255 0.0955592 0.0143023 9.997E-05 0.173955
0.028474 0.0341244 0.0140583 9.9991E-05 0.0103358 0.694696 0.0081506 0.0205713 0.0135289 0.0179925 0.0443124 0.00975876 0.0209923 0.0829052
9.98828E-05 0.998702 9.98828E-05 9.98828E-05 9.98828E-05 9.98828E-05 9.98828E-05 9.98828E-05 9.98828E-05 9.98828E-05 9.98828E-05 9.98828E-05 9.98828E-05 9.98828E-05
0.0466283 0.0289957 0.0270329 0.0162937 0.0348498 0.0533055 0.025688 0.0123539 9.9991E-05 0.00555418 0.0465116 0.0305265 0.0457742 0.626386
9.9883E-05 9.9883E-05 9.9883E-05 9.9883E-05 9.9883E-05 9.9883E-05 9.9883E-05 9.9883E-05 0.998702 9.9883E-05 9.9883E-05 9.9883E-05 9.9883E-05 9.9883E-05
9.9892E-05 9.9892E-05 9.9892E-05 9.9892E-05 0.000517529 9.9892E-05 9.9892E-05 9.9892E-05 9.9892E-05 9.9892E-05 0.998284 9.9892E-05 9.9892E-05 9.9892E-05
9.9883E-05 9.9883E-05 9.9883E-05 9.9883E-05 9.9883E-05 9.9883E-05 9.9883E-05 0.998702 9.9883E-05 9.9883E-05 9.9883E-05 9.9883E-05 9.9883E-05 9.9883E-05
9.9919E-05 0.00384209 0.00524593 9.9919E-05 9.9919E-05 0.00321109 9.9919E-05 9.9919E-05 0.00384505 9.9919E-05 0.982957 9.9919E-05 9.9919E-05 9.9919E-05
0.00211681 0.00595456 9.9955E-05 0.00183168 0.00445621 9.9955E-05 0.959373 0.0133108 9.9955E-05 0.00340759 9.9955E-05 0.00728508 0.00176404 9.9955E-05
0.000413876 9.9919E-05 0.00267891 9.9919E-05 9.9919E-05 9.9919E-05 0.989609 9.9919E-05 9.9919E-05 9.9919E-05 0.00222689 9.9919E-05 9.9919E-05 0.00417161
0.998702 9.9883E-05 9.9883E-05 9.9883E-05 9.9883E-05 9.9883E-05 9.9883E-05 9.9883E-05 9.9883E-05 9.9883E-05 9.9883E-05 9.9883E-05 9.9883E-05 9.9883E-05
0.998702 9.9883E-05 9.9883E-05 9.9883E-05 9.9883E-05 9.9883E-05 9.9883E-05 9.9883E-05 9.9883E-05 9.9883E-05 9.9883E-05 9.9883E-05 9.9883E-05 9.9883E-05
0.0144975 9.9928E-05 0.966631 9.9928E-05 9.9928E-05 9.9928E-05 0.0097031 0.00498092 0.00182569 0.00156239 9.9928E-05 9.9928E-05 9.9928E-05 9.9928E-05
9.9955E-05 0.00884626 0.00342521 0.00265616 0.00733179 9.9955E-05 9.9955E-05 9.9955E-05 9.9955E-05 0.0016719 0.00628276 0.00121109 0.963444 0.00463114
0.0364449 0.0288368 0.0470752 0.183602 0.0276909 0.0513991 0.0364949 0.0286549 0.0126029 0.314251 0.0842756 0.0104578 0.0344085 0.103805
0.00784827 9.99513E-05 0.00806001 0.000526599 0.000458587 0.00891721 9.99513E-05 0.00277935 9.99513E-05 9.99513E-05 9.99513E-05 0.00933418 0.961476 9.99513E-05
0.00379189 0.000537572 9.9946E-05 9.9946E-05 9.9946E-05 9.9946E-05 0.00282136 0.00318626 9.9946E-05 9.9946E-05 0.000831286 0.979145 0.00164721 0.00743981
0.0203747 0.0227069 0.0150525 0.0396689 0.00707382 0.13658 0.0302737 0.0185029 0.0964124 0.000613673 0.0381518 0.0215034 0.0095516 0.543534
0.0704992 0.0952916 0.0398649 0.0095141 0.0656245 0.0839707 0.0354033 0.0188407 0.072337 0.0511861 0.0999755 0.0639574 0.0461947 0.24734
0.0208062 0.0373255 0.0468434 0.0378777 0.0366011 0.093067 0.0442478 9.9991E-05 0.0569599 0.0293473 0.0747663 0.0262942 0.0399185 0.455845
0.0285642 0.0260933 0.0436726 0.00266982 0.0334668 0.538223 0.0281698 0.00213224 9.9991E-05 0.0289349 0.0699985 0.0166569 0.00526061 0.176057
0.00594793 0.0380119 0.0375425 0.0355034 0.0253064 0.597483 0.0257938 0.0177861 0.0174778 0.0190211 0.054297 0.0330239 0.033724 0.059081
9.98831E-05 9.98831E-05 9.98831E-05 9.98831E-05 0.998702 9.98831E-05 9.98831E-05 9.98831E-05 9.98831E-05 9.98831E-05 9.98831E-05 9.98831E-05 9.98831E-05 9.98831E-05
9.98828E-05 0.998702 9.98828E-05 9.98828E-05 9.98828E-05 9.98828E-05 9.98828E-05 9.98828E-05 9.98828E-05 9.98828E-05 9.98828E-05 9.98828E-05 9.98828E-05 9.98828E-05
0.0245497 0.035135 0.0248536 9.9964E-05 0.0646548 0.0401185 9.9964E-05 9.9964E-05 9.9964E-05 0.00898603 0.0369501 0.00462707 0.0455218 0.714204
9.98801E-05 9.98801E-05 9.98801E-05 9.98801E-05 9.98801E-05 9.98801E-05 9.98801E-05 0.00141637 0.997385 9.98801E-05 9.98801E-05 9.98801E-05 9.98801E-05 9.98801E-05
9.98829E-05 9.98829E-05 9.98829E-05 9.98829E-05 9.98829E-05 9.98829E-05 9.98829E-05 9.98829E-05 9.98829E-05 9.98829E-05 0.998702 9.98829E-05 9.98829E-05 9.98829E-05
9.98831E-05 9.98831E-05 9.98831E-05 9.98831E-05 9.98831E-05 9.98831E-05 9.98831E-05 0.998702 9.98831E-05 9.98831E-05 9.98831E-05 9.98831E-05 9.98831E-05 9.98831E-05
9.9937E-05 0.00105345 0.0113794 9.9937E-05 9.9937E-05 0.0137636 9.9937E-05 9.9937E-05 0.000649853 0.00239761 0.965788 9.9937E-05 0.00426814 9.9937E-05
9.9901E-05 0.00294901 9.9901E-05 0.00367377 9.9901E-05 9.9901E-05 0.992278 9.9901E-05 9.9901E-05 9.9901E-05 9.9901E-05 9.9901E-05 9.9901E-05 9.9901E-05
0.961188 0.0146679 9.9937E-05 9.9937E-05 0.0047205 9.9937E-05 0.00401591 9.9937E-05 0.00222834 9.9937E-05 0.00452928 0.00795091 9.9937E-05 9.9937E-05
9.9883E-05 9.9883E-05 0.998702 9.9883E-05 9.9883E-05 9.9883E-05 9.9883E-05 9.9883E-05 9.9883E-05 9.9883E-05 9.9883E-05 9.9883E-05 9.9883E-05 9.9883E-05
0.0523003 0.0337385 0.483751 0.0246214 0.0168488 0.0684095 0.0371417 9.9991E-05 0.0285033 0.0142986 0.0801534 0.010985 0.0301027 0.119046
0.0473135 0.0436271 0.0200306 0.157726 0.0467666 0.0926938 0.0519514 0.0287538 0.0193395 0.182265 0.098679 0.0407776 0.0313127 0.138764
9.9883E-05 9.9883E-05 9.9883E-05 9.9883E-05 9.9883E-05 9.9883E-05 9.9883E-05 9.9883E-05 9.9883E-05 9.9883E-05 9.9883E-05 9.9883E-05 0.998702 9.9883E-05
9.9883E-05 9.9883E-05 9.9883E-05 0.998702 9.9883E-05 9.9883E-05 9.9883E-05 9.9883E-05 9.9883E-05 9.9883E-05 9.9883E-05 9.9883E-05 9.9883E-05 9.9883E-05
0.0132803 0.010896 0.0127384 0.0128805 9.9973E-05 0.0233325 0.0222266 9.9973E-05 0.0209899 0.0118954 9.9973E-05 0.0109182 0.854224 0.00631825
9.98831E-05 9.98831E-05 9.98831E-05 9.98831E-05 9.98831E-05 9.98831E-05 9.98831E-05 9.98831E-05 9.98831E-05 9.98831E-05 9.98831E-05 0.998702 9.98831E-05 9.98831E-05
0.0352327 0.0350367 0.0321857 0.0228025 0.000402131 0.0969571 0.0210888 0.0256551 0.0681709 0.00578542 0.0369912 0.0325051 0.0130189 0.574168
0.0864417 0.0717083 0.0454827 0.0391585 0.0545338 0.0765604 0.0368921 0.040242 0.0460075 0.0368766 0.111148 0.0597398 0.0527429 0.242466
0.026874 0.0475813 0.0288335 0.0369216 0.0179496 0.109265 0.0291838 0.0133685 0.0509116 9.9991E-05 0.0620274 0.0274234 0.0408029 0.508757
0.00345707 0.0395614 0.0346565 0.0304129 0.0115473 0.644534 0.014218 9.9991E-05 0.0454394 0.00293997 0.04943 0.0150983 0.00553655 0.103069
0.00302428 0.00487824 9.9982E-05 0.0152336 0.00282614 0.845873 0.0264305 0.000647864 0.00336245 0.0167531 9.9982E-05 0.0267334 0.0188111 0.0352259
9.9892E-05 9.9892E-05 9.9892E-05 9.9892E-05 0.997388 9.9892E-05 9.9892E-05 9.9892E-05 9.9892E-05 0.00141284 9.9892E-05 9.9892E-05 9.9892E-05 9.9892E-05
0.0261844 0.849116 0.028699 0.00752878 9.9973E-05 0.00503441 0.0241386 0.0143528 9.9973E-05 9.9973E-05 0.00889594 0.00356108 0.0244213 0.00776723
0.0182035 0.0390996 0.023925 9.9973E-05 0.0607795 0.0317267 0.00404198 9.9973E-05 9.9973E-05 0.0113852 0.0387684 0.0195699 0.0433472 0.708853
9.9883E-05 9.9883E-05 9.9883E-05 9.9883E-05 9.9883E-05 9.9883E-05 9.9883E-05 9.9883E-05 0.998702 9.9883E-05 9.9883E-05 9.9883E-05 9.9883E-05 9.9883E-05
9.9883E-05 9.9883E-05 9.9883E-05 9.9883E-05 9.9883E-05 9.9883E-05 9.9883E-05 9.9883E-05 9.9883E-05 9.9883E-05 0.998702 9.9883E-05 9.9883E-05 9.9883E-05
9.9883E-05 9.9883E-05 9.9883E-05 9.9883E-05 9.9883E-05 9.9883E-05 9.9883E-05 0.998702 9.9883E-05 9.9883E-05 9.9883E-05 9.9883E-05 9.9883E-05 9.9883E-05
9.98831E-05 9.98831E-05 9.98831E-05 9.98831E-05 9.98831E-05 9.98831E-05 0.998702 9.98831E-05 9.98831E-05 9.98831E-05 9.98831E-05 9.98831E-05 9.98831E-05 9.98831E-05
