9.994E-05 9.994E-05 9.994E-05 9.994E-05 9.994E-05 0.9993 9.994E-05 9.994E-05
0.949481 0.00848338 0.0206053 9.9982E-05 9.9982E-05 0.00501099 0.00228804 0.0139317
0.953315 0.0018592 0.0389532 9.9964E-05 9.9964E-05 9.9964E-05 9.9964E-05 0.00547327
9.994E-05 9.994E-05 9.994E-05 9.994E-05 9.994E-05 9.994E-05 0.9993 9.994E-05
9.994E-05 9.994E-05 9.994E-05 9.994E-05 9.994E-05 9.994E-05 0.9993 9.994E-05
0.0615493 0.0578207 0.312667 0.394548 0.0284123 0.0599312 0.0415484 0.0435228
9.994E-05 0.9993 9.994E-05 9.994E-05 9.994E-05 9.994E-05 9.994E-05 9.994E-05
9.994E-05 9.994E-05 9.994E-05 0.9993 9.994E-05 9.994E-05 9.994E-05 9.994E-05
0.0243644 0.0499969 0.682372 0.0490983 0.0951032 0.063842 0.014878 0.0203454
0.0108031 0.00274208 9.9973E-05 9.9973E-05 0.000565437 9.9973E-05 0.00853467 0.977055
0.067216 0.0521469 0.539537 0.0616291 0.0981725 0.0658944 0.0644077 0.0509963
0.088972 0.0685249 0.528198 0.0794119 0.0802284 0.053284 0.0346072 0.066774
9.9973E-05 0.0209463 0.957828 0.0111233 9.9973E-05 0.00931504 0.000487747 9.9973E-05
9.994E-05 9.994E-05 0.9993 9.994E-05 9.994E-05 9.994E-05 9.994E-05 9.994E-05
0.0290896 0.541344 0.35015 0.0191704 9.9991E-05 0.00772761 0.0149222 0.037496
0.037638 9.9982E-05 0.81776 0.0583062 0.0226586 9.9982E-05 0.0113038 0.0521331
0.0690607 0.0099197 0.801705 0.039656 0.0169701 9.9991E-05 0.0155605 0.0470282
0.0573327 0.078293 0.595129 0.0613545 0.0482134 0.0521041 0.0647745 0.0427983
0.0333136 0.00980359 0.080497 0.0107907 0.79804 0.0213741 0.0212062 0.0249748
0.0396737 0.0263999 0.777106 0.0392434 0.0533157 0.0331297 0.0200925 0.0110388
9.9955E-05 0.00329246 9.9955E-05 0.0047398 0.991468 9.9955E-05 9.9955E-05 9.9955E-05
0.0106205 0.0008272 0.959037 0.00784686 0.00538365 0.00510379 0.0110814 9.9991E-05
0.0011815 0.0152017 0.0454589 0.000500332 9.9991E-05 0.914509 0.0180305 0.00501839
0.9993 9.994E-05 9.994E-05 9.994E-05 9.994E-05 9.994E-05 9.994E-05 9.994E-05
0.914649 0.0146105 0.0441596 9.9982E-05 9.9982E-05 0.00920414 0.00469481 0.0124822
9.994E-05 9.994E-05 9.994E-05 9.994E-05 9.994E-05 9.994E-05 0.9993 9.994E-05
9.9946E-05 0.997845 9.9946E-05 0.00155552 9.9946E-05 9.9946E-05 9.9946E-05 9.9946E-05
9.994E-05 9.994E-05 9.994E-05 0.9993 9.994E-05 9.994E-05 9.994E-05 9.994E-05
0.00777392 0.929599 0.0185865 0.00474537 0.0114348 0.0177915 0.00138673 0.00868177
9.994E-05 9.994E-05 9.994E-05 0.9993 9.994E-05 9.994E-05 9.994E-05 9.994E-05
0.0120111 0.0318768 0.730745 0.0590758 0.0960023 0.0410405 0.0291486 9.9991E-05
9.994E-05 9.994E-05 9.994E-05 9.994E-05 9.994E-05 9.994E-05 9.994E-05 0.9993
0.0891388 0.109239 0.392357 0.0856771 0.103246 0.0891475 0.0721753 0.0590197
9.9964E-05 0.0202496 0.956384 0.0110908 9.9964E-05 0.0118759 9.9964E-05 9.9964E-05
9.994E-05 9.994E-05 0.9993 9.994E-05 9.994E-05 9.994E-05 9.994E-05 9.994E-05
0.0515922 0.0593538 0.671199 0.032497 0.0585454 0.0496852 0.0277346 0.0493929
0.0224732 9.9991E-05 0.8336 0.0412767 0.0312225 0.000588972 0.00979861 0.0609399
0.03374 0.0416957 0.64262 0.0820227 0.0630578 0.0384723 0.0459022 0.0524893
0.00938663 0.0053395 0.94264 0.0149928 0.00328248 0.00318323 0.00286618 0.0183091
9.994E-05 9.994E-05 9.994E-05 9.994E-05 0.9993 9.994E-05 9.994E-05 9.994E-05
0.0303374 0.0113275 0.785043 0.0405775 0.0379432 0.0462896 0.0297116 0.0187702
9.994E-05 9.994E-05 9.994E-05 9.994E-05 9.994E-05 0.9993 9.994E-05 9.994E-05
9.9964E-05 9.9964E-05 0.0470229 9.9964E-05 9.9964E-05 0.947188 0.00108451 0.00430523
0.9993 9.994E-05 9.994E-05 9.994E-05 9.994E-05 9.994E-05 9.994E-05 9.994E-05
0.867849 0.00469868 0.0604332 0.0235126 0.00961158 0.0120471 0.00358441 0.0182639
9.9946E-05 0.00529291 9.9946E-05 9.9946E-05 9.9946E-05 9.9946E-05 0.994107 9.9946E-05
9.994E-05 0.9993 9.994E-05 9.994E-05 9.994E-05 9.994E-05 9.994E-05 9.994E-05
0.0247018 0.0163847 0.319338 0.560961 0.00651706 0.0290397 0.00851504 0.0345427
9.994E-05 0.9993 9.994E-05 9.994E-05 9.994E-05 9.994E-05 9.994E-05 9.994E-05
0.0192048 0.0137403 0.304636 0.584809 9.9991E-05 0.0300607 0.0201281 0.0273219
0.0158841 0.0525929 0.666411 0.075468 0.0907283 0.052623 0.0289018 0.0173914
0.00744907 9.9955E-05 9.9955E-05 9.9955E-05 9.9955E-05 9.9955E-05 0.00845326 0.983598
0.031383 0.0505403 0.607947 0.0594768 0.106075 0.0619739 0.043091 0.0395124
9.9973E-05 0.020643 0.937096 0.00738094 9.9973E-05 0.0199312 0.0146492 9.9973E-05
9.9964E-05 0.00538517 0.981342 0.00172212 9.9964E-05 0.0111505 9.9964E-05 9.9964E-05
0.0506154 0.0447015 0.62411 0.0556925 0.0503342 0.0511762 0.0569263 0.0664439
0.0301695 9.9982E-05 0.814353 0.0545122 0.0333451 9.9982E-05 0.0132163 0.0542038
0.0719403 0.0388773 0.333217 0.0385759 0.410538 0.0387068 0.0361471 0.0319981
0.0387603 0.0203315 0.840012 0.0254179 0.025577 0.0176663 0.0148383 0.0173968
9.994E-05 9.994E-05 9.994E-05 9.994E-05 0.9993 9.994E-05 9.994E-05 9.994E-05
9.99459E-05 9.99459E-05 0.999045 9.99459E-05 9.99459E-05 9.99459E-05 9.99459E-05 0.000355792
0.0064929 9.9973E-05 9.9973E-05 0.0038873 0.00421635 0.984707 9.9973E-05 0.000396602
9.9973E-05 0.00741812 0.0208985 9.9973E-05 9.9973E-05 0.94607 0.0171055 0.00820776
0.9993 9.994E-05 9.994E-05 9.994E-05 9.994E-05 9.994E-05 9.994E-05 9.994E-05
0.572489 0.0281493 0.223442 0.048326 0.0400708 0.0253103 0.0300695 0.0321439
9.9991E-05 0.00316534 0.0106628 0.0070268 0.00518758 0.00140006 0.966956 0.00550112
0.00623862 0.976247 0.00816695 9.9982E-05 0.00234472 0.00564424 9.9982E-05 0.00115835
0.00590765 9.9973E-05 9.9973E-05 0.977925 0.00976723 0.00237066 9.9973E-05 0.00372969
0.0293434 0.858699 0.0280961 0.0285073 0.0158975 0.0190286 0.00940911 0.0110185
0.0112352 0.0232339 0.297158 0.612375 0.0052359 0.0269154 9.9991E-05 0.0237463
0.0276821 0.0432569 0.634787 0.0751732 0.0853708 0.0753891 0.0412333 0.0171077
9.994E-05 9.994E-05 9.994E-05 9.994E-05 9.994E-05 9.994E-05 9.994E-05 0.9993
0.0490643 0.0385003 0.59479 0.0441656 0.106245 0.0581044 0.0527004 0.0564299
0.0234409 0.0497337 0.78159 0.0355207 0.0327724 0.0351911 0.0351489 0.00660232
9.994E-05 9.994E-05 0.9993 9.994E-05 9.994E-05 9.994E-05 9.994E-05 9.994E-05
0.06275 0.0045179 0.78856 0.0499821 0.0234573 0.000128179 0.0233173 0.0472873
0.056724 0.0617265 0.6143 0.0382241 0.0414677 0.0593481 0.0585747 0.0696344
0.0806326 0.0477746 0.320895 0.0599659 0.361181 0.0644412 0.0217851 0.0433245
0.0125197 0.0061025 0.916539 0.0222421 0.0145025 0.00480929 0.00514282 0.0181424
9.994E-05 9.994E-05 9.994E-05 9.994E-05 0.9993 9.994E-05 9.994E-05 9.994E-05
0.0302231 0.00812742 0.854155 0.0328972 0.0275377 0.0211714 0.0179918 0.00789674
9.994E-05 9.994E-05 9.994E-05 9.994E-05 9.994E-05 0.9993 9.994E-05 9.994E-05
9.994E-05 9.994E-05 9.994E-05 9.994E-05 9.994E-05 0.9993 9.994E-05 9.994E-05
0.9993 9.994E-05 9.994E-05 9.994E-05 9.994E-05 9.994E-05 9.994E-05 9.994E-05
0.561118 0.0274888 0.212224 0.0590456 0.0344687 0.0319782 0.0244074 0.0492686
0.023015 0.0144355 0.0836636 0.0160911 0.0125002 0.000841402 0.839642 0.00981104
9.994E-05 0.9993 9.994E-05 9.994E-05 9.994E-05 9.994E-05 9.994E-05 9.994E-05
9.994E-05 9.994E-05 9.994E-05 0.9993 9.994E-05 9.994E-05 9.994E-05 9.994E-05
0.042829 0.745677 0.0822529 0.0248462 0.00782816 0.0246883 0.0273209 0.0445577
0.00319103 0.00946377 0.320102 0.612914 9.9982E-05 0.0302182 9.9982E-05 0.023911
0.0137248 0.0482077 0.671705 0.0583738 0.100903 0.0595923 0.0295247 0.0179689
9.994E-05 9.994E-05 9.994E-05 9.994E-05 9.994E-05 9.994E-05 9.994E-05 0.9993
0.0817965 0.0599843 0.56316 0.0626244 0.0806026 0.0360508 0.0497181 0.0660628
0.0294641 0.0345259 0.648922 0.0454472 0.0931401 0.048593 0.0507089 0.0491992
0.0459252 0.0226136 0.806148 0.0245274 0.0150328 0.0365827 0.0323515 0.0168185
0.00255503 0.0335648 0.855085 0.0147288 0.0288438 0.0330447 0.0164695 0.0157086
0.0804439 0.0493951 0.631731 0.0885607 0.0323046 0.0355256 0.0386968 0.0433423
0.0588075 0.0610047 0.605183 0.0461562 0.0462007 0.047965 0.0648518 0.0698313
0.0333163 0.00406913 0.0659691 9.9991E-05 0.826915 0.0181137 0.0273022 0.0242147
0.00659514 0.0143059 0.924126 0.00741122 0.00878399 0.0159192 0.0014516 0.0214073
0.0230081 0.0169089 9.99895E-05 0.00887292 0.939937 9.99895E-05 0.00530239 0.00577029
9.9955E-05 9.9955E-05 0.995886 9.9955E-05 0.00272159 9.9955E-05 0.000892495 9.9955E-05
0.00342433 9.9982E-05 0.0112863 0.0120776 0.014974 0.948284 9.9982E-05 0.00975398
9.994E-05 9.994E-05 9.994E-05 9.994E-05 9.994E-05 0.9993 9.994E-05 9.994E-05
0.9993 9.994E-05 9.994E-05 9.994E-05 9.994E-05 9.994E-05 9.994E-05 9.994E-05
0.918361 0.0147243 0.0357976 9.9991E-05 0.00576119 0.011738 0.00106983 0.0124476
9.9946E-05 9.9946E-05 9.9946E-05 9.9946E-05 9.9946E-05 0.00096777 0.998433 9.9946E-05
9.994E-05 0.9993 9.994E-05 9.994E-05 9.994E-05 9.994E-05 9.994E-05 9.994E-05
9.994E-05 9.994E-05 9.994E-05 0.9993 9.994E-05 9.994E-05 9.994E-05 9.994E-05
9.994E-05 0.9993 9.994E-05 9.994E-05 9.994E-05 9.994E-05 9.994E-05 9.994E-05
0.0143428 0.00477777 0.309712 0.622199 9.9991E-05 0.0203934 0.000324916 0.02815
0.0361319 0.0907078 0.652708 0.0243477 0.039271 0.0550005 0.0494854 0.0523477
9.9955E-05 0.0131184 9.9955E-05 9.9955E-05 9.9955E-05 0.0110069 9.9955E-05 0.975375
0.0823082 0.0608341 0.551948 0.0705447 0.0833087 0.0403815 0.0398009 0.0708736
0.0325613 0.0516275 0.614235 0.0681422 0.100621 0.0463271 0.0531237 0.0333621
0.0244887 0.0210284 0.830241 0.0185258 0.0114327 0.0367852 0.0415693 0.0159291
0.0123951 0.0293542 0.875033 0.0152937 0.0344665 0.0151928 0.0159979 0.00226718
0.0477002 9.9982E-05 0.845531 0.0453255 0.00871496 9.9982E-05 0.0107968 0.0417318
0.0643162 0.086155 0.585438 0.041143 0.0459397 0.0652991 0.0593744 0.0523344
0.025401 9.9982E-05 0.0638142 9.9982E-05 0.830879 0.0207704 0.028837 0.0300988
0.0131451 9.9955E-05 0.984325 9.9955E-05 9.9955E-05 0.00202966 9.9955E-05 9.9955E-05
9.994E-05 9.994E-05 9.994E-05 9.994E-05 0.9993 9.994E-05 9.994E-05 9.994E-05
9.9946E-05 9.9946E-05 0.982323 9.9946E-05 9.9946E-05 9.9946E-05 0.0170774 9.9946E-05
0.00676446 0.00596646 9.9982E-05 0.0179238 0.00865141 0.956437 9.9982E-05 0.00405739
9.9955E-05 9.9955E-05 0.00104542 9.9955E-05 9.9955E-05 0.993812 0.00464276 9.9955E-05
0.9993 9.994E-05 9.994E-05 9.994E-05 9.994E-05 9.994E-05 9.994E-05 9.994E-05
0.9993 9.994E-05 9.994E-05 9.994E-05 9.994E-05 9.994E-05 9.994E-05 9.994E-05
0.0132683 0.00469669 9.9973E-05 0.00343512 0.00860424 9.9973E-05 0.969696 9.9973E-05
0.0048395 0.966594 0.00100483 0.00651102 0.00961441 0.00232027 0.00714356 0.00197239
0.0525545 0.0431338 0.351335 0.396446 0.0507231 0.046957 0.0448946 0.0139552
0.00344784 0.959654 0.0141854 0.00449381 0.00891879 9.9991E-05 0.000368869 0.00883116
9.9964E-05 0.00411761 9.9964E-05 0.000313716 0.000494255 9.9964E-05 9.9964E-05 0.994675
0.039625 0.0220251 0.635255 0.0580258 0.121671 0.0573727 0.0304508 0.0355744
0.0888621 0.0639622 0.564558 0.0602366 0.0731546 0.0318263 0.041741 0.0756587
0.033686 0.0713074 0.573032 0.0946442 0.0693584 0.0582246 0.0672449 0.0325023
0.0380623 0.0261123 0.828324 0.0180043 0.00802608 0.0349235 0.0464477 9.9991E-05
0.00662944 0.0535695 0.7569 0.051999 0.0389378 0.0314432 0.038935 0.021586
0.0374395 9.9982E-05 0.81983 0.0429504 0.0344541 9.9982E-05 0.0133168 0.0518097
0.0563077 9.9982E-05 0.833514 0.0399732 0.00949998 9.9982E-05 0.0112695 0.049236
0.0426326 0.0839448 0.67235 0.028866 0.0426118 0.0326264 0.0589364 0.0380315
0.0244163 9.9982E-05 0.0498719 9.9982E-05 0.864364 0.025901 0.0151109 0.0201362
9.994E-05 9.994E-05 0.9993 9.994E-05 9.994E-05 9.994E-05 9.994E-05 9.994E-05
9.994E-05 9.994E-05 9.994E-05 9.994E-05 0.9993 9.994E-05 9.994E-05 9.994E-05
9.9955E-05 0.00361238 0.990312 9.9955E-05 9.9955E-05 9.9955E-05 0.00557619 9.9955E-05
9.9946E-05 9.9946E-05 9.9946E-05 9.9946E-05 0.000289425 0.999111 9.9946E-05 9.9946E-05
0.961454 9.9964E-05 0.0254328 9.9964E-05 9.9964E-05 0.00556896 9.9964E-05 0.00714458
9.994E-05 9.994E-05 9.994E-05 9.994E-05 9.994E-05 9.994E-05 0.9993 9.994E-05
0.0664573 0.0373266 0.282713 0.0403235 0.0094467 0.0518701 0.486778 0.0250853
0.0662641 0.0350128 0.42418 0.294181 0.0465224 0.0605968 0.032829 0.0404136
9.994E-05 0.9993 9.994E-05 9.994E-05 9.994E-05 9.994E-05 9.994E-05 9.994E-05
9.994E-05 9.994E-05 9.994E-05 0.9993 9.994E-05 9.994E-05 9.994E-05 9.994E-05
0.00931606 0.857848 0.0463758 0.0151229 0.0164773 0.0155229 0.0177992 0.0215383
9.994E-05 9.994E-05 9.994E-05 9.994E-05 9.994E-05 9.994E-05 9.994E-05 0.9993
0.0536308 0.0503291 0.585194 0.0615808 0.117523 0.0442854 0.0451804 0.0422761
0.0870364 0.066425 0.501473 0.0904803 0.0874018 0.055123 0.0415833 0.0704774
0.0447774 0.0705653 0.603932 0.0730136 0.0717537 0.0554425 0.0397713 0.0407446
0.000471601 0.0272064 0.813275 0.0484831 0.0363854 0.0126311 0.0390634 0.0224844
0.00343668 0.0366561 0.878534 0.0320733 0.00298012 0.0276379 9.9991E-05 0.018582
0.0431735 9.9991E-05 0.805662 0.0570173 0.0183914 0.00350076 0.0122648 0.0598905
0.0627614 0.0161118 0.722647 0.049101 0.0418027 0.010672 0.035979 0.0609254
0.0479723 0.0746473 0.668139 0.0381358 0.0372229 0.0304206 0.0558622 0.0475999
0.019884 0.0129766 0.10703 0.00232701 0.792678 0.0166796 0.0159568 0.0324679
0.0123292 9.9946E-05 0.987071 9.9946E-05 9.9946E-05 9.9946E-05 9.9946E-05 9.9946E-05
9.994E-05 9.994E-05 9.994E-05 9.994E-05 0.9993 9.994E-05 9.994E-05 9.994E-05
9.994E-05 9.994E-05 9.994E-05 9.994E-05 9.994E-05 0.9993 9.994E-05 9.994E-05
