0.9993 9.994E-05 9.994E-05 9.994E-05 9.994E-05 9.994E-05 9.994E-05 9.994E-05
0.00501618 9.9982E-05 0.00369184 9.9982E-05 0.0154027 0.000552904 0.0315823 0.943554
0.000185341 9.9982E-05 0.000334876 0.00720329 0.0053373 9.9982E-05 0.0442776 0.942462
9.994E-05 9.994E-05 9.994E-05 9.994E-05 9.994E-05 0.9993 9.994E-05 9.994E-05
9.994E-05 9.994E-05 9.994E-05 9.994E-05 9.994E-05 0.9993 9.994E-05 9.994E-05
0.0627316 0.393162 0.0522232 0.0396209 0.0476995 0.0278999 0.310377 0.0662858
9.994E-05 9.994E-05 0.9993 9.994E-05 9.994E-05 9.994E-05 9.994E-05 9.994E-05
9.994E-05 0.9993 9.994E-05 9.994E-05 9.994E-05 9.994E-05 9.994E-05 9.994E-05
0.0542431 0.0543128 0.0422146 0.0937948 0.0110927 0.029435 0.681298 0.033609
0.00181119 0.00124304 9.9982E-05 0.00565598 0.983453 0.000485423 9.9982E-05 0.00715127
0.064531 0.0705402 0.0593174 0.0987776 0.0585374 0.0601541 0.534645 0.053497
0.0463327 0.081443 0.0673682 0.0918232 0.0613746 0.044225 0.508484 0.0989487
0.00880854 0.00561763 0.0257615 9.9973E-05 9.9973E-05 0.00319149 0.956321 9.9973E-05
9.994E-05 9.994E-05 9.994E-05 9.994E-05 9.994E-05 9.994E-05 0.9993 9.994E-05
0.0163441 0.0152615 0.527138 9.9991E-05 0.0355733 0.00973024 0.369476 0.0263762
9.9982E-05 0.0424975 9.9982E-05 0.0157956 0.0562427 0.0124109 0.837292 0.0355615
9.999E-05 0.0514139 0.0018601 0.0141139 0.0505108 0.028198 0.798871 0.0549324
0.0473659 0.0588925 0.0736581 0.0483887 0.0334125 0.056896 0.612144 0.0692423
0.0242205 0.0149768 0.0155474 0.790248 0.0205019 0.0215959 0.0798246 0.0330847
0.0360711 0.0255459 0.0294245 0.0507469 0.0165205 0.0277215 0.779308 0.0346617
9.9955E-05 9.9955E-05 9.9955E-05 0.989116 0.00461054 9.9955E-05 9.9955E-05 0.00577389
0.00649228 0.005195 9.9991E-05 0.0117306 0.00380415 0.0107747 0.958756 0.00314763
0.924477 9.9973E-05 0.0147635 9.9973E-05 9.9973E-05 0.0109179 0.0431585 0.00638347
9.994E-05 9.994E-05 9.994E-05 9.994E-05 9.994E-05 9.994E-05 9.994E-05 0.9993
0.0158283 9.9973E-05 0.0045085 9.9973E-05 0.0175192 9.9973E-05 0.0448166 0.917028
9.994E-05 9.994E-05 9.994E-05 9.994E-05 9.994E-05 0.9993 9.994E-05 9.994E-05
9.994E-05 9.994E-05 0.9993 9.994E-05 9.994E-05 9.994E-05 9.994E-05 9.994E-05
9.994E-05 0.9993 9.994E-05 9.994E-05 9.994E-05 9.994E-05 9.994E-05 9.994E-05
0.00795748 0.0143999 0.919399 0.00592531 0.00860599 0.00874035 0.0223889 0.0125828
9.994E-05 0.9993 9.994E-05 9.994E-05 9.994E-05 9.994E-05 9.994E-05 9.994E-05
0.0444621 0.06707 0.025054 0.0974176 9.9991E-05 0.0307228 0.733671 0.00150191
9.994E-05 9.994E-05 9.994E-05 9.994E-05 0.9993 9.994E-05 9.994E-05 9.994E-05
0.0900331 0.0986707 0.0817288 0.077966 0.0547753 0.0744475 0.43391 0.088469
0.00536429 0.00757706 0.0231838 9.9973E-05 9.9973E-05 0.00546322 0.958112 9.9973E-05
9.9955E-05 9.9955E-05 0.00629115 0.00771164 9.9955E-05 9.9955E-05 0.985497 9.9955E-05
0.0486067 0.0330663 0.0401047 0.0655566 0.0484372 0.0354954 0.677505 0.0512283
9.9982E-05 0.0349961 9.9982E-05 0.0270772 0.0599732 0.0156633 0.827915 0.0341752
0.0263464 0.0764939 0.047581 0.0577736 0.0528525 0.0494741 0.652432 0.0370461
0.00630191 0.0122371 0.0049614 0.00936645 0.0169146 0.00214803 0.941848 0.0062228
9.994E-05 9.994E-05 9.994E-05 0.9993 9.994E-05 9.994E-05 9.994E-05 9.994E-05
0.0433027 0.0284275 0.014659 0.0416453 0.0101775 0.0285085 0.804658 0.028621
0.9993 9.994E-05 9.994E-05 9.994E-05 9.994E-05 9.994E-05 9.994E-05 9.994E-05
0.957043 9.9973E-05 0.00644914 0.00114919 9.9973E-05 0.0107907 0.024268 9.9973E-05
9.994E-05 9.994E-05 9.994E-05 9.994E-05 9.994E-05 9.994E-05 9.994E-05 0.9993
0.00897207 0.0140464 0.0072182 9.9991E-05 0.0144047 0.00937747 0.0679413 0.87794
9.994E-05 9.994E-05 9.994E-05 9.994E-05 9.994E-05 0.9993 9.994E-05 9.994E-05
9.994E-05 9.994E-05 0.9993 9.994E-05 9.994E-05 9.994E-05 9.994E-05 9.994E-05
0.0220102 0.576231 0.0200434 0.00170569 0.0381981 0.016233 0.309707 0.0158717
9.994E-05 9.994E-05 0.9993 9.994E-05 9.994E-05 9.994E-05 9.994E-05 9.994E-05
0.0303613 0.589817 0.0279199 9.9991E-05 0.031078 0.0112294 0.296333 0.0131616
0.0580749 0.0730708 0.0465314 0.0883377 0.0190402 0.0218222 0.680916 0.0122073
0.0053577 0.00288402 0.0026918 0.00281326 0.982649 0.000616679 9.9991E-05 0.00288738
0.0556832 0.0633589 0.0501509 0.105635 0.0432418 0.0519555 0.59733 0.0326444
0.0156462 0.0165592 0.0247477 9.9982E-05 0.000656682 0.00442668 0.937764 9.9982E-05
0.00811075 0.00644399 0.0105506 0.0113448 9.9973E-05 9.9973E-05 0.96325 9.9973E-05
0.050817 0.0533879 0.0637806 0.056069 0.0615257 0.0746941 0.582248 0.057478
9.9982E-05 0.0356841 9.9982E-05 0.044435 0.0555508 0.0143626 0.815005 0.0347624
0.046394 0.0561725 0.0328981 0.38583 0.0368957 0.0428853 0.339618 0.0593066
0.017445 0.0150155 0.00547741 0.0266649 0.0233498 0.00620553 0.872091 0.033751
9.994E-05 9.994E-05 9.994E-05 0.9993 9.994E-05 9.994E-05 9.994E-05 9.994E-05
9.9955E-05 9.9955E-05 9.9955E-05 0.00226117 9.9955E-05 9.9955E-05 0.994994 0.00224541
0.97781 0.0100207 9.9964E-05 0.00465463 9.9964E-05 9.9964E-05 9.9964E-05 0.00711489
0.944676 9.9964E-05 0.00471557 9.9964E-05 9.9964E-05 0.0172914 0.0329169 9.9964E-05
9.994E-05 9.994E-05 9.994E-05 9.994E-05 9.994E-05 9.994E-05 9.994E-05 0.9993
0.0355993 0.0603206 0.0284721 0.0409356 0.0388996 0.0269789 0.205236 0.563558
0.00631072 9.9973E-05 0.00386907 9.9973E-05 0.00384933 0.971051 0.01462 9.9973E-05
0.00374101 0.0128027 0.971829 0.00157072 9.9991E-05 0.0020677 0.00217609 0.00571243
0.00488124 0.977517 9.9973E-05 0.00238187 9.9973E-05 0.00240352 9.9973E-05 0.0125169
0.0148837 0.0246243 0.852794 0.00908195 0.0150785 0.00819667 0.0460877 0.0292528
0.0201464 0.625124 0.0137598 0.00524633 0.0293244 0.0076044 0.29028 0.00851552
0.0573653 0.067466 0.0479805 0.0907144 0.0263195 0.0315357 0.643948 0.0346705
9.994E-05 9.994E-05 9.994E-05 9.994E-05 0.9993 9.994E-05 9.994E-05 9.994E-05
0.05241 0.0510915 0.0403429 0.115376 0.0583601 0.044502 0.590308 0.0476091
0.0376111 0.0283291 0.0451843 0.0373397 0.00860531 0.0233513 0.792388 0.0271913
9.9955E-05 9.9955E-05 0.00257582 0.00674702 9.9955E-05 9.9955E-05 0.990177 9.9955E-05
0.000217745 0.0481054 9.9991E-05 0.0211157 0.0549796 0.032091 0.77706 0.0663306
0.0629311 0.0496211 0.0575644 0.0286249 0.0744888 0.0601584 0.608098 0.0585129
0.0600926 0.055317 0.0529313 0.345823 0.0266446 0.0521623 0.340361 0.0666684
0.000274523 0.0156461 0.00947307 0.0131886 0.00336401 0.00146265 0.941071 0.0155196
9.994E-05 9.994E-05 9.994E-05 0.9993 9.994E-05 9.994E-05 9.994E-05 9.994E-05
0.0246775 0.0261281 0.000292053 0.0244479 0.00801749 0.0182899 0.864159 0.0339879
0.9993 9.994E-05 9.994E-05 9.994E-05 9.994E-05 9.994E-05 9.994E-05 9.994E-05
0.9993 9.994E-05 9.994E-05 9.994E-05 9.994E-05 9.994E-05 9.994E-05 9.994E-05
9.994E-05 9.994E-05 9.994E-05 9.994E-05 9.994E-05 9.994E-05 9.994E-05 0.9993
0.0311538 0.0544261 0.0323754 0.0374822 0.0302207 0.0174169 0.212311 0.584614
0.00325193 0.0201163 0.0263486 0.0332628 0.00144675 0.843367 0.0643717 0.00783524
9.994E-05 9.994E-05 0.9993 9.994E-05 9.994E-05 9.994E-05 9.994E-05 9.994E-05
9.994E-05 0.9993 9.994E-05 9.994E-05 9.994E-05 9.994E-05 9.994E-05 9.994E-05
0.0288644 0.0242529 0.750821 0.027872 0.0260496 0.0246184 0.0822728 0.0352489
0.021623 0.630949 0.0156883 9.9991E-05 0.0373943 0.00610884 0.279382 0.00875478
0.0623143 0.0416271 0.0354035 0.0917123 0.0142328 0.0239652 0.708961 0.021784
9.994E-05 9.994E-05 9.994E-05 9.994E-05 0.9993 9.994E-05 9.994E-05 9.994E-05
0.0452205 0.0580228 0.0578119 0.0805406 0.0699749 0.0509828 0.552388 0.0850586
0.0481294 0.0479568 0.0315789 0.100062 0.0532528 0.0354303 0.653379 0.0302115
0.0279944 0.0223327 0.0273194 0.023041 0.0234092 0.0301505 0.819189 0.0265639
0.032557 0.0193238 0.0303399 0.0332558 0.0216871 0.0254808 0.834808 0.00254756
0.0349528 0.090307 0.0258872 0.0333523 0.0519288 0.0452204 0.638856 0.0794951
0.0542304 0.0559907 0.0596858 0.0525738 0.050992 0.0672004 0.605612 0.0537151
0.0152052 0.0043965 9.9991E-05 0.833351 0.0139654 0.0129787 0.092802 0.0272009
0.00296037 0.00417171 0.0142799 0.0110195 0.0149443 9.9991E-05 0.941969 0.0105551
0.00878899 0.0049965 0.00974245 0.949673 0.0074714 9.9991E-05 0.0161807 0.00304685
9.994E-05 9.994E-05 9.994E-05 9.994E-05 9.994E-05 9.994E-05 0.9993 9.994E-05
0.951902 0.00383027 0.00300707 0.00489979 0.015667 9.9991E-05 0.00267954 0.0179141
0.9993 9.994E-05 9.994E-05 9.994E-05 9.994E-05 9.994E-05 9.994E-05 9.994E-05
9.994E-05 9.994E-05 9.994E-05 9.994E-05 9.994E-05 9.994E-05 9.994E-05 0.9993
0.00282597 9.9982E-05 0.00920999 0.00601718 0.0165755 9.9982E-05 0.0503028 0.914869
9.994E-05 9.994E-05 9.994E-05 9.994E-05 9.994E-05 0.9993 9.994E-05 9.994E-05
9.994E-05 9.994E-05 0.9993 9.994E-05 9.994E-05 9.994E-05 9.994E-05 9.994E-05
9.994E-05 0.9993 9.994E-05 9.994E-05 9.994E-05 9.994E-05 9.994E-05 9.994E-05
9.994E-05 9.994E-05 0.9993 9.994E-05 9.994E-05 9.994E-05 9.994E-05 9.994E-05
0.0205449 0.629423 0.0182602 9.9991E-05 0.0322558 0.00050815 0.286122 0.0127857
0.0576145 0.0217069 0.0838267 0.044013 0.0480273 0.0403597 0.66138 0.043072
0.000562733 9.9964E-05 0.00415946 9.9964E-05 0.98134 9.9964E-05 0.0135376 9.9964E-05
0.0406106 0.0625994 0.0559855 0.0893311 0.0807071 0.0545787 0.541647 0.0745401
0.0515503 0.0717226 0.0604041 0.0987919 0.0285345 0.045217 0.590237 0.053543
0.0320482 0.0180151 0.0142709 0.0166235 0.014826 0.0314232 0.858174 0.0146191
0.0177393 0.0124396 0.0435069 0.0445489 0.00206616 0.00840511 0.84293 0.028364
9.9982E-05 0.0426028 9.9982E-05 0.00966282 0.0469748 0.0279695 0.824955 0.0476349
0.064451 0.0501082 0.0662103 0.0476565 0.051216 0.0575983 0.603499 0.0592613
0.0185131 0.018966 0.00417613 0.812954 0.0217289 0.0255806 0.08244 0.015641
9.9946E-05 9.9946E-05 9.9946E-05 9.9946E-05 9.9946E-05 9.9946E-05 0.98408 0.0153204
9.994E-05 9.994E-05 9.994E-05 0.9993 9.994E-05 9.994E-05 9.994E-05 9.994E-05
9.994E-05 9.994E-05 9.994E-05 9.994E-05 9.994E-05 9.994E-05 0.9993 9.994E-05
0.965064 0.00436687 0.000853004 0.0174552 0.00749351 9.9982E-05 9.9982E-05 0.00456736
0.991738 9.9946E-05 9.9946E-05 9.9946E-05 9.9946E-05 0.00766216 9.9946E-05 9.9946E-05
9.994E-05 9.994E-05 9.994E-05 9.994E-05 9.994E-05 9.994E-05 9.994E-05 0.9993
9.994E-05 9.994E-05 9.994E-05 9.994E-05 9.994E-05 9.994E-05 9.994E-05 0.9993
0.00187423 0.0143844 0.000893968 9.9991E-05 0.00766874 0.965377 0.000132564 0.00956934
9.9964E-05 0.00886583 0.974471 9.9964E-05 9.9964E-05 0.0110185 9.9964E-05 0.00524522
0.0495323 0.395344 0.0383828 0.0535594 0.0177626 0.054244 0.357837 0.0333384
0.00369912 9.9982E-05 0.960461 9.9982E-05 0.00430758 0.00631323 0.0235386 0.00148079
0.00268187 9.9973E-05 0.005567 9.9973E-05 0.989634 0.000749378 9.9973E-05 0.0010674
0.0632647 0.067863 0.0267895 0.132779 0.0423378 0.0222728 0.601362 0.0433312
0.044978 0.0641757 0.0636557 0.0891356 0.0775448 0.0453205 0.536105 0.0790851
0.0671791 0.0916115 0.0702012 0.0728202 0.0458959 0.0636757 0.549218 0.0393982
0.0325473 0.029827 0.0242405 0.0112956 0.00989844 0.030171 0.839821 0.0221992
0.0292128 0.051319 0.0492317 0.0399582 0.027037 0.0390298 0.755756 0.00845585
9.9982E-05 0.0346323 9.9982E-05 0.0431683 0.0547071 0.0150374 0.818474 0.0337806
9.9982E-05 0.0479534 9.9982E-05 0.0147987 0.0496003 0.0284937 0.808088 0.0508661
0.0243266 0.0481549 0.0815181 0.0335457 0.0359162 0.0528103 0.67169 0.0520382
0.0256648 0.00580396 9.9991E-05 0.848941 0.00183861 0.0192733 0.0753365 0.0230422
9.994E-05 9.994E-05 9.994E-05 9.994E-05 9.994E-05 9.994E-05 0.9993 9.994E-05
9.994E-05 9.994E-05 9.994E-05 0.9993 9.994E-05 9.994E-05 9.994E-05 9.994E-05
9.9955E-05 9.9955E-05 0.00791762 9.9955E-05 9.9955E-05 0.0122453 0.979337 9.9955E-05
0.996836 0.00189561 9.9955E-05 9.9955E-05 9.9955E-05 9.9955E-05 9.9955E-05 0.000768977
0.00576309 9.9964E-05 9.9964E-05 9.9964E-05 0.0157208 9.9964E-05 0.0242087 0.953908
9.994E-05 9.994E-05 9.994E-05 9.994E-05 9.994E-05 0.9993 9.994E-05 9.994E-05
0.0482645 0.0388503 0.0368929 0.0178337 0.0211461 0.482123 0.287406 0.0674833
0.0673565 0.300211 0.0273012 0.0486501 0.0415301 0.0332176 0.417055 0.0646787
9.994E-05 9.994E-05 0.9993 9.994E-05 9.994E-05 9.994E-05 9.994E-05 9.994E-05
9.994E-05 0.9993 9.994E-05 9.994E-05 9.994E-05 9.994E-05 9.994E-05 9.994E-05
0.020994 0.0180088 0.865438 0.0297509 0.0142171 0.0116895 0.012179 0.0277226
9.994E-05 9.994E-05 9.994E-05 9.994E-05 0.9993 9.994E-05 9.994E-05 9.994E-05
0.0510839 0.0645974 0.0366098 0.114602 0.0305554 0.0463708 0.603044 0.053136
0.0456897 0.085878 0.0574261 0.0898809 0.0731513 0.0484273 0.509247 0.0902996
0.0548742 0.0729501 0.0431639 0.0904735 0.0489395 0.0475042 0.60337 0.0387243
0.0147724 0.0514166 0.0223768 0.0400355 0.00846813 0.0329653 0.826907 0.00305823
0.0363203 0.0221672 0.037677 0.0150231 0.019087 0.00259464 0.866162 0.000969103
9.9982E-05 0.0402192 9.9982E-05 0.0122913 0.0567531 0.0232614 0.821281 0.0459945
0.0303229 0.0639938 0.0273555 0.0320604 0.0522053 0.0430755 0.681648 0.0693382
0.033883 0.0427409 0.0704704 0.0368283 0.04257 0.051313 0.681379 0.040815
0.0314813 0.022426 0.00982181 0.793964 0.0178971 0.0200376 0.0683156 0.036057
9.9946E-05 9.9946E-05 9.9946E-05 9.9946E-05 9.9946E-05 9.9946E-05 0.99309 0.00631039
9.994E-05 9.994E-05 9.994E-05 0.9993 9.994E-05 9.994E-05 9.994E-05 9.994E-05
0.9993 9.994E-05 9.994E-05 9.994E-05 9.994E-05 9.994E-05 9.994E-05 9.994E-05
