9.994E-05 9.994E-05 9.994E-05 9.994E-05 9.994E-05 0.9993 9.994E-05 9.994E-05
0.0157341 0.0278192 0.938114 9.9973E-05 9.9973E-05 0.0094653 0.00856783 9.9973E-05
0.000204157 0.042534 0.941013 0.00185278 9.9982E-05 0.0104634 0.00373305 9.9982E-05
9.994E-05 9.994E-05 9.994E-05 9.994E-05 9.994E-05 9.994E-05 9.994E-05 0.9993
9.994E-05 9.994E-05 9.994E-05 9.994E-05 9.994E-05 9.994E-05 9.994E-05 0.9993
0.048091 0.29969 0.0578166 0.0287796 0.408553 0.0579661 0.0520676 0.0470356
9.994E-05 9.994E-05 9.994E-05 9.994E-05 9.994E-05 9.994E-05 0.9993 9.994E-05
9.994E-05 9.994E-05 9.994E-05 9.994E-05 0.9993 9.994E-05 9.994E-05 9.994E-05
0.0145835 0.666479 0.0309019 0.0903467 0.0574435 0.0642827 0.0519947 0.0239681
0.977139 9.9955E-05 0.0175606 9.9955E-05 9.9955E-05 0.00480047 9.9955E-05 9.9955E-05
0.0398568 0.558019 0.0574588 0.081778 0.0778782 0.0579628 0.054449 0.0725974
0.0694023 0.499462 0.0999205 0.0833887 0.0790362 0.0551815 0.0698314 0.0437775
9.9964E-05 0.949813 9.9964E-05 9.9964E-05 0.0132583 0.00975808 0.0267711 9.9964E-05
9.994E-05 0.9993 9.994E-05 9.994E-05 9.994E-05 9.994E-05 9.994E-05 9.994E-05
0.0434134 0.358848 0.0195714 0.00510215 0.014076 0.0197398 0.535139 0.00410977
0.0518539 0.806654 0.0455743 0.0267656 0.0487501 9.9982E-05 9.9982E-05 0.020202
0.0548404 0.761269 0.0705306 0.0165372 0.0611055 9.9991E-05 0.00525972 0.0303571
0.0332653 0.588832 0.0758814 0.0432552 0.0669543 0.0570582 0.0745427 0.0602112
0.0297212 0.0970566 0.0336037 0.792469 0.002287 0.0224501 0.000237495 0.0221745
0.0255988 0.77607 0.0418447 0.0561247 0.0262407 0.0259728 0.0245703 0.023578
9.9946E-05 9.9946E-05 0.0170762 0.982324 9.9946E-05 9.9946E-05 9.9946E-05 9.9946E-05
9.9964E-05 0.978324 9.9964E-05 0.00755553 0.00229967 9.9964E-05 9.9964E-05 0.0114212
9.9973E-05 0.0447466 0.0122731 9.9973E-05 9.9973E-05 0.915153 0.0173672 0.0101601
9.994E-05 9.994E-05 0.9993 9.994E-05 9.994E-05 9.994E-05 9.994E-05 9.994E-05
0.0159442 0.0427142 0.913939 9.9973E-05 9.9973E-05 0.0114872 0.0156158 9.9973E-05
9.994E-05 9.994E-05 9.994E-05 9.994E-05 9.994E-05 9.994E-05 9.994E-05 0.9993
9.9946E-05 9.9946E-05 0.00243722 9.9946E-05 9.9946E-05 9.9946E-05 0.996963 9.9946E-05
9.994E-05 9.994E-05 9.994E-05 9.994E-05 0.9993 9.994E-05 9.994E-05 9.994E-05
0.00807003 0.0237311 0.00973697 0.000469875 0.0105829 0.0105995 0.932741 0.00406834
9.994E-05 9.994E-05 9.994E-05 9.994E-05 0.9993 9.994E-05 9.994E-05 9.994E-05
9.999E-05 0.758055 0.00925508 0.0974266 0.0530517 0.0321545 0.0278687 0.0220881
0.9993 9.994E-05 9.994E-05 9.994E-05 9.994E-05 9.994E-05 9.994E-05 9.994E-05
0.0519072 0.418238 0.0883211 0.0925766 0.0883469 0.0903019 0.108568 0.0617405
9.9973E-05 0.941233 9.9973E-05 9.9973E-05 0.0163631 0.00789889 0.0309536 0.00325129
9.9946E-05 0.98481 9.9946E-05 9.9946E-05 9.9946E-05 9.9946E-05 0.0145908 9.9946E-05
0.0483382 0.66957 0.0608578 0.0524444 0.032161 0.0580772 0.0535669 0.0249847
0.0584834 0.811274 0.0355716 0.0248324 0.0420579 9.9982E-05 9.9982E-05 0.0275803
0.0469054 0.63953 0.0453864 0.0651532 0.0825946 0.0249486 0.0466786 0.0488035
0.0133832 0.939286 0.0160674 0.0124821 0.00699896 0.00557545 9.9991E-05 0.00610683
9.994E-05 9.994E-05 9.994E-05 0.9993 9.994E-05 9.994E-05 9.994E-05 9.994E-05
0.0237836 0.785737 0.0376372 0.0362372 0.036666 0.0405228 0.00842943 0.0309867
9.994E-05 9.994E-05 9.994E-05 9.994E-05 9.994E-05 0.9993 9.994E-05 9.994E-05
9.9973E-05 0.0371994 9.9973E-05 0.00129802 9.9973E-05 0.94425 0.00639601 0.0105563
9.994E-05 9.994E-05 0.9993 9.994E-05 9.994E-05 9.994E-05 9.994E-05 9.994E-05
0.0226535 0.0680332 0.867116 9.9982E-05 0.0116989 0.0161212 0.0141772 9.9982E-05
9.994E-05 9.994E-05 9.994E-05 9.994E-05 9.994E-05 9.994E-05 9.994E-05 0.9993
9.994E-05 9.994E-05 9.994E-05 9.994E-05 9.994E-05 9.994E-05 0.9993 9.994E-05
0.0339138 0.302421 0.0078355 9.9991E-05 0.6014 0.0203694 0.0227008 0.0112599
9.994E-05 9.994E-05 9.994E-05 9.994E-05 9.994E-05 9.994E-05 0.9993 9.994E-05
0.026245 0.281308 0.0186161 9.9991E-05 0.609527 0.0298246 0.0162829 0.0180955
0.0155366 0.690798 0.0175603 0.0749262 0.0655461 0.0651548 0.0442585 0.0262196
0.981893 9.9964E-05 9.9964E-05 9.9964E-05 0.0108743 0.00592564 0.000907163 9.9964E-05
0.0449528 0.605013 0.04023 0.112932 0.0478664 0.0515042 0.0458368 0.0516647
9.9973E-05 0.921057 9.9973E-05 9.9973E-05 0.028275 0.0147627 0.0222499 0.0133553
9.9982E-05 0.956461 0.00145908 0.0206725 0.0105015 0.00283699 0.0078694 9.9982E-05
0.0597546 0.600051 0.0625637 0.0414239 0.0565878 0.0631254 0.0672456 0.049248
0.0439811 0.820305 0.0430008 0.0287588 0.045556 9.9982E-05 9.9982E-05 0.0181985
0.0499252 0.316777 0.0658067 0.395573 0.0484146 0.0381192 0.0436064 0.0417785
0.0282517 0.86159 0.0342985 0.0182149 0.0163142 0.0149924 0.0224191 0.00391921
9.994E-05 9.994E-05 9.994E-05 0.9993 9.994E-05 9.994E-05 9.994E-05 9.994E-05
9.9946E-05 0.994525 0.00487564 9.9946E-05 9.9946E-05 9.9946E-05 9.9946E-05 9.9946E-05
9.9964E-05 9.9964E-05 0.00438304 0.00733523 0.00825543 0.979626 9.9964E-05 9.9964E-05
9.9973E-05 0.0244467 0.00156231 9.9973E-05 9.9973E-05 0.952006 0.00867246 0.0130121
9.994E-05 9.994E-05 0.9993 9.994E-05 9.994E-05 9.994E-05 9.994E-05 9.994E-05
0.0319949 0.225664 0.566971 0.0349929 0.0569722 0.0245645 0.0279388 0.0309023
0.0108679 9.9982E-05 0.000975363 0.0036741 0.0109705 0.0163397 9.9982E-05 0.956972
0.00428515 9.9982E-05 0.00416568 0.00367271 0.00631199 9.9982E-05 0.975643 0.00572133
9.9973E-05 9.9973E-05 0.00337667 0.0136745 0.977309 0.00428155 9.9973E-05 0.00105839
0.00969202 0.0558559 0.0210685 0.0116229 0.0229632 0.0193996 0.859235 0.000162452
0.0276244 0.288685 0.00819159 0.00232466 0.630071 0.0177877 0.0165751 0.0087405
0.0241057 0.638409 0.0295838 0.0906367 0.0625391 0.0703769 0.0397549 0.044594
0.9993 9.994E-05 9.994E-05 9.994E-05 9.994E-05 9.994E-05 9.994E-05 9.994E-05
0.0542538 0.606246 0.0405897 0.106249 0.0536059 0.0526719 0.0408752 0.0455083
0.0138637 0.780502 0.0207354 0.037548 0.0358275 0.0444851 0.0445355 0.022503
9.9955E-05 0.990707 9.9955E-05 0.0084063 9.9955E-05 9.9955E-05 0.000387309 9.9955E-05
0.0580606 0.760852 0.067709 0.0131941 0.059951 0.00273446 0.00845082 0.0290483
0.0600788 0.605374 0.0683489 0.040046 0.0479017 0.0605722 0.0629508 0.0547278
0.0516899 0.313681 0.0825425 0.344868 0.0488579 0.0538333 0.0587941 0.0457341
0.0182704 0.908325 0.0220696 0.0228772 0.00866076 0.00324188 0.00923453 0.0073206
9.994E-05 9.994E-05 9.994E-05 0.9993 9.994E-05 9.994E-05 9.994E-05 9.994E-05
0.0022877 0.874399 0.0327836 0.0233985 0.0284329 0.0187709 9.9991E-05 0.0198277
9.9946E-05 9.9946E-05 9.9946E-05 9.9946E-05 0.00233405 0.997066 9.9946E-05 9.9946E-05
9.994E-05 9.994E-05 9.994E-05 9.994E-05 9.994E-05 0.9993 9.994E-05 9.994E-05
9.994E-05 9.994E-05 0.9993 9.994E-05 9.994E-05 9.994E-05 9.994E-05 9.994E-05
0.0367023 0.229293 0.567052 0.0335899 0.0507406 0.0235399 0.0281279 0.0309546
0.0153739 0.0515547 0.00863518 0.0189835 0.0229386 0.0158518 0.023568 0.843094
9.994E-05 9.994E-05 9.994E-05 9.994E-05 9.994E-05 9.994E-05 0.9993 9.994E-05
9.994E-05 9.994E-05 9.994E-05 9.994E-05 0.9993 9.994E-05 9.994E-05 9.994E-05
0.0226094 0.119883 0.033825 0.0082947 0.0139194 0.0298544 0.743482 0.0281315
0.0253408 0.289478 0.0103156 9.9991E-05 0.640555 0.0190114 0.0101551 0.00504349
0.0135476 0.708606 0.01362 0.0955417 0.0549961 0.0498385 0.0357523 0.0280977
0.9993 9.994E-05 9.994E-05 9.994E-05 9.994E-05 9.994E-05 9.994E-05 9.994E-05
0.0678772 0.552432 0.0788054 0.086178 0.0696941 0.0435628 0.0523965 0.0490539
0.0604901 0.662232 0.0181624 0.101722 0.0464137 0.0453695 0.0311608 0.0344492
0.019928 0.816679 0.0315423 0.0157802 0.0172483 0.0331786 0.0296484 0.0359955
0.0270422 0.829456 0.0124488 0.0330575 0.0174622 0.0312826 0.0256942 0.0235562
0.0551526 0.635224 0.0763498 0.0383066 0.0881109 0.0309157 0.0305479 0.045392
0.0644942 0.609331 0.0520623 0.0388353 0.0506171 0.0618238 0.0567852 0.0660508
0.0195271 0.0759531 0.0353532 0.825005 0.00194624 0.0137708 0.0059332 0.0225117
0.0123235 0.936064 0.0161972 0.0103671 9.9982E-05 0.0128877 0.0119605 9.9982E-05
9.9982E-05 0.0307429 0.00750165 0.935229 0.00528356 0.00133343 0.019709 9.9982E-05
9.9946E-05 0.994094 9.9946E-05 9.9946E-05 9.9946E-05 9.9946E-05 9.9946E-05 0.00530648
0.00557123 9.9982E-05 0.015988 0.00637219 0.0199234 0.951535 9.9982E-05 0.000409992
9.994E-05 9.994E-05 9.994E-05 9.994E-05 9.994E-05 0.9993 9.994E-05 9.994E-05
9.994E-05 9.994E-05 0.9993 9.994E-05 9.994E-05 9.994E-05 9.994E-05 9.994E-05
0.00188833 0.064921 0.913456 0.00198853 9.9991E-05 0.00776087 0.00835655 0.00152836
9.9946E-05 9.9946E-05 9.9946E-05 0.000553519 9.9946E-05 9.9946E-05 9.9946E-05 0.998847
9.994E-05 9.994E-05 9.994E-05 9.994E-05 9.994E-05 9.994E-05 0.9993 9.994E-05
9.994E-05 9.994E-05 9.994E-05 9.994E-05 0.9993 9.994E-05 9.994E-05 9.994E-05
9.994E-05 9.994E-05 9.994E-05 9.994E-05 9.994E-05 9.994E-05 0.9993 9.994E-05
0.0383872 0.281427 0.00184549 9.9991E-05 0.637205 0.0166612 0.0139145 0.0104592
0.0580959 0.641178 0.0468679 0.0398176 0.0336492 0.0644545 0.0810098 0.0349272
0.983221 0.00685811 9.9964E-05 9.9964E-05 0.00512779 9.9964E-05 0.00439351 9.9964E-05
0.0762167 0.52606 0.0851151 0.092102 0.0705577 0.0360948 0.0606668 0.0531869
0.0371072 0.623356 0.047619 0.0908999 0.0644162 0.0451983 0.0471553 0.0442481
0.018293 0.839626 0.0266157 0.00125653 0.0258003 0.0366901 0.0153833 0.0363351
0.00548783 0.857262 0.018351 0.0414712 0.0116192 0.0221254 0.0286254 0.0150578
0.0549458 0.801615 0.051478 0.00628008 0.0532504 9.9982E-05 9.9982E-05 0.0322305
0.0511417 0.581733 0.0860325 0.0502439 0.0494622 0.0581644 0.084904 0.0383179
0.0284994 0.0735293 0.0283169 0.816256 0.0143762 0.0200776 0.0022694 0.0166756
9.9946E-05 0.99398 0.00542082 9.9946E-05 9.9946E-05 9.9946E-05 9.9946E-05 9.9946E-05
9.994E-05 9.994E-05 9.994E-05 0.9993 9.994E-05 9.994E-05 9.994E-05 9.994E-05
9.9946E-05 0.992324 9.9946E-05 9.9946E-05 9.9946E-05 9.9946E-05 9.9946E-05 0.00707622
0.00708848 9.9973E-05 0.00502437 0.0149693 0.00989625 0.962722 9.9973E-05 9.9973E-05
9.9946E-05 9.9946E-05 9.9946E-05 9.9946E-05 9.9946E-05 0.994469 9.9946E-05 0.00493172
9.994E-05 9.994E-05 0.9993 9.994E-05 9.994E-05 9.994E-05 9.994E-05 9.994E-05
9.994E-05 9.994E-05 0.9993 9.994E-05 9.994E-05 9.994E-05 9.994E-05 9.994E-05
0.000909557 0.000992438 0.00895844 9.9973E-05 9.9973E-05 9.9973E-05 0.0036402 0.985199
9.9973E-05 0.00559551 0.00878309 9.9973E-05 0.00849974 9.9973E-05 0.972407 0.00441508
0.019487 0.321199 0.0478293 0.0507714 0.395025 0.0589375 0.0517802 0.0549711
0.000310864 0.00455724 0.0189037 0.00454627 0.00295417 9.9991E-05 0.957351 0.0112765
0.987508 0.00615152 9.9973E-05 9.9973E-05 9.9973E-05 0.00361035 0.00196044 0.000469877
0.0445214 0.599215 0.0452773 0.131761 0.0555747 0.060089 0.0332669 0.0302949
0.0780561 0.553968 0.0851355 0.0874299 0.0466425 0.0359905 0.0594447 0.0533331
0.0384867 0.574277 0.0304234 0.0785013 0.0765097 0.0658093 0.0695785 0.0664141
0.0166949 0.835584 0.0182661 9.9991E-05 0.0369487 0.0286527 0.0326557 0.0310975
0.0301814 0.768156 0.0114076 0.0348674 0.0425427 0.0300921 0.0535435 0.0292091
0.0501393 0.808633 0.0470948 0.0293331 0.0400047 9.9982E-05 9.9982E-05 0.0245951
0.0556344 0.784424 0.0537336 0.0157228 0.0612755 9.9991E-05 0.00218527 0.026924
0.0326636 0.648244 0.0493022 0.0348905 0.0598767 0.0330228 0.0810845 0.0609158
0.0182143 0.0656973 0.0292353 0.843471 0.00503911 0.0147707 0.000958215 0.0226141
9.994E-05 0.9993 9.994E-05 9.994E-05 9.994E-05 9.994E-05 9.994E-05 9.994E-05
9.994E-05 9.994E-05 9.994E-05 0.9993 9.994E-05 9.994E-05 9.994E-05 9.994E-05
9.9946E-05 0.99085 9.9946E-05 9.9946E-05 9.9946E-05 9.9946E-05 9.9946E-05 0.00855013
9.9946E-05 9.9946E-05 9.9946E-05 0.00589434 9.9946E-05 0.993506 9.9946E-05 9.9946E-05
0.00241374 0.0374225 0.952867 9.9964E-05 9.9964E-05 0.00689722 9.9964E-05 9.9964E-05
9.994E-05 9.994E-05 9.994E-05 9.994E-05 9.994E-05 9.994E-05 9.994E-05 0.9993
0.0170624 0.286988 0.0667574 0.0146534 0.0453173 0.0431798 0.0427973 0.483244
0.0415564 0.390561 0.067574 0.0536656 0.305163 0.0655149 0.040119 0.035847
9.994E-05 9.994E-05 9.994E-05 9.994E-05 9.994E-05 9.994E-05 0.9993 9.994E-05
9.994E-05 9.994E-05 9.994E-05 9.994E-05 0.9993 9.994E-05 9.994E-05 9.994E-05
0.0159005 0.039494 0.0230431 0.0186562 0.0251994 0.0172908 0.850449 0.00996743
0.9993 9.994E-05 9.994E-05 9.994E-05 9.994E-05 9.994E-05 9.994E-05 9.994E-05
0.0436218 0.60409 0.0540054 0.116161 0.0463364 0.0486686 0.0412449 0.0458723
0.0596026 0.508736 0.105515 0.089562 0.0722164 0.0566913 0.0656877 0.0419898
0.0447284 0.587236 0.0482242 0.0977415 0.0727176 0.0517323 0.0479697 0.0496504
0.0178009 0.80961 0.00134446 0.0395697 0.0450137 0.00915324 0.0294591 0.0480494
0.0246942 0.887058 9.9982E-05 0.00602416 0.0324909 0.0215795 0.0279538 9.9982E-05
0.0537221 0.803636 0.0581748 0.0114199 0.0488603 9.9991E-05 0.00240039 0.0216862
0.0540707 0.673141 0.0773561 0.0374893 0.074629 0.0225123 0.0211691 0.0396329
0.044679 0.647342 0.0403381 0.0396389 0.0522903 0.0291145 0.0835201 0.063077
0.0374926 0.102848 0.0190253 0.794344 0.00438622 0.0165207 0.0117793 0.0136045
9.9955E-05 0.987142 0.00557767 9.9955E-05 9.9955E-05 0.00678048 9.9955E-05 9.9955E-05
9.994E-05 9.994E-05 9.994E-05 0.9993 9.994E-05 9.994E-05 9.994E-05 9.994E-05
9.994E-05 9.994E-05 9.994E-05 9.994E-05 9.994E-05 0.9993 9.994E-05 9.994E-05
