9.98921E-05 9.98921E-05 9.98921E-05 0.998801 9.98921E-05 9.98921E-05 9.98921E-05 9.98921E-05 9.98921E-05 9.98921E-05 9.98921E-05 9.98921E-05 9.98921E-05
0.0165978 0.93942 9.9937E-05 9.9937E-05 0.000887793 9.9937E-05 9.9937E-05 9.9937E-05 0.0096383 0.012913 9.9937E-05 9.9937E-05 0.0198435
0.00846311 0.937793 9.9946E-05 9.9946E-05 0.016301 9.9946E-05 9.9946E-05 9.9946E-05 0.0152022 0.0108061 9.9946E-05 0.00458449 0.0062509
9.9892E-05 9.9892E-05 9.9892E-05 9.9892E-05 9.9892E-05 9.9892E-05 9.9892E-05 9.9892E-05 9.9892E-05 9.9892E-05 9.9892E-05 0.998801 9.9892E-05
9.9892E-05 9.9892E-05 9.9892E-05 9.9892E-05 9.9892E-05 9.9892E-05 9.9892E-05 9.9892E-05 9.9892E-05 9.9892E-05 9.9892E-05 0.998801 9.9892E-05
0.0335557 0.0611472 0.306668 0.061767 0.0915434 0.0797818 0.118134 0.0180849 0.0446512 0.0553381 0.0587893 0.0278814 0.0426577
9.9892E-05 9.9892E-05 9.9892E-05 9.9892E-05 9.9892E-05 9.9892E-05 9.9892E-05 9.9892E-05 9.9892E-05 0.998801 9.9892E-05 9.9892E-05 9.9892E-05
9.9892E-05 9.9892E-05 0.998801 9.9892E-05 9.9892E-05 9.9892E-05 9.9892E-05 9.9892E-05 9.9892E-05 9.9892E-05 9.9892E-05 9.9892E-05 9.9892E-05
9.98919E-05 9.98919E-05 9.98919E-05 9.98919E-05 9.98919E-05 9.98919E-05 0.998801 9.98919E-05 9.98919E-05 9.98919E-05 9.98919E-05 9.98919E-05 9.98919E-05
9.9928E-05 0.00932554 9.9928E-05 9.9928E-05 9.9928E-05 0.00402819 9.9928E-05 0.00271453 9.9928E-05 9.9928E-05 0.0030423 9.9928E-05 0.98009
0.0181247 0.0600926 0.032594 0.0451931 0.0662703 0.0291381 0.456547 0.0488051 0.041469 0.0329046 0.075283 0.0542537 0.0393246
0.0593741 0.0843893 0.0402219 0.0369587 0.130793 0.0478559 0.249599 0.0746547 0.0744194 0.0542934 0.0735755 0.0286462 0.0452187
0.00484789 9.9955E-05 0.00849472 0.00437425 0.0141247 0.00168414 9.9955E-05 9.9955E-05 9.9955E-05 0.00987461 0.951136 0.00496367 9.9955E-05
9.98919E-05 9.98919E-05 9.98919E-05 9.98919E-05 9.98919E-05 9.98919E-05 9.98919E-05 9.98919E-05 9.98919E-05 9.98919E-05 0.998801 9.98919E-05 9.98919E-05
0.021335 0.00481424 9.99641E-05 9.99641E-05 0.00327936 0.0135363 0.403493 9.99641E-05 0.0340307 0.494476 0.0112033 9.99641E-05 0.0134319
0.998801 9.9892E-05 9.9892E-05 9.9892E-05 9.9892E-05 9.9892E-05 9.9892E-05 9.9892E-05 9.9892E-05 9.9892E-05 9.9892E-05 9.9892E-05 9.9892E-05
9.98919E-05 9.98919E-05 9.98919E-05 9.98919E-05 9.98919E-05 9.98919E-05 9.98919E-05 9.98919E-05 0.998801 9.98919E-05 9.98919E-05 9.98919E-05 9.98919E-05
0.0243355 0.0500998 0.0173318 0.0273785 0.114336 0.04056 0.483374 0.0144712 0.0468734 0.0567473 0.0685802 0.0420665 0.0138461
0.0114319 0.0337223 0.010815 0.0283131 0.0263183 9.9991E-05 0.0427168 0.781849 0.0204118 0.00514246 0.0163103 0.00296931 0.0199
0.029485 0.0332203 0.00974034 0.0330117 0.706039 0.0105033 0.0178117 0.0477399 0.0122771 0.0385915 0.0113107 0.0316325 0.018637
9.9928E-05 0.00759745 0.00484794 9.9928E-05 0.00605834 9.9928E-05 9.9928E-05 0.980495 0.000202117 9.9928E-05 9.9928E-05 9.9928E-05 9.9928E-05
9.99709E-05 9.99709E-05 0.00267277 9.99709E-05 0.947371 0.00473192 0.0120903 9.99709E-05 0.00610428 0.00208064 0.0101202 0.0134951 0.000933468
9.9937E-05 9.9937E-05 0.0020858 0.91484 0.0208055 9.9937E-05 0.0367311 9.9937E-05 9.9937E-05 0.0143934 0.0104447 9.9937E-05 9.9937E-05
9.9892E-05 0.998801 9.9892E-05 9.9892E-05 9.9892E-05 9.9892E-05 9.9892E-05 9.9892E-05 9.9892E-05 9.9892E-05 9.9892E-05 9.9892E-05 9.9892E-05
0.0127037 0.907231 9.9955E-05 0.0104663 0.0174033 9.9955E-05 9.9955E-05 9.9955E-05 0.0176869 0.0157468 0.00136563 9.9955E-05 0.0168966
9.9892E-05 9.9892E-05 9.9892E-05 9.9892E-05 9.9892E-05 9.9892E-05 9.9892E-05 9.9892E-05 9.9892E-05 9.9892E-05 9.9892E-05 0.998801 9.9892E-05
9.991E-05 9.991E-05 0.000591046 0.00406244 9.991E-05 9.991E-05 9.991E-05 9.991E-05 9.991E-05 0.994347 9.991E-05 9.991E-05 9.991E-05
9.9892E-05 9.9892E-05 0.998801 9.9892E-05 9.9892E-05 9.9892E-05 9.9892E-05 9.9892E-05 9.9892E-05 9.9892E-05 9.9892E-05 9.9892E-05 9.9892E-05
9.9973E-05 0.00939984 0.00927236 0.00581388 0.0113751 0.00837417 9.9973E-05 0.00888791 0.0143828 0.924903 9.9973E-05 0.000780893 0.00651025
9.9946E-05 0.000519025 0.972183 9.9946E-05 0.00651139 9.9946E-05 0.00434196 0.00914509 0.00365196 9.9946E-05 9.9946E-05 0.00304771 9.9946E-05
9.98918E-05 9.98918E-05 9.98918E-05 9.98918E-05 9.98918E-05 9.98918E-05 0.998801 9.98918E-05 9.98918E-05 9.98918E-05 9.98918E-05 9.98918E-05 9.98918E-05
9.9892E-05 9.9892E-05 9.9892E-05 9.9892E-05 9.9892E-05 9.9892E-05 9.9892E-05 9.9892E-05 9.9892E-05 9.9892E-05 9.9892E-05 9.9892E-05 0.998801
0.0202988 0.0837753 0.0419496 0.0848354 0.110153 0.0224077 0.246721 0.0597798 0.0348765 0.0709488 0.0971969 0.0571619 0.0698946
9.9937E-05 9.9937E-05 0.00576578 0.005345 0.0019286 0.00551981 9.9937E-05 9.9937E-05 9.9937E-05 0.0135875 0.967154 9.9937E-05 9.9937E-05
9.98919E-05 9.98919E-05 9.98919E-05 9.98919E-05 9.98919E-05 9.98919E-05 9.98919E-05 9.98919E-05 9.98919E-05 9.98919E-05 0.998801 9.98919E-05 9.98919E-05
0.0641057 0.0365072 9.9982E-05 0.0297635 0.0638059 9.9982E-05 0.599174 0.00688418 0.0646983 0.0205106 0.0636467 0.0206704 0.0300332
0.998801 9.9892E-05 9.9892E-05 9.9892E-05 9.9892E-05 9.9892E-05 9.9892E-05 9.9892E-05 9.9892E-05 9.9892E-05 9.9892E-05 9.9892E-05 9.9892E-05
0.0490759 0.00708911 0.0386273 0.0251343 0.0949584 0.0295372 0.118643 0.0452271 0.430028 0.0415194 0.049702 0.0430563 0.0274021
9.9955E-05 0.000653696 0.00967046 0.00190813 0.95533 0.00664777 9.9955E-05 0.00686261 9.9955E-05 0.00447756 9.9955E-05 9.9955E-05 0.0139501
9.98919E-05 9.98919E-05 9.98919E-05 9.98919E-05 9.98919E-05 9.98919E-05 9.98919E-05 0.998801 9.98919E-05 9.98919E-05 9.98919E-05 9.98919E-05 9.98919E-05
0.0163649 0.0212184 0.0101532 0.0373624 0.672037 0.0229772 0.0437248 0.0354424 0.0318273 0.0198441 0.043997 0.0335804 0.0114704
9.9892E-05 9.9892E-05 9.9892E-05 0.998801 9.9892E-05 9.9892E-05 9.9892E-05 9.9892E-05 9.9892E-05 9.9892E-05 9.9892E-05 9.9892E-05 9.9892E-05
9.9937E-05 9.9937E-05 9.9937E-05 0.943413 0.021334 9.9937E-05 0.0214495 9.9937E-05 9.9937E-05 0.00208335 9.9937E-05 0.0086245 0.00239666
9.9892E-05 0.998801 9.9892E-05 9.9892E-05 9.9892E-05 9.9892E-05 9.9892E-05 9.9892E-05 9.9892E-05 9.9892E-05 9.9892E-05 9.9892E-05 9.9892E-05
0.0135162 0.870394 0.0154015 0.0133346 0.0378209 0.00887286 0.000715513 0.0053627 0.00338892 0.00390498 0.00224171 0.00861725 0.016429
9.98921E-05 9.98921E-05 9.98921E-05 9.98921E-05 9.98921E-05 9.98921E-05 9.98921E-05 9.98921E-05 9.98921E-05 9.98921E-05 9.98921E-05 0.998801 9.98921E-05
9.9892E-05 9.9892E-05 9.9892E-05 9.9892E-05 9.9892E-05 9.9892E-05 9.9892E-05 9.9892E-05 9.9892E-05 0.998801 9.9892E-05 9.9892E-05 9.9892E-05
0.00280273 0.000778836 9.9955E-05 9.9955E-05 0.00579216 0.967762 9.9955E-05 0.0124338 0.00346339 0.00329953 9.9955E-05 9.9955E-05 0.00316796
9.9892E-05 9.9892E-05 9.9892E-05 9.9892E-05 9.9892E-05 9.9892E-05 9.9892E-05 9.9892E-05 9.9892E-05 0.998801 9.9892E-05 9.9892E-05 9.9892E-05
9.991E-05 9.991E-05 9.991E-05 0.00361096 9.991E-05 0.992913 9.991E-05 9.991E-05 9.991E-05 9.991E-05 9.991E-05 9.991E-05 0.00247739
9.98919E-05 9.98919E-05 9.98919E-05 9.98919E-05 9.98919E-05 9.98919E-05 0.998801 9.98919E-05 9.98919E-05 9.98919E-05 9.98919E-05 9.98919E-05 9.98919E-05
9.9928E-05 0.00318037 0.00507259 9.9928E-05 9.9928E-05 0.0116774 9.9928E-05 9.9928E-05 9.9928E-05 9.9928E-05 9.9928E-05 0.00461539 0.974655
9.999E-05 0.0185938 0.0164971 0.0189089 0.0885702 0.0177931 0.595045 0.0639376 0.027172 0.0227917 0.0807745 0.0266189 0.0231972
9.99636E-05 0.0101228 9.99636E-05 0.0174741 0.00974509 0.0039008 9.99636E-05 9.99636E-05 9.99636E-05 0.0110357 0.938241 0.00706041 0.00192004
0.00214601 0.00759846 0.00414807 0.00366369 9.99369E-05 0.00482486 9.99369E-05 9.99369E-05 9.99369E-05 9.99369E-05 0.976919 9.99369E-05 9.99369E-05
0.0345232 0.038356 0.00216437 0.0360595 0.0692685 0.0339327 0.592681 0.0137548 0.044562 0.0352921 0.0204196 0.0377044 0.0412821
0.998801 9.9892E-05 9.9892E-05 9.9892E-05 9.9892E-05 9.9892E-05 9.9892E-05 9.9892E-05 9.9892E-05 9.9892E-05 9.9892E-05 9.9892E-05 9.9892E-05
0.00449203 0.0513123 0.0304212 0.028178 0.0522563 0.0242255 0.275719 0.368456 0.02457 0.0323992 0.0487901 0.0315791 0.0276015
0.00294463 0.0362514 0.0061709 0.00576958 0.825771 0.0188064 0.0118476 0.0303492 0.00221888 0.015457 0.00780116 0.0140541 0.0225578
9.9892E-05 9.9892E-05 9.9892E-05 9.9892E-05 9.9892E-05 9.9892E-05 9.9892E-05 0.998801 9.9892E-05 9.9892E-05 9.9892E-05 9.9892E-05 9.9892E-05
9.9892E-05 9.9892E-05 9.9892E-05 9.9892E-05 0.998801 9.9892E-05 9.9892E-05 9.9892E-05 9.9892E-05 9.9892E-05 9.9892E-05 9.9892E-05 9.9892E-05
9.9928E-05 0.00238782 9.9928E-05 0.988475 9.9928E-05 9.9928E-05 9.9928E-05 0.00737619 0.000129399 9.9928E-05 9.9928E-05 9.9928E-05 0.000832342
9.9946E-05 9.9946E-05 9.9946E-05 0.952524 0.00824934 9.9946E-05 0.0215098 9.9946E-05 9.9946E-05 0.00774086 0.000610939 0.00683296 0.00193268
9.9892E-05 0.998801 9.9892E-05 9.9892E-05 9.9892E-05 9.9892E-05 9.9892E-05 9.9892E-05 9.9892E-05 9.9892E-05 9.9892E-05 9.9892E-05 9.9892E-05
0.0365596 0.557515 0.0352806 0.0300775 0.0738738 0.0228823 0.0783682 0.0269565 0.0101024 0.0253763 0.0373282 0.0283217 0.0373576
0.00789041 9.9973E-05 0.0118492 0.00309926 0.00587969 0.00398378 9.9973E-05 0.000362295 0.00568518 0.00379319 0.00133607 0.955821 9.9973E-05
0.00216984 0.000415546 9.9946E-05 0.0154428 9.9946E-05 0.000221537 9.9946E-05 0.00900034 9.9946E-05 0.968938 9.9946E-05 9.9946E-05 0.00321269
9.9946E-05 0.0205019 0.943946 0.00463778 9.9946E-05 9.9946E-05 9.9946E-05 0.0184615 0.00430844 0.00190622 9.9946E-05 9.9946E-05 0.0056386
9.99952E-05 0.0176734 0.0245612 0.0112096 0.0132226 0.00552788 0.0145125 0.0119524 0.0176831 0.847233 0.0106815 0.00859822 0.0170449
9.98919E-05 9.98919E-05 9.98919E-05 9.98919E-05 9.98919E-05 0.998801 9.98919E-05 9.98919E-05 9.98919E-05 9.98919E-05 9.98919E-05 9.98919E-05 9.98919E-05
9.99279E-05 9.99279E-05 0.00644866 0.00464719 9.99279E-05 9.99279E-05 0.971506 0.0135666 9.99279E-05 0.00303204 9.99279E-05 9.99279E-05 9.99279E-05
9.98921E-05 9.98921E-05 9.98921E-05 9.98921E-05 9.98921E-05 9.98921E-05 9.98921E-05 9.98921E-05 9.98921E-05 9.98921E-05 9.98921E-05 9.98921E-05 0.998801
0.00480908 0.0336012 0.0114091 0.0267198 0.0156609 9.9991E-05 0.673622 0.0583516 0.0189677 0.011403 0.0838672 0.0248116 0.0366773
0.0301202 0.0237236 0.0324517 0.0295175 0.0774415 9.9991E-05 0.0931389 0.0222179 0.0298216 0.0427533 0.569092 0.0241321 0.0254894
9.98918E-05 9.98918E-05 9.98918E-05 9.98918E-05 9.98918E-05 9.98918E-05 9.98918E-05 9.98918E-05 9.98918E-05 9.98918E-05 0.998801 9.98918E-05 9.98918E-05
9.9892E-05 9.9892E-05 9.9892E-05 9.9892E-05 9.9892E-05 9.9892E-05 9.9892E-05 9.9892E-05 0.998801 9.9892E-05 9.9892E-05 9.9892E-05 9.9892E-05
0.0311489 0.0435444 0.000613003 0.0225577 0.0718714 0.0237742 0.629345 9.9991E-05 0.0282215 0.0348034 0.023831 0.0410301 0.0491596
0.0110961 0.0559284 0.0403734 0.0541078 0.0725161 0.000911809 0.260828 0.319929 0.0276118 0.0288368 0.0617533 0.0274523 0.0386549
9.9982E-05 0.020415 0.00280068 0.00685371 0.912887 0.00179699 9.9982E-05 0.0150656 0.0128 0.0135426 0.00431048 0.00496698 0.00436157
9.98919E-05 9.98919E-05 9.98919E-05 9.98919E-05 9.98919E-05 9.98919E-05 9.98919E-05 0.998801 9.98919E-05 9.98919E-05 9.98919E-05 9.98919E-05 9.98919E-05
0.025169 0.0232469 0.0172976 0.0155168 0.748584 0.0104952 0.0422813 0.0255596 0.0330026 0.00527206 0.0279904 0.0164973 0.00908794
9.99281E-05 0.00165822 9.99281E-05 0.994543 9.99281E-05 0.000966389 9.99281E-05 0.000134799 0.00189767 9.99281E-05 9.99281E-05 9.99281E-05 9.99281E-05
9.98921E-05 9.98921E-05 9.98921E-05 0.998801 9.98921E-05 9.98921E-05 9.98921E-05 9.98921E-05 9.98921E-05 9.98921E-05 9.98921E-05 9.98921E-05 9.98921E-05
9.98919E-05 0.998801 9.98919E-05 9.98919E-05 9.98919E-05 9.98919E-05 9.98919E-05 9.98919E-05 9.98919E-05 9.98919E-05 9.98919E-05 9.98919E-05 9.98919E-05
0.037095 0.562314 0.0326274 0.0350399 0.0660422 0.0189488 0.0784473 0.033348 0.020013 0.0309512 0.0307841 0.0173716 0.0370173
0.00461342 0.00888572 0.00885787 0.0115155 0.0243034 0.0205861 0.00759536 0.0147757 0.00713792 0.0236029 0.0156814 0.847279 0.0051662
9.9892E-05 9.9892E-05 9.9892E-05 9.9892E-05 9.9892E-05 9.9892E-05 9.9892E-05 9.9892E-05 9.9892E-05 0.998801 9.9892E-05 9.9892E-05 9.9892E-05
9.9892E-05 9.9892E-05 0.998801 9.9892E-05 9.9892E-05 9.9892E-05 9.9892E-05 9.9892E-05 9.9892E-05 9.9892E-05 9.9892E-05 9.9892E-05 9.9892E-05
0.0221911 0.0302833 0.00972071 0.0246433 0.0176044 0.025094 0.0400605 0.0166083 0.00756181 0.743312 0.0237261 0.0212616 0.0179326
9.98919E-05 9.98919E-05 9.98919E-05 9.98919E-05 9.98919E-05 0.998801 9.98919E-05 9.98919E-05 9.98919E-05 9.98919E-05 9.98919E-05 9.98919E-05 9.98919E-05
9.98918E-05 9.98918E-05 9.98918E-05 9.98918E-05 9.98918E-05 9.98918E-05 0.998801 9.98918E-05 9.98918E-05 9.98918E-05 9.98918E-05 9.98918E-05 9.98918E-05
9.9892E-05 9.9892E-05 9.9892E-05 9.9892E-05 9.9892E-05 9.9892E-05 9.9892E-05 9.9892E-05 9.9892E-05 9.9892E-05 9.9892E-05 9.9892E-05 0.998801
0.0642349 0.0752267 0.0110587 0.0327147 0.115771 0.0641635 0.254757 0.0673426 0.0908891 0.053447 0.0769456 0.0386269 0.0548231
9.9964E-05 9.9964E-05 0.00666774 0.00427488 0.00297008 9.9964E-05 0.785154 0.0418635 0.0104023 9.9964E-05 0.0965999 0.0186538 0.0330136
0.0295143 0.044035 9.9991E-05 0.0304661 0.090747 0.0163488 0.151034 0.0206295 0.0269534 0.013911 0.520271 0.0344466 0.0215431
0.00695749 0.0145132 0.00508535 0.0337682 0.0355572 0.0137933 0.0576204 0.0163653 0.0315658 0.0210127 0.717156 0.0167623 0.0298432
0.0402765 0.043873 0.0401708 0.0331212 0.0302392 0.0240844 0.089981 0.0180881 0.540928 0.0304229 0.0453171 0.036469 0.0270287
0.0441386 0.0336186 0.000499342 0.0292818 0.0761669 0.0262208 0.626565 0.00677237 0.0336882 0.0321973 0.00249611 0.0430533 0.0453021
0.00879887 0.0326614 0.0072286 0.012292 0.034489 9.9991E-05 0.040893 0.81488 0.0190201 0.00409972 0.00346392 0.0127622 0.00931118
9.9964E-05 0.00294758 0.000538351 0.00303539 0.945738 0.0188764 9.9964E-05 0.00304372 0.00174315 0.00837789 9.9964E-05 9.9964E-05 0.0152999
0.00341937 9.99824E-05 0.00762432 0.0116014 0.0131796 0.00855682 0.00326452 0.928511 9.99824E-05 0.00882881 0.00564374 0.000862014 0.00830894
9.9901E-05 9.9901E-05 9.9901E-05 9.9901E-05 0.99659 9.9901E-05 9.9901E-05 9.9901E-05 0.00231084 9.9901E-05 9.9901E-05 9.9901E-05 9.9901E-05
0.00832393 0.0119967 0.00248524 0.942965 9.9955E-05 0.00284562 9.9955E-05 0.0161125 0.0139459 9.9955E-05 9.9955E-05 9.9955E-05 0.000824977
9.98921E-05 9.98921E-05 9.98921E-05 0.998801 9.98921E-05 9.98921E-05 9.98921E-05 9.98921E-05 9.98921E-05 9.98921E-05 9.98921E-05 9.98921E-05 9.98921E-05
9.9892E-05 0.998801 9.9892E-05 9.9892E-05 9.9892E-05 9.9892E-05 9.9892E-05 9.9892E-05 9.9892E-05 9.9892E-05 9.9892E-05 9.9892E-05 9.9892E-05
0.00845274 0.90441 0.00608815 0.00958357 0.0140693 9.9973E-05 9.9973E-05 0.0034695 0.0265458 0.0146446 9.9973E-05 0.00159256 0.0108439
9.991E-05 9.991E-05 9.991E-05 0.00218816 0.00197785 9.991E-05 9.991E-05 9.991E-05 9.991E-05 9.991E-05 9.991E-05 0.994835 9.991E-05
9.9892E-05 9.9892E-05 9.9892E-05 9.9892E-05 9.9892E-05 9.9892E-05 9.9892E-05 9.9892E-05 9.9892E-05 0.998801 9.9892E-05 9.9892E-05 9.9892E-05
9.9892E-05 9.9892E-05 0.998801 9.9892E-05 9.9892E-05 9.9892E-05 9.9892E-05 9.9892E-05 9.9892E-05 9.9892E-05 9.9892E-05 9.9892E-05 9.9892E-05
9.98921E-05 9.98921E-05 9.98921E-05 9.98921E-05 9.98921E-05 9.98921E-05 9.98921E-05 9.98921E-05 9.98921E-05 0.998801 9.98921E-05 9.98921E-05 9.98921E-05
9.9892E-05 9.9892E-05 9.9892E-05 9.9892E-05 9.9892E-05 0.998801 9.9892E-05 9.9892E-05 9.9892E-05 9.9892E-05 9.9892E-05 9.9892E-05 9.9892E-05
0.0384499 0.0283945 9.9982E-05 0.0231178 0.0617241 0.0100001 0.63963 9.9982E-05 0.0356742 0.0484394 0.0616173 0.0203993 0.0323533
0.00147661 9.9937E-05 0.00550683 9.9937E-05 9.9937E-05 9.9937E-05 0.0190261 9.9937E-05 9.9937E-05 0.00873716 9.9937E-05 0.000803865 0.96375
0.0471176 0.0788323 0.0153424 0.0344831 0.106583 0.0648134 0.263069 0.0669772 0.107167 0.0503186 0.0637946 0.0418643 0.0596376
0.000533798 0.0322986 0.0141521 0.0184764 0.064959 0.0427716 0.535494 0.0617977 0.0285803 0.0360619 0.0983561 0.0433429 0.0231759
0.0337569 0.0268577 9.9991E-05 0.0347317 0.098966 0.0325113 0.123905 0.00927594 0.0317941 0.0066185 0.554297 0.0341832 0.0130031
0.0162458 0.0232877 0.0100391 0.00849847 0.0324997 0.0150929 0.0932236 0.0310929 0.0356077 0.0229001 0.710375 0.000569921 0.000566828
9.98918E-05 9.98918E-05 9.98918E-05 9.98918E-05 9.98918E-05 9.98918E-05 9.98918E-05 9.98918E-05 0.998801 9.98918E-05 9.98918E-05 9.98918E-05 9.98918E-05
0.0365319 0.0412006 0.013078 0.0321147 0.0772705 0.00674938 0.57119 0.00653374 0.0451724 0.0483876 0.0388617 0.041814 0.0410961
0.000121901 0.0421801 0.00169365 0.0174824 0.0180623 0.00545145 0.0492616 0.808736 0.0240254 0.00542476 9.9991E-05 0.014207 0.0132534
9.9892E-05 9.9892E-05 9.9892E-05 9.9892E-05 0.998801 9.9892E-05 9.9892E-05 9.9892E-05 9.9892E-05 9.9892E-05 9.9892E-05 9.9892E-05 9.9892E-05
9.98919E-05 9.98919E-05 9.98919E-05 9.98919E-05 9.98919E-05 9.98919E-05 9.98919E-05 0.998801 9.98919E-05 9.98919E-05 9.98919E-05 9.98919E-05 9.98919E-05
9.991E-05 9.991E-05 9.991E-05 9.991E-05 0.989099 9.991E-05 9.991E-05 9.991E-05 9.991E-05 9.991E-05 0.00886442 0.00103788 9.991E-05
0.00282095 0.00647553 0.00142391 0.954576 9.9955E-05 9.9955E-05 9.9955E-05 0.0084862 0.0162113 9.9955E-05 0.00137627 9.9955E-05 0.00812999
9.991E-05 9.991E-05 9.991E-05 0.99415 0.00161651 9.991E-05 9.991E-05 9.991E-05 9.991E-05 9.991E-05 9.991E-05 0.00323436 9.991E-05
9.9892E-05 0.998801 9.9892E-05 9.9892E-05 9.9892E-05 9.9892E-05 9.9892E-05 9.9892E-05 9.9892E-05 9.9892E-05 9.9892E-05 9.9892E-05 9.9892E-05
9.9892E-05 0.998801 9.9892E-05 9.9892E-05 9.9892E-05 9.9892E-05 9.9892E-05 9.9892E-05 9.9892E-05 9.9892E-05 9.9892E-05 9.9892E-05 9.9892E-05
0.00194659 0.0136023 0.00436813 9.9955E-05 9.9955E-05 9.9955E-05 9.9955E-05 0.0042811 0.00521798 0.000120167 9.9955E-05 0.968007 0.00195734
9.9946E-05 0.000429871 9.9946E-05 9.9946E-05 0.00108933 0.0068185 0.000128812 9.9946E-05 0.00911012 0.973064 9.9946E-05 9.9946E-05 0.00875923
0.0167743 0.0403056 0.182276 0.0392605 0.0781922 0.317596 0.0846005 0.0438057 0.0340119 0.0378972 0.0612123 0.0448389 0.0192293
0.00479052 0.00446476 0.00282479 9.9964E-05 9.9964E-05 0.00536688 9.9964E-05 9.9964E-05 0.00496984 0.963696 0.00706341 0.00436512 0.0020592
0.00364501 9.99356E-05 9.99356E-05 0.00214835 0.00706833 0.00291959 9.99356E-05 9.99356E-05 9.99356E-05 9.99356E-05 9.99356E-05 9.99356E-05 0.983419
0.00725536 0.0162029 0.0453125 0.0454628 0.0614814 0.00484838 0.532788 0.0805084 0.0224686 0.00485878 0.148895 0.00308975 0.0268271
0.0552038 0.0822672 0.0209442 0.0275544 0.0953474 0.0542946 0.270621 0.0684331 0.0936807 0.0446031 0.0816744 0.0392694 0.0661068
0.0380221 0.0147879 0.0390119 0.0388583 0.0703313 0.0371008 0.479865 0.0375602 0.0306391 0.0433742 0.0992693 0.0452172 0.0259623
0.032732 0.0339785 0.0052794 0.0298267 0.0805775 0.0255387 0.126489 0.00309908 0.0269342 0.0159088 0.568812 0.0341992 0.0166252
0.00277125 0.0060248 0.0378834 0.0332715 0.0565203 0.0226299 0.0613232 0.0400398 0.0514161 0.0347241 0.591387 0.0270405 0.0349677
0.998801 9.98921E-05 9.98921E-05 9.98921E-05 9.98921E-05 9.98921E-05 9.98921E-05 9.98921E-05 9.98921E-05 9.98921E-05 9.98921E-05 9.98921E-05 9.98921E-05
9.98918E-05 9.98918E-05 9.98918E-05 9.98918E-05 9.98918E-05 9.98918E-05 9.98918E-05 9.98918E-05 0.998801 9.98918E-05 9.98918E-05 9.98918E-05 9.98918E-05
0.0552414 0.0215727 0.00684254 0.00109979 0.0484351 0.020365 0.660517 9.9991E-05 0.0457209 0.053083 0.0467662 0.0272812 0.0129747
9.9973E-05 0.0371723 0.00548785 0.00998636 0.0224277 0.00205145 0.0388045 0.845682 0.0166478 9.9973E-05 9.9973E-05 0.0162508 0.00518907
9.98919E-05 9.98919E-05 9.98919E-05 9.98919E-05 0.998801 9.98919E-05 9.98919E-05 9.98919E-05 9.98919E-05 9.98919E-05 9.98919E-05 9.98919E-05 9.98919E-05
9.98919E-05 9.98919E-05 9.98919E-05 9.98919E-05 9.98919E-05 9.98919E-05 9.98919E-05 0.998801 9.98919E-05 9.98919E-05 9.98919E-05 9.98919E-05 9.98919E-05
9.99191E-05 9.99191E-05 0.00243 9.99191E-05 0.983493 9.99191E-05 9.99191E-05 9.99191E-05 9.99191E-05 9.99191E-05 0.00836254 0.00481489 9.99191E-05
0.000103433 9.9919E-05 9.9919E-05 0.995607 9.9919E-05 9.9919E-05 9.9919E-05 0.00226134 0.00112895 9.9919E-05 9.9919E-05 9.9919E-05 9.9919E-05
0.0084688 0.946656 9.9955E-05 0.00586516 0.00347252 9.9955E-05 9.9955E-05 9.9955E-05 0.0190043 0.00318873 0.00233164 9.9955E-05 0.0105132
9.9892E-05 9.9892E-05 9.9892E-05 9.9892E-05 9.9892E-05 9.9892E-05 9.9892E-05 9.9892E-05 9.9892E-05 9.9892E-05 9.9892E-05 0.998801 9.9892E-05
0.0118011 0.0634189 0.00832058 0.0379242 0.0849386 0.0217337 0.13587 0.0036191 0.0343724 0.0307762 0.0733173 0.477306 0.0166022
0.0367161 0.0570476 0.160725 0.0504034 0.104158 0.188932 0.135088 0.0349919 0.0392409 0.0346664 0.0891597 0.0297407 0.0391306
9.9892E-05 9.9892E-05 9.9892E-05 9.9892E-05 9.9892E-05 9.9892E-05 9.9892E-05 9.9892E-05 9.9892E-05 0.998801 9.9892E-05 9.9892E-05 9.9892E-05
9.9892E-05 9.9892E-05 0.998801 9.9892E-05 9.9892E-05 9.9892E-05 9.9892E-05 9.9892E-05 9.9892E-05 9.9892E-05 9.9892E-05 9.9892E-05 9.9892E-05
0.0051845 0.0201672 0.0190608 0.00427812 9.9991E-05 0.00245173 0.0177436 0.0169168 0.00955651 0.863626 0.0219313 0.00281081 0.016173
9.9892E-05 9.9892E-05 9.9892E-05 9.9892E-05 9.9892E-05 9.9892E-05 9.9892E-05 9.9892E-05 9.9892E-05 9.9892E-05 9.9892E-05 9.9892E-05 0.998801
9.999E-05 0.0478949 0.0240558 0.0230666 0.0537608 0.00249753 0.576996 0.0737791 0.0378444 0.00978557 0.10228 0.0319551 0.0159843
0.0635226 0.0785968 0.0350461 0.0410448 0.11466 0.0501534 0.242916 0.0745102 0.0792711 0.0545635 0.06786 0.0451593 0.0526957
0.026674 0.0211633 0.0347844 0.028561 0.04633 0.000658994 0.522234 0.0445691 0.0632657 0.0312079 0.1139 0.0304729 0.036179
0.0174793 0.00655208 0.0366535 9.9982E-05 0.0652192 9.9982E-05 0.0834712 0.0352276 0.0411607 0.0173096 0.651478 0.0335699 0.0116786
9.9973E-05 0.00736615 0.0197982 0.0282605 0.00010062 0.0221746 0.0430184 0.00633843 9.9973E-05 0.0147939 0.832165 9.9973E-05 0.025684
0.998801 9.9892E-05 9.9892E-05 9.9892E-05 9.9892E-05 9.9892E-05 9.9892E-05 9.9892E-05 9.9892E-05 9.9892E-05 9.9892E-05 9.9892E-05 9.9892E-05
0.0138912 0.014082 0.00318766 0.0167236 0.0308137 9.9982E-05 9.9982E-05 0.0202652 0.845335 0.0234957 0.0093558 0.0200436 0.00260642
0.0643126 0.0237605 9.9973E-05 9.9973E-05 0.0541156 0.0236443 0.648826 9.9973E-05 0.0442236 0.0417837 0.0381018 0.0323109 0.0286208
0.00720647 0.0337827 0.0063731 0.0147606 0.0233818 9.9991E-05 0.0482297 0.790869 0.0178382 0.0176102 0.000452366 0.0190883 0.0203078
9.9892E-05 9.9892E-05 9.9892E-05 9.9892E-05 0.998801 9.9892E-05 9.9892E-05 9.9892E-05 9.9892E-05 9.9892E-05 9.9892E-05 9.9892E-05 9.9892E-05
9.98919E-05 9.98919E-05 9.98919E-05 9.98919E-05 9.98919E-05 9.98919E-05 9.98919E-05 0.998801 9.98919E-05 9.98919E-05 9.98919E-05 9.98919E-05 9.98919E-05
9.98921E-05 9.98921E-05 9.98921E-05 0.998801 9.98921E-05 9.98921E-05 9.98921E-05 9.98921E-05 9.98921E-05 9.98921E-05 9.98921E-05 9.98921E-05 9.98921E-05
