9.98831E-05 9.98831E-05 9.98831E-05 9.98831E-05 9.98831E-05 0.998702 9.98831E-05 9.98831E-05 9.98831E-05 9.98831E-05 9.98831E-05 9.98831E-05 9.98831E-05 9.98831E-05
9.9883E-05 9.9883E-05 9.9883E-05 9.9883E-05 9.9883E-05 9.9883E-05 9.9883E-05 9.9883E-05 9.9883E-05 9.9883E-05 9.9883E-05 9.9883E-05 9.9883E-05 0.998702
9.9883E-05 9.9883E-05 9.9883E-05 9.9883E-05 9.9883E-05 9.9883E-05 9.9883E-05 9.9883E-05 9.9883E-05 9.9883E-05 9.9883E-05 9.9883E-05 9.9883E-05 0.998702
9.9883E-05 9.9883E-05 9.9883E-05 9.9883E-05 9.9883E-05 9.9883E-05 0.998702 9.9883E-05 9.9883E-05 9.9883E-05 9.9883E-05 9.9883E-05 9.9883E-05 9.9883E-05
9.9883E-05 9.9883E-05 9.9883E-05 9.9883E-05 9.9883E-05 9.9883E-05 0.998702 9.9883E-05 9.9883E-05 9.9883E-05 9.9883E-05 9.9883E-05 9.9883E-05 9.9883E-05
0.0510326 0.0451453 0.308112 0.0262635 0.0302497 0.0607798 0.0230043 0.0774259 0.0388397 0.0816215 0.0288616 0.125981 0.0679819 0.0347011
0.998702 9.9883E-05 9.9883E-05 9.9883E-05 9.9883E-05 9.9883E-05 9.9883E-05 9.9883E-05 9.9883E-05 9.9883E-05 9.9883E-05 9.9883E-05 9.9883E-05 9.9883E-05
9.9883E-05 9.9883E-05 0.998702 9.9883E-05 9.9883E-05 9.9883E-05 9.9883E-05 9.9883E-05 9.9883E-05 9.9883E-05 9.9883E-05 9.9883E-05 9.9883E-05 9.9883E-05
9.98829E-05 9.98829E-05 9.98829E-05 9.98829E-05 9.98829E-05 9.98829E-05 9.98829E-05 9.98829E-05 9.98829E-05 9.98829E-05 9.98829E-05 0.998702 9.98829E-05 9.98829E-05
0.00240416 0.979659 9.9928E-05 0.00368803 0.00093415 9.9928E-05 9.9928E-05 9.9928E-05 9.9928E-05 0.00373287 9.9928E-05 9.9928E-05 9.9928E-05 0.00878227
0.0324404 0.0478211 0.0283757 0.0437134 0.0281442 0.034193 0.0452953 0.10029 0.0302769 0.0310586 0.0102124 0.453086 0.0903352 0.0247579
0.068272 0.0488301 0.0386235 0.0736566 0.044287 0.0391312 0.0383753 0.129132 0.0753069 0.0419935 0.0488485 0.23831 0.0734994 0.041734
0.00540361 9.99369E-05 0.00494791 9.99369E-05 9.99369E-05 0.00609329 9.99369E-05 0.0052654 9.99369E-05 0.00606294 0.0124523 9.99369E-05 0.959075 9.99369E-05
9.98829E-05 9.98829E-05 9.98829E-05 9.98829E-05 9.98829E-05 9.98829E-05 9.98829E-05 9.98829E-05 9.98829E-05 9.98829E-05 9.98829E-05 9.98829E-05 0.998702 9.98829E-05
0.499872 9.99372E-05 9.99372E-05 9.99372E-05 9.99372E-05 9.99372E-05 9.99372E-05 9.99372E-05 0.0223038 0.0243116 0.00757741 0.415062 0.00757383 0.0225991
9.98831E-05 9.98831E-05 9.98831E-05 9.98831E-05 9.98831E-05 9.98831E-05 9.98831E-05 9.98831E-05 9.98831E-05 9.98831E-05 0.998702 9.98831E-05 9.98831E-05 9.98831E-05
9.98829E-05 9.98829E-05 9.98829E-05 9.98829E-05 9.98829E-05 9.98829E-05 9.98829E-05 9.98829E-05 0.998702 9.98829E-05 9.98829E-05 9.98829E-05 9.98829E-05 9.98829E-05
0.0627363 0.0127356 0.0150138 0.014201 0.0411436 0.0389281 0.046375 0.0980084 0.0562874 0.0226992 0.0303797 0.494378 0.0551738 0.01194
0.0083208 0.0251669 0.000808303 0.793207 0.00032695 0.0308309 0.0225544 0.0300757 0.0116989 9.9991E-05 0.00954158 0.0300828 0.000316406 0.0369689
0.0236966 0.0146735 0.0177892 0.0369263 0.0280368 0.028276 0.0378021 0.720186 0.00434295 0.0188375 0.0180762 0.012446 0.0252789 0.0136325
9.9892E-05 9.9892E-05 9.9892E-05 0.98658 0.0122215 9.9892E-05 9.9892E-05 9.9892E-05 9.9892E-05 9.9892E-05 9.9892E-05 9.9892E-05 9.9892E-05 9.9892E-05
9.996E-05 9.996E-05 0.00423349 0.00695232 9.996E-05 0.0118406 0.00824302 0.933998 0.0115056 0.00380251 0.00494471 9.996E-05 0.0116501 0.00242944
0.0159319 0.0081955 9.9946E-05 9.9946E-05 0.00226912 0.913302 0.000153011 0.0305206 9.9946E-05 9.9946E-05 9.9946E-05 0.021128 0.00790057 9.9946E-05
9.9883E-05 9.9883E-05 9.9883E-05 9.9883E-05 0.998702 9.9883E-05 9.9883E-05 9.9883E-05 9.9883E-05 9.9883E-05 9.9883E-05 9.9883E-05 9.9883E-05 9.9883E-05
0.00241434 9.9892E-05 9.9892E-05 9.9892E-05 9.9892E-05 9.9892E-05 9.9892E-05 9.9892E-05 9.9892E-05 9.9892E-05 9.9892E-05 9.9892E-05 9.9892E-05 0.996387
9.9883E-05 9.9883E-05 9.9883E-05 9.9883E-05 9.9883E-05 9.9883E-05 0.998702 9.9883E-05 9.9883E-05 9.9883E-05 9.9883E-05 9.9883E-05 9.9883E-05 9.9883E-05
0.995946 9.9892E-05 9.9892E-05 9.9892E-05 9.9892E-05 9.9892E-05 9.9892E-05 9.9892E-05 9.9892E-05 0.00285485 9.9892E-05 9.9892E-05 9.9892E-05 9.9892E-05
9.9883E-05 9.9883E-05 0.998702 9.9883E-05 9.9883E-05 9.9883E-05 9.9883E-05 9.9883E-05 9.9883E-05 9.9883E-05 9.9883E-05 9.9883E-05 9.9883E-05 9.9883E-05
0.922234 0.000897801 9.9955E-05 0.0126139 9.9955E-05 0.0186492 0.00979712 9.9955E-05 0.016842 0.00420734 0.00682874 9.9955E-05 9.9955E-05 0.0074299
9.9919E-05 9.9919E-05 0.963148 9.9919E-05 0.00603829 9.9919E-05 9.9919E-05 0.0113487 0.00562099 9.9919E-05 9.9919E-05 0.0129444 9.9919E-05 9.9919E-05
9.98828E-05 9.98828E-05 9.98828E-05 9.98828E-05 9.98828E-05 9.98828E-05 9.98828E-05 9.98828E-05 9.98828E-05 9.98828E-05 9.98828E-05 0.998702 9.98828E-05 9.98828E-05
9.9883E-05 0.998702 9.9883E-05 9.9883E-05 9.9883E-05 9.9883E-05 9.9883E-05 9.9883E-05 9.9883E-05 9.9883E-05 9.9883E-05 9.9883E-05 9.9883E-05 9.9883E-05
0.0859646 0.0476422 0.0493049 0.0767232 0.0537315 0.069346 0.0528235 0.089702 0.0351151 0.0359061 0.0258874 0.242383 0.0985813 0.036889
0.000766369 9.9937E-05 0.00991878 9.9937E-05 9.9937E-05 0.000766254 9.9937E-05 0.00707783 9.9937E-05 0.0085152 0.00617237 9.9937E-05 0.966084 9.9937E-05
9.98828E-05 9.98828E-05 9.98828E-05 9.98828E-05 9.98828E-05 9.98828E-05 9.98828E-05 9.98828E-05 9.98828E-05 9.98828E-05 9.98828E-05 9.98828E-05 0.998702 9.98828E-05
0.0183496 0.0272665 0.00163853 0.0140577 0.0375011 0.0277131 0.0211497 0.0589433 0.0646982 0.00254639 0.0682533 0.607766 0.0500168 9.9991E-05
9.9883E-05 9.9883E-05 9.9883E-05 9.9883E-05 9.9883E-05 9.9883E-05 9.9883E-05 9.9883E-05 9.9883E-05 9.9883E-05 0.998702 9.9883E-05 9.9883E-05 9.9883E-05
0.0439605 0.0213045 0.0368818 0.050202 9.9991E-05 0.0301035 0.0361732 0.0813751 0.41958 0.027584 0.0642419 0.120609 0.0521259 0.015759
0.00426661 0.00924439 0.00723528 0.00508339 9.9946E-05 9.9946E-05 0.00241072 0.948642 9.9946E-05 0.0147488 9.9946E-05 9.9946E-05 9.9946E-05 0.00776926
9.98829E-05 9.98829E-05 9.98829E-05 0.998702 9.98829E-05 9.98829E-05 9.98829E-05 9.98829E-05 9.98829E-05 9.98829E-05 9.98829E-05 9.98829E-05 9.98829E-05 9.98829E-05
0.0215193 0.0159972 0.0207552 0.0380676 0.0188247 0.0370666 0.0169268 0.681511 0.0364499 0.0205025 0.00869925 0.0300398 0.0511368 0.00250306
9.98831E-05 9.98831E-05 9.98831E-05 9.98831E-05 9.98831E-05 0.998702 9.98831E-05 9.98831E-05 9.98831E-05 9.98831E-05 9.98831E-05 9.98831E-05 9.98831E-05 9.98831E-05
9.9937E-05 9.9937E-05 9.9937E-05 9.9937E-05 0.00563595 0.946161 0.000977612 0.0168788 0.000927177 9.9937E-05 9.9937E-05 0.0153449 0.0133754 9.9937E-05
9.9883E-05 9.9883E-05 9.9883E-05 9.9883E-05 0.998702 9.9883E-05 9.9883E-05 9.9883E-05 9.9883E-05 9.9883E-05 9.9883E-05 9.9883E-05 9.9883E-05 9.9883E-05
0.00128474 0.00541162 0.0127691 0.0065813 0.147242 0.0108022 0.00450279 0.000813035 9.9991E-05 0.00373571 0.00791758 0.0122588 0.00403129 0.78255
9.98831E-05 9.98831E-05 9.98831E-05 9.98831E-05 9.98831E-05 9.98831E-05 0.998702 9.98831E-05 9.98831E-05 9.98831E-05 9.98831E-05 9.98831E-05 9.98831E-05 9.98831E-05
0.998702 9.9883E-05 9.9883E-05 9.9883E-05 9.9883E-05 9.9883E-05 9.9883E-05 9.9883E-05 9.9883E-05 9.9883E-05 9.9883E-05 9.9883E-05 9.9883E-05 9.9883E-05
0.00753047 9.9937E-05 9.9937E-05 0.0074521 0.00803017 9.9937E-05 0.00253722 0.00981014 0.00255624 0.961384 9.9937E-05 9.9937E-05 9.9937E-05 9.9937E-05
0.998702 9.9883E-05 9.9883E-05 9.9883E-05 9.9883E-05 9.9883E-05 9.9883E-05 9.9883E-05 9.9883E-05 9.9883E-05 9.9883E-05 9.9883E-05 9.9883E-05 9.9883E-05
0.00222187 9.991E-05 9.991E-05 9.991E-05 9.991E-05 0.00536251 0.000582803 9.991E-05 9.991E-05 0.990834 9.991E-05 9.991E-05 9.991E-05 9.991E-05
9.98829E-05 9.98829E-05 9.98829E-05 9.98829E-05 9.98829E-05 9.98829E-05 9.98829E-05 9.98829E-05 9.98829E-05 9.98829E-05 9.98829E-05 0.998702 9.98829E-05 9.98829E-05
9.9919E-05 0.972628 0.0144197 9.9919E-05 0.0037212 9.9919E-05 0.00391446 9.9919E-05 9.9919E-05 9.9919E-05 9.9919E-05 9.9919E-05 9.9919E-05 0.00441731
0.0281504 0.0270331 0.0176374 0.0490894 0.0050456 0.0216317 0.030448 0.0854734 0.0289973 0.0293719 9.9991E-05 0.589089 0.0644247 0.0235081
0.00990047 0.00149271 0.0139839 9.9955E-05 0.00406336 0.0134321 0.00915854 0.00609247 9.9955E-05 0.00870531 9.9955E-05 9.9955E-05 0.932671 9.9955E-05
0.00187854 0.0054211 9.99369E-05 0.00103105 0.00945713 0.00474905 9.99369E-05 9.99369E-05 9.99369E-05 0.0049097 9.99369E-05 9.99369E-05 0.971854 9.99369E-05
0.0362606 0.0494452 9.9991E-05 0.00463527 0.0324365 0.030675 0.0273635 0.0372024 0.0474959 0.0300635 0.039279 0.64349 0.0156634 0.00588992
9.9883E-05 9.9883E-05 9.9883E-05 9.9883E-05 9.9883E-05 9.9883E-05 9.9883E-05 9.9883E-05 9.9883E-05 9.9883E-05 0.998702 9.9883E-05 9.9883E-05 9.9883E-05
0.0239105 0.0246588 0.0276562 0.365725 0.0414202 0.0278039 0.0355401 0.0573428 0.0259653 0.00257849 0.00493351 0.301094 0.0422359 0.0191358
0.0273245 0.0206027 0.0118609 0.016996 0.0163652 0.0109015 0.0125417 0.844575 0.0014178 0.0191379 9.9973E-05 9.9973E-05 9.9973E-05 0.0179773
9.9883E-05 9.9883E-05 9.9883E-05 0.998702 9.9883E-05 9.9883E-05 9.9883E-05 9.9883E-05 9.9883E-05 9.9883E-05 9.9883E-05 9.9883E-05 9.9883E-05 9.9883E-05
9.9883E-05 9.9883E-05 9.9883E-05 9.9883E-05 9.9883E-05 9.9883E-05 9.9883E-05 0.998702 9.9883E-05 9.9883E-05 9.9883E-05 9.9883E-05 9.9883E-05 9.9883E-05
9.9919E-05 9.9919E-05 0.00589362 0.00764011 0.00678636 0.978547 9.9919E-05 9.9919E-05 0.000233781 9.9919E-05 9.9919E-05 9.9919E-05 9.9919E-05 9.9919E-05
0.00826535 9.9928E-05 9.9928E-05 9.9928E-05 9.9928E-05 0.958097 0.0101867 0.00853681 9.9928E-05 9.9928E-05 9.9928E-05 0.00573926 0.00837551 9.9928E-05
9.9883E-05 9.9883E-05 9.9883E-05 9.9883E-05 0.998702 9.9883E-05 9.9883E-05 9.9883E-05 9.9883E-05 9.9883E-05 9.9883E-05 9.9883E-05 9.9883E-05 9.9883E-05
0.0281779 0.0340826 0.0295689 0.0289857 0.539069 0.0328882 0.0226375 0.0856265 0.017908 0.0265501 0.0282713 0.0682283 0.0466241 0.0113823
0.000797068 9.9937E-05 0.00615064 9.9937E-05 0.00685218 9.9937E-05 0.959823 0.00670287 0.00597493 9.9937E-05 0.0130002 9.9937E-05 9.9937E-05 9.9937E-05
0.964697 0.00240189 9.9946E-05 0.000751247 0.00378389 0.00945384 9.9946E-05 9.9946E-05 0.00472809 0.0110959 0.00248875 9.9946E-05 9.9946E-05 9.9946E-05
9.9946E-05 0.00531972 0.93089 0.0169031 0.017961 0.00656661 9.9946E-05 0.0174228 9.9946E-05 9.9946E-05 9.9946E-05 0.00362519 9.9946E-05 0.000712062
0.840076 0.0146319 0.0167136 0.0218122 0.0109582 0.0142498 0.00257971 0.00923405 0.00673258 0.0127522 0.00417173 0.0300947 0.00467442 0.0113185
9.9883E-05 9.9883E-05 9.9883E-05 9.9883E-05 9.9883E-05 9.9883E-05 9.9883E-05 9.9883E-05 9.9883E-05 0.998702 9.9883E-05 9.9883E-05 9.9883E-05 9.9883E-05
0.00343805 9.99279E-05 0.00131419 0.0165545 9.99279E-05 0.00811394 0.0034003 9.99279E-05 9.99279E-05 9.99279E-05 9.99279E-05 0.96638 9.99279E-05 9.99279E-05
9.98831E-05 0.998702 9.98831E-05 9.98831E-05 9.98831E-05 9.98831E-05 9.98831E-05 9.98831E-05 9.98831E-05 9.98831E-05 9.98831E-05 9.98831E-05 9.98831E-05 9.98831E-05
0.0200706 0.0422254 0.00876781 0.0539428 9.9982E-05 0.0342643 0.0289996 0.0190147 0.0150618 0.0117723 9.9982E-05 0.66814 0.0590474 0.0384938
0.0378145 0.0225967 0.0282253 0.0237745 0.0045644 0.0309434 0.0195469 0.0932451 0.031045 0.00445665 0.0284358 0.106981 0.556125 0.0122465
9.98828E-05 9.98828E-05 9.98828E-05 9.98828E-05 9.98828E-05 9.98828E-05 9.98828E-05 9.98828E-05 9.98828E-05 9.98828E-05 9.98828E-05 9.98828E-05 0.998702 9.98828E-05
9.9883E-05 9.9883E-05 9.9883E-05 9.9883E-05 9.9883E-05 9.9883E-05 9.9883E-05 9.9883E-05 0.998702 9.9883E-05 9.9883E-05 9.9883E-05 9.9883E-05 9.9883E-05
0.0288611 0.0391772 9.9973E-05 9.9973E-05 0.0484984 0.029123 0.0459573 0.0458881 0.0301944 0.0296945 0.0307325 0.657557 0.0140164 9.9973E-05
0.0256603 0.0385998 0.0149524 0.341013 0.0504552 0.0429352 0.0307139 0.0718941 0.0263889 0.0151743 0.00628822 0.260005 0.0757521 0.000167714
0.00980829 9.9982E-05 0.020663 0.00541376 0.00405897 0.00772345 0.00152306 0.905723 0.0027233 0.0116601 9.9982E-05 0.00344801 0.00208326 0.0249719
9.98829E-05 9.98829E-05 9.98829E-05 0.998702 9.98829E-05 9.98829E-05 9.98829E-05 9.98829E-05 9.98829E-05 9.98829E-05 9.98829E-05 9.98829E-05 9.98829E-05 9.98829E-05
0.0090332 9.9982E-05 0.0224972 0.0186533 0.0248422 0.013016 0.0204738 0.753986 0.0418635 0.000850967 0.0229508 0.0460223 0.0256109 9.9982E-05
9.98921E-05 9.98921E-05 9.98921E-05 9.98921E-05 9.98921E-05 0.995876 9.98921E-05 9.98921E-05 9.98921E-05 9.98921E-05 0.00292498 9.98921E-05 9.98921E-05 9.98921E-05
9.98831E-05 9.98831E-05 9.98831E-05 9.98831E-05 9.98831E-05 0.998702 9.98831E-05 9.98831E-05 9.98831E-05 9.98831E-05 9.98831E-05 9.98831E-05 9.98831E-05 9.98831E-05
9.9883E-05 9.9883E-05 9.9883E-05 9.9883E-05 0.998702 9.9883E-05 9.9883E-05 9.9883E-05 9.9883E-05 9.9883E-05 9.9883E-05 9.9883E-05 9.9883E-05 9.9883E-05
0.0330763 0.0454388 0.0246047 0.0315922 0.550249 0.0234848 0.0193695 0.0747903 0.0343165 0.0137227 0.0293527 0.0817602 0.0323865 0.00585612
0.0297009 0.00854611 0.0104393 0.0224766 0.00776338 0.00335479 0.837558 0.0218011 0.0048997 0.0145815 0.00287371 0.0114784 0.0244264 9.9991E-05
0.998702 9.98831E-05 9.98831E-05 9.98831E-05 9.98831E-05 9.98831E-05 9.98831E-05 9.98831E-05 9.98831E-05 9.98831E-05 9.98831E-05 9.98831E-05 9.98831E-05 9.98831E-05
9.9883E-05 9.9883E-05 0.998702 9.9883E-05 9.9883E-05 9.9883E-05 9.9883E-05 9.9883E-05 9.9883E-05 9.9883E-05 9.9883E-05 9.9883E-05 9.9883E-05 9.9883E-05
0.733894 0.0241309 0.00727146 0.0189339 0.0125127 0.0259557 0.0348179 0.0444925 0.0084101 0.00528646 0.00360963 0.036056 0.023842 0.020787
9.98801E-05 9.98801E-05 9.98801E-05 9.98801E-05 9.98801E-05 9.98801E-05 9.98801E-05 9.98801E-05 9.98801E-05 0.998702 9.98801E-05 9.98801E-05 9.98801E-05 9.98801E-05
9.98828E-05 9.98828E-05 9.98828E-05 9.98828E-05 9.98828E-05 9.98828E-05 9.98828E-05 9.98828E-05 9.98828E-05 9.98828E-05 9.98828E-05 0.998702 9.98828E-05 9.98828E-05
9.9883E-05 0.998702 9.9883E-05 9.9883E-05 9.9883E-05 9.9883E-05 9.9883E-05 9.9883E-05 9.9883E-05 9.9883E-05 9.9883E-05 9.9883E-05 9.9883E-05 9.9883E-05
0.0561006 0.0563288 0.00376929 0.0596272 0.0484496 0.0259655 0.0421203 0.1047 0.0810302 0.0667228 0.0698715 0.280853 0.0830762 0.0213849
9.9973E-05 0.0326152 0.00312293 0.031569 9.9973E-05 0.00963948 0.0172477 0.02109 0.00609793 0.00288652 9.9973E-05 0.772873 0.0855287 0.0170293
0.0106413 0.0270458 9.9991E-05 0.0148272 0.0252367 0.0354397 0.0322907 0.0971495 0.023744 0.018964 0.0305349 0.14807 0.512182 0.0237736
0.024008 0.0183981 9.9982E-05 0.0163753 9.9982E-05 0.0261134 0.0210392 0.0352255 0.0255079 0.0136936 0.00389206 0.0569741 0.742565 0.0160081
0.0329454 0.0226284 0.0359311 0.0222368 9.9991E-05 0.0246575 0.0396438 0.014833 0.533955 0.0331257 0.0424028 0.0957582 0.0471178 0.0546642
0.0409404 0.0335822 9.9982E-05 0.00630932 0.0461051 0.0231035 0.0405471 0.0615798 0.0299305 0.0194161 0.0314592 0.662989 0.00383814 9.9982E-05
0.00799071 0.0055823 0.00318888 0.826396 0.00498522 0.0135318 0.0206925 0.0351083 0.00847356 9.9982E-05 0.00669276 0.0405321 9.9982E-05 0.0266261
0.0021401 0.0115019 9.9946E-05 0.00331334 0.00970977 0.00349015 9.9946E-05 0.94753 0.00464589 0.017069 9.9946E-05 9.9946E-05 9.9946E-05 9.9946E-05
0.0127006 0.00123763 0.0119134 0.928674 0.00890542 0.0086554 0.00351974 9.9973E-05 0.00246156 0.00613277 0.0101061 0.00539358 9.9973E-05 9.9973E-05
9.98831E-05 9.98831E-05 9.98831E-05 9.98831E-05 9.98831E-05 9.98831E-05 9.98831E-05 0.998702 9.98831E-05 9.98831E-05 9.98831E-05 9.98831E-05 9.98831E-05 9.98831E-05
9.9928E-05 9.9928E-05 0.00306452 0.0112475 9.9928E-05 0.941534 9.9928E-05 9.9928E-05 0.0143467 9.9928E-05 0.00020356 9.9928E-05 9.9928E-05 0.0288047
9.98831E-05 9.98831E-05 9.98831E-05 9.98831E-05 9.98831E-05 0.998702 9.98831E-05 9.98831E-05 9.98831E-05 9.98831E-05 9.98831E-05 9.98831E-05 9.98831E-05 9.98831E-05
9.9883E-05 9.9883E-05 9.9883E-05 9.9883E-05 0.998702 9.9883E-05 9.9883E-05 9.9883E-05 9.9883E-05 9.9883E-05 9.9883E-05 9.9883E-05 9.9883E-05 9.9883E-05
9.9937E-05 0.00522091 9.9937E-05 0.00771464 0.0170144 0.00116482 0.00102458 9.9937E-05 0.00639762 9.9937E-05 9.9937E-05 9.9937E-05 9.9937E-05 0.960764
9.98921E-05 9.98921E-05 9.98921E-05 9.98921E-05 9.98921E-05 0.00344609 0.995355 9.98921E-05 9.98921E-05 9.98921E-05 9.98921E-05 9.98921E-05 9.98921E-05 9.98921E-05
0.998702 9.9883E-05 9.9883E-05 9.9883E-05 9.9883E-05 9.9883E-05 9.9883E-05 9.9883E-05 9.9883E-05 9.9883E-05 9.9883E-05 9.9883E-05 9.9883E-05 9.9883E-05
9.9883E-05 9.9883E-05 0.998702 9.9883E-05 9.9883E-05 9.9883E-05 9.9883E-05 9.9883E-05 9.9883E-05 9.9883E-05 9.9883E-05 9.9883E-05 9.9883E-05 9.9883E-05
0.998702 9.98831E-05 9.98831E-05 9.98831E-05 9.98831E-05 9.98831E-05 9.98831E-05 9.98831E-05 9.98831E-05 9.98831E-05 9.98831E-05 9.98831E-05 9.98831E-05 9.98831E-05
9.9883E-05 9.9883E-05 9.9883E-05 9.9883E-05 9.9883E-05 9.9883E-05 9.9883E-05 9.9883E-05 9.9883E-05 0.998702 9.9883E-05 9.9883E-05 9.9883E-05 9.9883E-05
0.052441 0.0294746 9.9982E-05 9.9982E-05 0.0245395 0.0201277 0.0241021 0.0591235 0.0347233 0.0121534 0.0312167 0.655188 0.0542192 0.00249138
0.00522837 0.963852 0.000910945 9.9955E-05 0.000138832 0.00397681 9.9955E-05 9.9955E-05 9.9955E-05 0.000697886 0.00349066 0.0194684 0.00173675 9.9955E-05
0.0522086 0.0577541 0.00937735 0.0708087 0.0444552 0.0336172 0.0432302 0.0962349 0.0990359 0.0666377 0.0634114 0.280054 0.0501085 0.0330658
0.0403336 0.0169315 0.0174788 0.066439 0.0200875 0.014982 0.0253287 0.0575102 0.0289556 0.0494115 9.9997E-05 0.531755 0.105006 0.0256799
0.00505115 0.0124947 9.9991E-05 0.00911181 0.0117558 0.02484 0.0419332 0.0928924 0.0366431 0.0339165 0.0363936 0.134403 0.544189 0.016276
0.0198536 0.0139792 0.00105595 0.0208345 9.9991E-05 0.00155755 0.016094 0.0468886 0.0295549 0.0222091 0.0215977 0.0862715 0.699649 0.0203545
9.98801E-05 9.98801E-05 9.98801E-05 9.98801E-05 9.98801E-05 9.98801E-05 9.98801E-05 9.98801E-05 0.998702 9.98801E-05 9.98801E-05 9.98801E-05 9.98801E-05 9.98801E-05
0.0521896 0.0387219 0.00841834 0.0128883 0.0198941 0.0341672 0.0430453 0.0504185 0.042132 0.0154303 0.0342659 0.585221 0.0325835 0.0306239
9.9964E-05 0.0113581 0.00655236 0.81256 9.9964E-05 0.011581 0.0196103 0.021894 0.0269733 9.9964E-05 0.0167671 0.0399837 9.9964E-05 0.0323204
9.9883E-05 9.9883E-05 9.9883E-05 9.9883E-05 9.9883E-05 9.9883E-05 9.9883E-05 0.998702 9.9883E-05 9.9883E-05 9.9883E-05 9.9883E-05 9.9883E-05 9.9883E-05
9.98829E-05 9.98829E-05 9.98829E-05 0.998702 9.98829E-05 9.98829E-05 9.98829E-05 9.98829E-05 9.98829E-05 9.98829E-05 9.98829E-05 9.98829E-05 9.98829E-05 9.98829E-05
9.99011E-05 9.99011E-05 9.99011E-05 9.99011E-05 9.99011E-05 9.99011E-05 0.000792063 0.994162 9.99011E-05 9.99011E-05 9.99011E-05 9.99011E-05 0.0039466 9.99011E-05
9.994E-05 0.00493666 0.00557765 0.00779143 0.00728549 0.953495 9.994E-05 9.994E-05 0.00955187 0.00100142 0.00976076 9.994E-05 9.994E-05 9.994E-05
0.0012748 9.99011E-05 9.99011E-05 9.99011E-05 9.99011E-05 0.992474 9.99011E-05 9.99011E-05 9.99011E-05 9.99011E-05 9.99011E-05 0.00515272 9.99011E-05 9.99011E-05
9.98831E-05 9.98831E-05 9.98831E-05 9.98831E-05 0.998702 9.98831E-05 9.98831E-05 9.98831E-05 9.98831E-05 9.98831E-05 9.98831E-05 9.98831E-05 9.98831E-05 9.98831E-05
9.9883E-05 9.9883E-05 9.9883E-05 9.9883E-05 0.998702 9.9883E-05 9.9883E-05 9.9883E-05 9.9883E-05 9.9883E-05 9.9883E-05 9.9883E-05 9.9883E-05 9.9883E-05
0.0018213 9.9955E-05 0.0046499 0.00212609 0.0105473 0.00172917 0.967141 9.9955E-05 0.000832618 9.9955E-05 0.00871483 9.9955E-05 0.00193757 9.9955E-05
0.971703 0.0060295 0.00971003 9.9928E-05 0.0063968 0.00448832 9.9928E-05 9.9928E-05 9.9928E-05 0.000872525 9.9928E-05 9.9928E-05 9.9928E-05 9.9928E-05
0.0300251 0.00957783 0.171389 0.0540826 9.9991E-05 0.0425937 0.0428473 0.0821769 0.0350332 0.317135 0.0247025 0.093179 0.045738 0.051419
0.962134 0.0049763 9.9937E-05 9.9937E-05 0.00284912 9.9937E-05 0.00628244 0.00787203 9.9937E-05 0.00676333 9.9937E-05 9.9937E-05 0.00842289 9.9937E-05
9.9928E-05 0.985155 9.9928E-05 9.9928E-05 0.00898781 0.00276349 0.000548631 0.000102914 9.9928E-05 0.00164283 9.9928E-05 9.9928E-05 9.9928E-05 9.9928E-05
9.999E-05 0.0316633 0.0232718 0.0796786 0.0137214 0.036012 0.00950269 0.0464726 0.0227335 0.00775408 0.0145924 0.537591 0.150201 0.0267054
0.0460717 0.0660741 0.0080152 0.0628405 0.0583821 0.037659 0.0403508 0.088766 0.0960576 0.0596231 0.0721829 0.270032 0.0682298 0.0257155
0.0428947 0.0304244 0.032776 0.0431979 0.0143782 0.037373 0.0462081 0.062799 0.0415718 0.0305514 0.0385258 0.481034 0.0959488 0.00231653
0.0106829 0.0205389 0.00295613 9.9991E-05 0.0117661 0.0283528 0.040044 0.0778893 0.023058 0.0282008 0.0382661 0.147805 0.55644 0.013899
0.0427669 0.0341214 0.0367587 0.031358 0.0146287 0.0258358 0.0364164 0.0646218 0.0465854 0.0118972 0.01101 0.0530187 0.590881 9.9991E-05
9.9883E-05 9.9883E-05 9.9883E-05 9.9883E-05 9.9883E-05 9.9883E-05 9.9883E-05 9.9883E-05 9.9883E-05 9.9883E-05 0.998702 9.9883E-05 9.9883E-05 9.9883E-05
9.98829E-05 9.98829E-05 9.98829E-05 9.98829E-05 9.98829E-05 9.98829E-05 9.98829E-05 9.98829E-05 0.998702 9.98829E-05 9.98829E-05 9.98829E-05 9.98829E-05 9.98829E-05
0.0547716 0.0159963 0.000291025 9.9973E-05 0.0238299 9.9973E-05 0.0316596 0.0366674 0.037326 0.0288685 0.0587314 0.681518 0.0300404 9.9973E-05
0.000215041 0.00411876 9.99755E-05 0.847774 0.00533409 0.00706679 0.0160555 0.023242 0.0127354 9.99755E-05 0.000644344 0.0483175 9.99755E-05 0.0341971
9.98829E-05 9.98829E-05 9.98829E-05 9.98829E-05 9.98829E-05 9.98829E-05 9.98829E-05 0.998702 9.98829E-05 9.98829E-05 9.98829E-05 9.98829E-05 9.98829E-05 9.98829E-05
9.98829E-05 9.98829E-05 9.98829E-05 0.998702 9.98829E-05 9.98829E-05 9.98829E-05 9.98829E-05 9.98829E-05 9.98829E-05 9.98829E-05 9.98829E-05 9.98829E-05 9.98829E-05
9.99011E-05 9.99011E-05 9.99011E-05 9.99011E-05 9.99011E-05 9.99011E-05 0.0125649 0.96947 9.99011E-05 9.99011E-05 9.99011E-05 9.99011E-05 0.0168664 9.99011E-05
9.991E-05 9.991E-05 9.991E-05 0.00260627 9.991E-05 0.992089 9.991E-05 9.991E-05 0.0023076 9.991E-05 0.00199824 9.991E-05 9.991E-05 9.991E-05
9.9883E-05 9.9883E-05 9.9883E-05 9.9883E-05 9.9883E-05 9.9883E-05 9.9883E-05 9.9883E-05 9.9883E-05 9.9883E-05 9.9883E-05 9.9883E-05 9.9883E-05 0.998702
9.9883E-05 9.9883E-05 9.9883E-05 9.9883E-05 9.9883E-05 9.9883E-05 0.998702 9.9883E-05 9.9883E-05 9.9883E-05 9.9883E-05 9.9883E-05 9.9883E-05 9.9883E-05
0.0416856 0.023375 0.0220356 0.00955528 0.0327854 0.0417649 0.484983 0.0815397 0.0221935 0.0112182 0.0190395 0.124213 0.0628986 0.0227132
0.0364115 0.0375458 0.167934 0.0321695 9.9991E-05 0.0528764 0.0248903 0.106026 0.0357981 0.17708 0.0395103 0.128599 0.0967944 0.0642648
0.998702 9.9883E-05 9.9883E-05 9.9883E-05 9.9883E-05 9.9883E-05 9.9883E-05 9.9883E-05 9.9883E-05 9.9883E-05 9.9883E-05 9.9883E-05 9.9883E-05 9.9883E-05
9.9883E-05 9.9883E-05 0.998702 9.9883E-05 9.9883E-05 9.9883E-05 9.9883E-05 9.9883E-05 9.9883E-05 9.9883E-05 9.9883E-05 9.9883E-05 9.9883E-05 9.9883E-05
0.863354 0.0186788 0.0104649 0.0211196 0.00611755 0.0183614 0.00554451 0.00223559 0.0143738 0.00855355 0.000627529 0.00231351 0.021288 0.00696764
9.98831E-05 0.998702 9.98831E-05 9.98831E-05 9.98831E-05 9.98831E-05 9.98831E-05 9.98831E-05 9.98831E-05 9.98831E-05 9.98831E-05 9.98831E-05 9.98831E-05 9.98831E-05
0.0130021 0.0224016 0.0167409 0.0599204 0.0132691 0.0156911 0.0267036 0.0413912 0.0363267 0.00957329 9.9991E-05 0.594517 0.121376 0.0289872
0.0560995 0.0599093 0.0384404 0.0638343 0.0492648 0.0408737 0.0367774 0.121651 0.0774835 0.0436417 0.0552045 0.249617 0.0731718 0.0340307
0.0284853 0.0385394 0.0298662 0.0495802 0.00987275 0.0326602 0.033134 0.0577228 0.0475531 0.00298106 0.0198789 0.518039 0.12061 0.0110773
0.0107437 0.0198787 0.0296755 0.0362493 9.9973E-05 0.00472108 0.0391927 0.0527414 0.0315546 9.9973E-05 0.0204932 0.114574 0.639876 9.9973E-05
0.024834 0.0192387 0.0186913 0.00619552 9.9964E-05 0.0292667 0.0079051 9.9964E-05 9.9964E-05 0.01212 9.9964E-05 0.0307168 0.841085 0.00954674
9.98831E-05 9.98831E-05 9.98831E-05 9.98831E-05 9.98831E-05 9.98831E-05 9.98831E-05 9.98831E-05 9.98831E-05 9.98831E-05 0.998702 9.98831E-05 9.98831E-05 9.98831E-05
0.016521 0.0148274 0.00956397 0.02005 0.0144157 0.0214943 0.00810436 0.0180051 0.856411 9.9982E-05 0.0139618 9.9982E-05 0.00206505 0.00438053
0.0416075 0.0212948 9.9964E-05 9.9964E-05 0.0202014 9.9964E-05 0.0352581 0.0434236 0.0424319 0.0265603 0.0640184 0.676516 0.0282884 9.9964E-05
0.0171859 0.0192803 0.0144151 0.780837 0.010458 0.0135263 0.0253809 0.0168746 0.0132975 0.00181384 0.00231825 0.0517427 0.00909383 0.0237763
9.9883E-05 9.9883E-05 9.9883E-05 9.9883E-05 9.9883E-05 9.9883E-05 9.9883E-05 0.998702 9.9883E-05 9.9883E-05 9.9883E-05 9.9883E-05 9.9883E-05 9.9883E-05
9.98829E-05 9.98829E-05 9.98829E-05 0.998702 9.98829E-05 9.98829E-05 9.98829E-05 9.98829E-05 9.98829E-05 9.98829E-05 9.98829E-05 9.98829E-05 9.98829E-05 9.98829E-05
9.98894E-05 9.98894E-05 9.98894E-05 9.98894E-05 9.98894E-05 0.998701 9.98894E-05 9.98894E-05 9.98894E-05 9.98894E-05 9.98894E-05 9.98894E-05 9.98894E-05 9.98894E-05
