9.98921E-05 9.98921E-05 9.98921E-05 9.98921E-05 9.98921E-05 9.98921E-05 9.98921E-05 9.98921E-05 0.00128729 0.997514 9.98921E-05 9.98921E-05 9.98921E-05 9.98921E-05
0.00179075 0.0177341 9.99548E-05 0.00785946 9.99548E-05 9.99548E-05 9.99548E-05 0.0176754 0.00128411 0.00591557 9.99548E-05 0.00703434 0.940107 9.99548E-05
0.0040922 0.0141405 9.9928E-05 9.9928E-05 0.003054 9.9928E-05 9.9928E-05 0.0157939 9.9928E-05 9.9928E-05 9.9928E-05 0.0232831 0.938837 9.9928E-05
9.9883E-05 9.9883E-05 9.9883E-05 9.9883E-05 9.9883E-05 9.9883E-05 9.9883E-05 9.9883E-05 9.9883E-05 9.9883E-05 0.998702 9.9883E-05 9.9883E-05 9.9883E-05
9.9883E-05 9.9883E-05 9.9883E-05 9.9883E-05 9.9883E-05 9.9883E-05 9.9883E-05 9.9883E-05 9.9883E-05 9.9883E-05 0.998702 9.9883E-05 9.9883E-05 9.9883E-05
0.0231232 0.0347004 0.316746 0.0499842 0.012293 0.0624742 0.0816934 0.076683 0.0489382 0.0549252 0.0397375 0.0313076 0.0496446 0.11775
9.9883E-05 9.9883E-05 9.9883E-05 9.9883E-05 9.9883E-05 9.9883E-05 9.9883E-05 9.9883E-05 0.998702 9.9883E-05 9.9883E-05 9.9883E-05 9.9883E-05 9.9883E-05
9.9883E-05 9.9883E-05 0.998702 9.9883E-05 9.9883E-05 9.9883E-05 9.9883E-05 9.9883E-05 9.9883E-05 9.9883E-05 9.9883E-05 9.9883E-05 9.9883E-05 9.9883E-05
9.98829E-05 9.98829E-05 9.98829E-05 0.998702 9.98829E-05 9.98829E-05 9.98829E-05 9.98829E-05 9.98829E-05 9.98829E-05 9.98829E-05 9.98829E-05 9.98829E-05 9.98829E-05
9.9919E-05 0.975276 9.9919E-05 0.00202547 9.9919E-05 0.00352286 9.9919E-05 9.9919E-05 9.9919E-05 0.00668958 9.9919E-05 9.9919E-05 0.0115864 9.9919E-05
0.0206503 0.0549847 0.0259792 0.345614 0.0553598 0.10491 0.0270966 0.0759146 0.018521 0.0418315 0.0476392 0.0418178 0.0419148 0.0977667
0.0427248 0.0439902 0.0351515 0.0491503 0.0689057 0.0667816 0.0374015 0.113448 0.0515705 0.0478854 0.0336057 0.0716142 0.0750263 0.262744
0.00174627 9.9946E-05 0.00784426 9.9946E-05 9.9946E-05 0.948183 0.0077088 0.0160318 9.9946E-05 0.00872311 0.00760764 9.9946E-05 0.00155576 9.9946E-05
9.98829E-05 9.98829E-05 9.98829E-05 9.98829E-05 9.98829E-05 0.998702 9.98829E-05 9.98829E-05 9.98829E-05 9.98829E-05 9.98829E-05 9.98829E-05 9.98829E-05 9.98829E-05
9.98922E-05 9.98922E-05 9.98922E-05 9.98922E-05 9.98922E-05 9.98922E-05 9.98922E-05 9.98922E-05 0.410929 9.98922E-05 9.98922E-05 9.98922E-05 9.98922E-05 0.587872
0.997755 0.0010458 9.98921E-05 9.98921E-05 9.98921E-05 9.98921E-05 9.98921E-05 9.98921E-05 9.98921E-05 9.98921E-05 9.98921E-05 9.98921E-05 9.98921E-05 9.98921E-05
9.98829E-05 9.98829E-05 9.98829E-05 9.98829E-05 9.98829E-05 9.98829E-05 9.98829E-05 9.98829E-05 9.98829E-05 9.98829E-05 9.98829E-05 0.998702 9.98829E-05 9.98829E-05
0.0103503 9.9991E-05 0.0310131 0.0224447 0.0131348 0.0292915 0.0186565 0.0714537 0.0267198 0.0202265 0.0127723 0.0154334 0.019508 0.708895
0.014541 0.0228407 0.0155718 0.0189255 0.78411 0.0133471 0.0019706 0.0193725 9.9991E-05 0.019387 0.0155044 0.0302808 0.032396 0.011653
0.0105946 0.0230889 0.0163096 0.0202025 0.029208 0.00706024 0.0150452 0.704367 0.038469 0.040205 0.0390137 0.0211868 0.035149 9.9991E-05
0.00687685 9.9928E-05 0.00417538 9.9928E-05 0.972866 0.00619376 9.9928E-05 0.00492685 9.9928E-05 9.9928E-05 0.00416145 9.9928E-05 9.9928E-05 9.9928E-05
0.00184221 9.9937E-05 9.9937E-05 0.0114952 9.9937E-05 0.0387789 0.00208718 0.9175 9.9937E-05 9.9937E-05 0.0119254 0.0156715 9.9937E-05 9.9937E-05
9.9955E-05 0.00351037 9.9955E-05 0.0101718 9.9955E-05 0.00742876 9.9955E-05 0.00961113 0.0121059 0.916571 0.00867346 9.9955E-05 0.00505065 0.0263775
9.98829E-05 9.98829E-05 9.98829E-05 9.98829E-05 9.98829E-05 9.98829E-05 9.98829E-05 9.98829E-05 9.98829E-05 9.98829E-05 9.98829E-05 9.98829E-05 0.998702 9.98829E-05
0.00478369 0.0173562 9.9955E-05 0.0069148 9.9955E-05 9.9955E-05 9.9955E-05 0.0163545 0.00727335 0.0108439 0.00237055 0.0180089 0.915594 9.9955E-05
9.9883E-05 9.9883E-05 9.9883E-05 9.9883E-05 9.9883E-05 9.9883E-05 9.9883E-05 9.9883E-05 9.9883E-05 9.9883E-05 0.998702 9.9883E-05 9.9883E-05 9.9883E-05
9.9892E-05 9.9892E-05 0.00348789 9.9892E-05 9.9892E-05 9.9892E-05 9.9892E-05 9.9892E-05 0.995313 9.9892E-05 9.9892E-05 9.9892E-05 9.9892E-05 9.9892E-05
9.9883E-05 9.9883E-05 0.998702 9.9883E-05 9.9883E-05 9.9883E-05 9.9883E-05 9.9883E-05 9.9883E-05 9.9883E-05 9.9883E-05 9.9883E-05 9.9883E-05 9.9883E-05
9.9964E-05 0.00714161 0.0049059 0.0121353 9.9964E-05 9.9964E-05 0.00402823 0.00694084 0.916702 0.0142437 0.00579801 0.0111058 0.0165985 9.9964E-05
9.9955E-05 0.000137935 0.973203 0.00145358 0.0025547 9.9955E-05 9.9955E-05 0.00388021 9.9955E-05 0.000565221 0.00672834 0.00157056 9.9955E-05 0.00940685
9.98828E-05 9.98828E-05 9.98828E-05 0.998702 9.98828E-05 9.98828E-05 9.98828E-05 9.98828E-05 9.98828E-05 9.98828E-05 9.98828E-05 9.98828E-05 9.98828E-05 9.98828E-05
9.9883E-05 0.998702 9.9883E-05 9.9883E-05 9.9883E-05 9.9883E-05 9.9883E-05 9.9883E-05 9.9883E-05 9.9883E-05 9.9883E-05 9.9883E-05 9.9883E-05 9.9883E-05
0.0273382 0.0545478 0.0268478 0.173349 0.0643512 0.0773034 0.0373452 0.0905002 0.0829197 0.0644796 0.0584502 0.0454277 0.0935687 0.103572
9.9946E-05 9.9946E-05 0.00702273 9.9946E-05 9.9946E-05 0.953404 9.9946E-05 0.0127095 0.0111403 0.00520012 0.00631635 0.000543574 9.9946E-05 0.00306366
9.98829E-05 9.98829E-05 9.98829E-05 9.98829E-05 9.98829E-05 0.998702 9.98829E-05 9.98829E-05 9.98829E-05 9.98829E-05 9.98829E-05 9.98829E-05 9.98829E-05 9.98829E-05
0.0210776 9.99459E-05 9.99459E-05 0.0123254 0.00560124 0.00666975 9.99459E-05 0.0128103 9.99459E-05 0.0112833 9.99459E-05 0.0198466 9.99459E-05 0.909786
0.998702 9.9883E-05 9.9883E-05 9.9883E-05 9.9883E-05 9.9883E-05 9.9883E-05 9.9883E-05 9.9883E-05 9.9883E-05 9.9883E-05 9.9883E-05 9.9883E-05 9.9883E-05
0.0479941 0.0239771 0.0392875 0.0255326 0.041803 0.0345124 0.0294051 0.082578 0.0321674 0.01949 0.0293773 0.437298 0.00588078 0.150696
9.9946E-05 0.0131115 0.00291723 9.9946E-05 0.0149641 9.9946E-05 0.0137879 0.941604 9.9946E-05 0.00415675 9.9946E-05 9.9946E-05 0.00077216 0.00808697
9.98829E-05 9.98829E-05 9.98829E-05 9.98829E-05 0.998702 9.98829E-05 9.98829E-05 9.98829E-05 9.98829E-05 9.98829E-05 9.98829E-05 9.98829E-05 9.98829E-05 9.98829E-05
0.0167535 0.0101527 0.0183365 0.00199721 0.03116 0.0431938 0.0336017 0.682205 0.0148587 0.0351294 0.0207002 0.0324186 0.0291397 0.0303534
9.9883E-05 9.9883E-05 9.9883E-05 9.9883E-05 9.9883E-05 9.9883E-05 9.9883E-05 9.9883E-05 9.9883E-05 0.998702 9.9883E-05 9.9883E-05 9.9883E-05 9.9883E-05
9.9937E-05 9.9937E-05 9.9937E-05 0.00204198 9.9937E-05 0.0125841 9.9937E-05 0.0134128 9.9937E-05 0.940649 0.0109956 9.9937E-05 0.000827806 0.0187889
9.9883E-05 9.9883E-05 9.9883E-05 9.9883E-05 9.9883E-05 9.9883E-05 9.9883E-05 9.9883E-05 9.9883E-05 9.9883E-05 9.9883E-05 9.9883E-05 0.998702 9.9883E-05
0.01657 0.00733623 0.00226383 0.00602458 0.00192147 0.010046 0.0222378 0.0245985 9.9982E-05 0.0109523 0.0062526 0.0121679 0.879429 9.9982E-05
9.98831E-05 9.98831E-05 9.98831E-05 9.98831E-05 9.98831E-05 9.98831E-05 9.98831E-05 9.98831E-05 9.98831E-05 9.98831E-05 0.998702 9.98831E-05 9.98831E-05 9.98831E-05
9.9892E-05 9.9892E-05 9.9892E-05 9.9892E-05 0.000892678 9.9892E-05 9.9892E-05 9.9892E-05 0.997909 9.9892E-05 9.9892E-05 9.9892E-05 9.9892E-05 9.9892E-05
9.9928E-05 9.9928E-05 9.9928E-05 9.9928E-05 0.00362688 9.9928E-05 0.971864 0.00429922 9.9928E-05 9.9928E-05 0.000327954 9.9928E-05 0.00877134 0.0103113
9.9883E-05 9.9883E-05 9.9883E-05 9.9883E-05 9.9883E-05 9.9883E-05 9.9883E-05 9.9883E-05 0.998702 9.9883E-05 9.9883E-05 9.9883E-05 9.9883E-05 9.9883E-05
9.9901E-05 9.9901E-05 9.9901E-05 9.9901E-05 9.9901E-05 9.9901E-05 0.994726 9.9901E-05 0.000310185 0.00386515 9.9901E-05 9.9901E-05 9.9901E-05 9.9901E-05
9.98829E-05 9.98829E-05 9.98829E-05 0.998702 9.98829E-05 9.98829E-05 9.98829E-05 9.98829E-05 9.98829E-05 9.98829E-05 9.98829E-05 9.98829E-05 9.98829E-05 9.98829E-05
0.00526654 0.969106 0.00771537 0.00388976 9.9937E-05 9.9937E-05 0.00115289 9.9937E-05 9.9937E-05 9.9937E-05 0.00461991 0.00754952 9.9937E-05 9.9937E-05
9.999E-05 0.0361964 0.0202711 0.418573 0.0588554 0.0838562 0.0178578 0.0872851 0.0193367 0.0271068 0.0286829 0.0299165 0.0138211 0.158141
0.003913 9.9964E-05 0.012608 9.9964E-05 9.9964E-05 0.916509 0.00809358 0.0201701 0.00636386 0.0136693 0.0134197 9.9964E-05 0.0045362 0.000317698
0.000574274 0.00201967 9.99549E-05 0.00562914 0.00877021 0.962364 0.0032387 9.99549E-05 9.99549E-05 0.00667645 9.99549E-05 0.00596575 0.00426194 9.99549E-05
9.99189E-05 0.00422314 9.99189E-05 9.99189E-05 9.99189E-05 9.99189E-05 0.00201602 9.99189E-05 9.99189E-05 0.00278465 9.99189E-05 9.99189E-05 0.00372773 0.986349
0.998702 9.98831E-05 9.98831E-05 9.98831E-05 9.98831E-05 9.98831E-05 9.98831E-05 9.98831E-05 9.98831E-05 9.98831E-05 9.98831E-05 9.98831E-05 9.98831E-05 9.98831E-05
0.00594635 0.0443409 0.0172553 0.18441 0.365111 0.0476111 0.00775111 0.0698842 0.0328715 0.0253653 0.0363049 0.0170414 0.0539014 0.0922055
0.00235044 0.01438 0.0105764 9.9973E-05 0.0100954 9.9973E-05 0.014547 0.82754 0.0156835 0.0214357 0.00772904 9.9973E-05 0.0314335 0.0439293
9.9883E-05 9.9883E-05 9.9883E-05 9.9883E-05 0.998702 9.9883E-05 9.9883E-05 9.9883E-05 9.9883E-05 9.9883E-05 9.9883E-05 9.9883E-05 9.9883E-05 9.9883E-05
9.9883E-05 9.9883E-05 9.9883E-05 9.9883E-05 9.9883E-05 9.9883E-05 9.9883E-05 0.998702 9.9883E-05 9.9883E-05 9.9883E-05 9.9883E-05 9.9883E-05 9.9883E-05
9.9928E-05 0.000893439 9.9928E-05 9.9928E-05 0.00125056 9.9928E-05 0.00825914 9.9928E-05 9.9928E-05 0.981775 9.9928E-05 0.00181576 0.00520688 9.9928E-05
9.9937E-05 9.9937E-05 9.9937E-05 0.00155632 9.9937E-05 0.00960377 9.9937E-05 0.0167243 0.0117012 0.940545 0.00111096 9.9937E-05 9.9937E-05 0.0180593
9.9883E-05 9.9883E-05 9.9883E-05 9.9883E-05 9.9883E-05 9.9883E-05 9.9883E-05 9.9883E-05 9.9883E-05 9.9883E-05 9.9883E-05 9.9883E-05 0.998702 9.9883E-05
0.0403512 0.0238797 0.0264857 0.0278919 0.0331533 0.025755 0.0315586 0.0563185 0.0208045 0.0096796 0.0245787 0.0142434 0.564623 0.100676
0.00858333 0.0025888 9.9955E-05 9.9955E-05 0.00224379 9.9955E-05 9.9955E-05 0.00850632 0.00129137 0.00825635 0.950648 0.00365768 9.9955E-05 0.0137243
0.00248556 9.9928E-05 0.00416704 9.9928E-05 9.9928E-05 9.9928E-05 0.00635594 9.9928E-05 0.974509 0.00617417 9.9928E-05 0.00550862 9.9928E-05 9.9928E-05
9.9955E-05 0.00505062 0.927125 9.9955E-05 0.0106877 0.00446332 9.9955E-05 0.0125834 0.00374974 0.00966463 0.0143694 9.9955E-05 0.0118068 9.9955E-05
0.000593173 0.0229557 0.0149158 0.0141929 0.00848343 0.0056427 0.00430263 0.0299565 0.835968 0.0158619 0.0168686 9.9991E-05 0.0151022 0.0150569
9.98829E-05 9.98829E-05 9.98829E-05 9.98829E-05 9.98829E-05 9.98829E-05 0.998702 9.98829E-05 9.98829E-05 9.98829E-05 9.98829E-05 9.98829E-05 9.98829E-05 9.98829E-05
0.00302402 0.0101767 9.99639E-05 0.932825 0.00230936 0.00594399 9.99639E-05 9.99639E-05 0.00949293 0.00719344 0.0125499 9.99639E-05 0.0150886 0.00099615
9.98831E-05 0.998702 9.98831E-05 9.98831E-05 9.98831E-05 9.98831E-05 9.98831E-05 9.98831E-05 9.98831E-05 9.98831E-05 9.98831E-05 9.98831E-05 9.98831E-05 9.98831E-05
0.0109938 0.0424633 0.0138655 0.548487 0.0569197 0.0877725 0.00939537 0.0381977 0.0138065 0.032382 0.031199 0.0144853 0.0213877 0.0786448
0.0189435 0.0111609 0.0256589 0.0429002 0.0227737 0.564773 0.00247206 0.0710074 0.0373751 0.0287885 0.0346575 0.0238913 0.0296631 0.0859348
9.98828E-05 9.98828E-05 9.98828E-05 9.98828E-05 9.98828E-05 0.998702 9.98828E-05 9.98828E-05 9.98828E-05 9.98828E-05 9.98828E-05 9.98828E-05 9.98828E-05 9.98828E-05
9.9883E-05 9.9883E-05 9.9883E-05 9.9883E-05 9.9883E-05 9.9883E-05 9.9883E-05 9.9883E-05 9.9883E-05 9.9883E-05 9.9883E-05 0.998702 9.9883E-05 9.9883E-05
9.98829E-05 9.98829E-05 9.98829E-05 9.98829E-05 9.98829E-05 9.98829E-05 9.98829E-05 9.98829E-05 9.98829E-05 9.98829E-05 9.98829E-05 9.98829E-05 9.98829E-05 0.998702
0.0181849 0.0374231 0.032367 0.150036 0.331266 0.0707481 0.0144787 0.0638581 0.0321642 0.0455435 0.0447707 0.0266781 0.0637828 0.0686989
9.9955E-05 0.0120884 0.00212131 9.9955E-05 0.0135015 9.9955E-05 0.00401576 0.901694 9.9955E-05 0.0027653 9.9955E-05 0.00679756 0.0202957 0.0362209
9.9883E-05 9.9883E-05 9.9883E-05 9.9883E-05 0.998702 9.9883E-05 9.9883E-05 9.9883E-05 9.9883E-05 9.9883E-05 9.9883E-05 9.9883E-05 9.9883E-05 9.9883E-05
0.0192574 9.9991E-05 0.0185782 0.00346911 0.0215733 0.0421332 0.0117276 0.745926 0.00160073 0.0171156 0.0128071 0.0291427 0.0291724 0.0473969
9.98921E-05 9.98921E-05 9.98921E-05 9.98921E-05 9.98921E-05 9.98921E-05 9.98921E-05 9.98921E-05 9.98921E-05 0.99541 9.98921E-05 0.00339161 9.98921E-05 9.98921E-05
9.98831E-05 9.98831E-05 9.98831E-05 9.98831E-05 9.98831E-05 9.98831E-05 9.98831E-05 9.98831E-05 9.98831E-05 0.998702 9.98831E-05 9.98831E-05 9.98831E-05 9.98831E-05
9.98829E-05 9.98829E-05 9.98829E-05 9.98829E-05 9.98829E-05 9.98829E-05 9.98829E-05 9.98829E-05 9.98829E-05 9.98829E-05 9.98829E-05 9.98829E-05 0.998702 9.98829E-05
0.0333881 0.0310625 0.0276611 0.0181463 0.021192 0.0310501 0.0319866 0.053761 0.0259802 0.0235681 0.0262828 0.0206866 0.567922 0.0873131
0.00209996 0.00851779 0.00831911 0.00686776 0.0297562 0.0153688 0.0119643 0.0328135 0.0117866 0.0105916 0.842736 0.00216685 0.0169121 9.9991E-05
9.98831E-05 9.98831E-05 9.98831E-05 9.98831E-05 9.98831E-05 9.98831E-05 9.98831E-05 9.98831E-05 0.998702 9.98831E-05 9.98831E-05 9.98831E-05 9.98831E-05 9.98831E-05
9.9883E-05 9.9883E-05 0.998702 9.9883E-05 9.9883E-05 9.9883E-05 9.9883E-05 9.9883E-05 9.9883E-05 9.9883E-05 9.9883E-05 9.9883E-05 9.9883E-05 9.9883E-05
0.019932 0.0213098 0.0247335 0.0169857 0.0247396 0.0118712 0.0193153 0.0192972 0.733292 0.0361307 0.0193166 0.00851624 0.022531 0.0220292
9.98829E-05 9.98829E-05 9.98829E-05 9.98829E-05 9.98829E-05 9.98829E-05 0.998702 9.98829E-05 9.98829E-05 9.98829E-05 9.98829E-05 9.98829E-05 9.98829E-05 9.98829E-05
9.98828E-05 9.98828E-05 9.98828E-05 0.998702 9.98828E-05 9.98828E-05 9.98828E-05 9.98828E-05 9.98828E-05 9.98828E-05 9.98828E-05 9.98828E-05 9.98828E-05 9.98828E-05
9.9883E-05 0.998702 9.9883E-05 9.9883E-05 9.9883E-05 9.9883E-05 9.9883E-05 9.9883E-05 9.9883E-05 9.9883E-05 9.9883E-05 9.9883E-05 9.9883E-05 9.9883E-05
0.0543415 0.0425991 0.0139455 0.049644 0.0634067 0.0762586 0.0580618 0.0729171 0.0336021 0.0244678 0.0298109 0.0647446 0.0581096 0.358091
9.9973E-05 0.0361608 0.0158311 0.617131 0.0424924 0.102672 9.9973E-05 0.0305106 9.9973E-05 0.00913023 0.0155591 0.0174724 0.0150118 0.0977287
0.0258374 0.0199583 9.9991E-05 0.0532636 0.00832282 0.506554 0.0321197 0.086012 0.0088819 0.0303506 0.0245521 0.0134407 0.0453009 0.145306
0.00449425 0.0282007 0.00255195 0.0329701 0.0182015 0.736941 0.000936948 0.0360555 0.0116321 0.0235223 0.0212165 0.0202605 0.0122098 0.0508069
0.038078 0.0221032 0.0358783 0.0304336 0.0241637 0.0695074 0.0282793 0.0167621 0.0244179 0.0246746 0.0176509 0.528036 0.0367068 0.103309
9.98829E-05 9.98829E-05 9.98829E-05 9.98829E-05 9.98829E-05 9.98829E-05 9.98829E-05 9.98829E-05 9.98829E-05 9.98829E-05 9.98829E-05 9.98829E-05 9.98829E-05 0.998702
9.9982E-05 0.0129467 0.00317837 0.0306844 0.825975 0.00987437 9.9982E-05 0.0338086 0.0023139 0.0126989 0.0149935 0.0187158 0.0198489 0.0147612
9.9937E-05 0.0123886 9.9937E-05 9.9937E-05 9.9937E-05 9.9937E-05 0.0192421 0.932802 0.00845063 0.00366469 0.000870527 9.9937E-05 9.9937E-05 0.0218823
0.00814565 9.9955E-05 9.9955E-05 0.00359101 0.929937 9.9955E-05 0.00956196 0.00775435 0.0176406 0.00307836 9.9955E-05 0.00233413 9.9955E-05 0.0174572
9.9901E-05 9.9901E-05 9.9901E-05 9.9901E-05 9.9901E-05 0.00350164 9.9901E-05 0.987193 9.9901E-05 9.9901E-05 9.9901E-05 0.00820643 9.9901E-05 9.9901E-05
0.00851255 9.9937E-05 0.00696731 9.9937E-05 0.0107888 9.9937E-05 0.00576299 9.9937E-05 9.9937E-05 0.943443 9.9937E-05 0.00892307 0.0149027 9.9937E-05
9.98831E-05 9.98831E-05 9.98831E-05 9.98831E-05 9.98831E-05 9.98831E-05 9.98831E-05 9.98831E-05 9.98831E-05 0.998702 9.98831E-05 9.98831E-05 9.98831E-05 9.98831E-05
9.9883E-05 9.9883E-05 9.9883E-05 9.9883E-05 9.9883E-05 9.9883E-05 9.9883E-05 9.9883E-05 9.9883E-05 9.9883E-05 9.9883E-05 9.9883E-05 0.998702 9.9883E-05
0.00967931 0.0133226 9.9955E-05 9.9955E-05 9.9955E-05 9.9955E-05 0.00485908 0.0223891 0.00777024 0.00981271 0.00740165 0.0170245 0.907241 9.9955E-05
9.9892E-05 9.9892E-05 9.9892E-05 9.9892E-05 9.9892E-05 9.9892E-05 9.9892E-05 9.9892E-05 9.9892E-05 9.9892E-05 0.9884 9.9892E-05 9.9892E-05 0.0104008
9.9883E-05 9.9883E-05 9.9883E-05 9.9883E-05 9.9883E-05 9.9883E-05 9.9883E-05 9.9883E-05 0.998702 9.9883E-05 9.9883E-05 9.9883E-05 9.9883E-05 9.9883E-05
9.9883E-05 9.9883E-05 0.998702 9.9883E-05 9.9883E-05 9.9883E-05 9.9883E-05 9.9883E-05 9.9883E-05 9.9883E-05 9.9883E-05 9.9883E-05 9.9883E-05 9.9883E-05
9.98831E-05 9.98831E-05 9.98831E-05 9.98831E-05 9.98831E-05 9.98831E-05 9.98831E-05 9.98831E-05 0.998702 9.98831E-05 9.98831E-05 9.98831E-05 9.98831E-05 9.98831E-05
9.9883E-05 9.9883E-05 9.9883E-05 9.9883E-05 9.9883E-05 9.9883E-05 0.998702 9.9883E-05 9.9883E-05 9.9883E-05 9.9883E-05 9.9883E-05 9.9883E-05 9.9883E-05
9.9928E-05 0.00318424 9.9928E-05 0.0282056 9.9928E-05 0.0178575 9.9928E-05 9.9928E-05 0.00798454 0.00134883 9.9928E-05 9.9928E-05 9.9928E-05 0.94062
0.00543732 0.963384 0.00422143 0.00318522 9.9946E-05 9.9946E-05 0.00288231 9.9946E-05 0.00209918 9.9946E-05 9.9946E-05 0.00421755 9.9946E-05 0.0139729
0.0392775 0.0583134 0.00896487 0.0479686 0.0630437 0.0701181 0.0681633 0.0785527 0.0363108 0.0173222 0.0226918 0.0731313 0.0628104 0.353331
0.000857054 0.0197705 0.0295594 0.35769 0.0543231 0.129044 0.0426904 0.0938909 0.0377532 0.0226032 0.0322268 0.0333536 0.0286993 0.117539
0.0255232 0.0223577 0.00503821 0.0527542 0.00295151 0.534591 0.0200814 0.0921789 0.00906757 0.0317612 0.0245016 0.0211279 0.0159361 0.14213
0.00849018 0.011531 0.00815247 0.0412891 0.0227676 0.702741 0.0179093 0.0408639 0.0157159 0.00361004 0.0187631 0.04216 0.0131585 0.0528478
9.98828E-05 9.98828E-05 9.98828E-05 9.98828E-05 9.98828E-05 9.98828E-05 9.98828E-05 9.98828E-05 9.98828E-05 9.98828E-05 9.98828E-05 0.998702 9.98828E-05 9.98828E-05
9.9973E-05 0.00327875 0.0172287 0.00123479 0.0134137 0.0151836 9.9973E-05 0.0130733 0.0143358 0.00904063 0.00518768 9.9973E-05 0.0248081 0.882915
0.00617593 0.0169179 0.00517478 0.0216702 0.815249 0.00954483 0.00762568 0.00830125 0.00876758 0.0182945 0.0235782 0.022444 0.0312364 0.00501984
9.9883E-05 9.9883E-05 9.9883E-05 9.9883E-05 9.9883E-05 9.9883E-05 9.9883E-05 0.998702 9.9883E-05 9.9883E-05 9.9883E-05 9.9883E-05 9.9883E-05 9.9883E-05
9.98829E-05 9.98829E-05 9.98829E-05 9.98829E-05 0.998702 9.98829E-05 9.98829E-05 9.98829E-05 9.98829E-05 9.98829E-05 9.98829E-05 9.98829E-05 9.98829E-05 9.98829E-05
9.99011E-05 9.99011E-05 9.99011E-05 9.99011E-05 9.99011E-05 0.00793191 9.99011E-05 0.988355 9.99011E-05 9.99011E-05 0.00261392 9.99011E-05 9.99011E-05 9.99011E-05
0.00938549 0.0096003 0.00131417 9.9955E-05 0.0136208 9.9955E-05 0.00946292 9.9955E-05 0.000725207 0.945507 9.9955E-05 0.00776731 0.00211744 9.9955E-05
9.99011E-05 9.99011E-05 9.99011E-05 0.00279801 9.99011E-05 9.99011E-05 9.99011E-05 9.99011E-05 9.99011E-05 0.994295 0.00180761 9.99011E-05 9.99011E-05 9.99011E-05
9.9883E-05 9.9883E-05 9.9883E-05 9.9883E-05 9.9883E-05 9.9883E-05 9.9883E-05 9.9883E-05 9.9883E-05 9.9883E-05 9.9883E-05 9.9883E-05 0.998702 9.9883E-05
9.9883E-05 9.9883E-05 9.9883E-05 9.9883E-05 9.9883E-05 9.9883E-05 9.9883E-05 9.9883E-05 9.9883E-05 9.9883E-05 9.9883E-05 9.9883E-05 0.998702 9.9883E-05
0.00648308 9.99356E-05 0.00295286 9.99356E-05 9.99356E-05 9.99356E-05 9.99356E-05 9.99356E-05 0.00160591 0.00147733 0.970405 9.99356E-05 0.0162758 9.99356E-05
0.00274664 9.9955E-05 0.000270356 0.00420618 9.9955E-05 9.9955E-05 0.00339544 0.00787499 0.967497 9.9955E-05 0.00473957 0.00379247 0.00497804 9.9955E-05
0.0222047 0.00866322 0.18289 0.039484 0.0549116 0.0510231 0.319866 0.0783583 0.0306697 0.0421504 0.0423233 0.0302226 0.0371781 0.0600549
9.9937E-05 0.00407065 9.9937E-05 9.9937E-05 0.000606748 0.0196582 9.9937E-05 9.9937E-05 0.958313 0.00525772 9.9937E-05 0.00182936 0.00956437 9.9937E-05
9.9919E-05 0.982635 9.9919E-05 0.000719765 0.00356574 9.9919E-05 9.9919E-05 9.9919E-05 9.9919E-05 0.00685321 0.00532707 9.9919E-05 9.9919E-05 9.9919E-05
0.0162839 0.0355288 0.0354906 0.427366 0.0867402 0.169685 0.000705134 0.0474645 0.0109854 0.0331826 0.00636865 0.0225663 0.0227003 0.0849333
0.0493586 0.0472114 0.00566039 0.0466327 0.0690101 0.0671358 0.060523 0.0919949 0.047199 0.0245175 0.0239109 0.0757074 0.057901 0.333237
0.0497506 0.0325848 0.0320383 0.331491 0.0417477 0.107078 0.0401143 0.0740599 0.037965 0.0407263 0.0473986 0.0321075 0.017944 0.114994
0.0265372 0.0228646 0.00765542 0.0612998 0.000767563 0.542753 0.0341579 0.0813605 0.0157898 0.0250411 0.0324817 0.00714621 0.0206026 0.121543
0.00731948 0.0250162 0.0337278 0.00645432 0.0328068 0.57538 0.00842619 0.0612447 0.0339548 0.0235253 0.0355209 0.038208 0.0145255 0.10389
0.998702 9.98831E-05 9.98831E-05 9.98831E-05 9.98831E-05 9.98831E-05 9.98831E-05 9.98831E-05 9.98831E-05 9.98831E-05 9.98831E-05 9.98831E-05 9.98831E-05 9.98831E-05
9.98829E-05 9.98829E-05 9.98829E-05 9.98829E-05 9.98829E-05 9.98829E-05 9.98829E-05 9.98829E-05 9.98829E-05 9.98829E-05 9.98829E-05 0.998702 9.98829E-05 9.98829E-05
0.00103962 9.9892E-05 9.9892E-05 9.9892E-05 9.9892E-05 9.9892E-05 9.9892E-05 9.9892E-05 9.9892E-05 9.9892E-05 9.9892E-05 9.9892E-05 9.9892E-05 0.997762
0.00630099 0.017441 9.9982E-05 0.0213034 0.838001 0.00334141 0.00120442 0.0260518 9.9982E-05 0.0182177 0.010088 0.0167141 0.0315907 0.00954536
9.98829E-05 9.98829E-05 9.98829E-05 9.98829E-05 9.98829E-05 9.98829E-05 9.98829E-05 0.998702 9.98829E-05 9.98829E-05 9.98829E-05 9.98829E-05 9.98829E-05 9.98829E-05
9.98829E-05 9.98829E-05 9.98829E-05 9.98829E-05 0.998702 9.98829E-05 9.98829E-05 9.98829E-05 9.98829E-05 9.98829E-05 9.98829E-05 9.98829E-05 9.98829E-05 9.98829E-05
9.99191E-05 9.99191E-05 9.99191E-05 0.00869454 9.99191E-05 0.00888268 9.99191E-05 0.972696 0.00150398 9.99191E-05 0.00732402 9.99191E-05 9.99191E-05 9.99191E-05
0.00109451 9.991E-05 0.00516199 9.991E-05 0.00167163 9.991E-05 9.991E-05 9.991E-05 9.991E-05 0.991073 9.991E-05 9.991E-05 9.991E-05 9.991E-05
0.00248798 0.0120512 9.9928E-05 9.9928E-05 9.9928E-05 9.9928E-05 9.9928E-05 0.0110427 9.9928E-05 0.00271009 9.9928E-05 0.0131171 0.957791 9.9928E-05
9.9883E-05 9.9883E-05 9.9883E-05 9.9883E-05 9.9883E-05 9.9883E-05 9.9883E-05 9.9883E-05 9.9883E-05 9.9883E-05 0.998702 9.9883E-05 9.9883E-05 9.9883E-05
0.01535 0.0185902 0.010894 0.0714303 9.9991E-05 0.056004 0.0121767 0.103184 0.0416139 0.0462829 0.476618 0.0132842 0.0532568 0.0812155
0.0365369 0.0293047 0.170612 0.0531494 0.031465 0.0872637 0.193247 0.0941323 0.0294593 0.0497032 0.0300469 0.0405013 0.051165 0.103414
9.9883E-05 9.9883E-05 9.9883E-05 9.9883E-05 9.9883E-05 9.9883E-05 9.9883E-05 9.9883E-05 0.998702 9.9883E-05 9.9883E-05 9.9883E-05 9.9883E-05 9.9883E-05
9.9883E-05 9.9883E-05 0.998702 9.9883E-05 9.9883E-05 9.9883E-05 9.9883E-05 9.9883E-05 9.9883E-05 9.9883E-05 9.9883E-05 9.9883E-05 9.9883E-05 9.9883E-05
0.000355035 0.0228538 0.02116 0.0125145 0.0175219 0.0185041 9.9973E-05 9.9973E-05 0.851291 0.0153136 0.02079 0.00378786 0.0156085 9.9973E-05
9.98831E-05 0.998702 9.98831E-05 9.98831E-05 9.98831E-05 9.98831E-05 9.98831E-05 9.98831E-05 9.98831E-05 9.98831E-05 9.98831E-05 9.98831E-05 9.98831E-05 9.98831E-05
0.0048874 0.0282721 0.0182767 0.441794 0.0751293 0.109011 0.0128019 0.0464225 0.0186578 0.0217495 0.032208 0.0342482 0.0419439 0.114598
0.0443384 0.0535426 0.0416642 0.0688643 0.0735282 0.058381 0.0384684 0.104715 0.0303598 0.0357889 0.0375372 0.0650534 0.0750351 0.272724
0.0336492 0.0224498 0.0395215 0.392947 0.0533636 0.13602 0.00258558 0.080877 0.0329612 0.029571 0.0221798 0.0426603 0.0199542 0.0912602
0.019278 0.015887 0.0340459 0.0819519 0.0271767 0.639092 9.9991E-05 0.0546358 0.00962587 0.00956278 0.0414193 0.0291328 0.00413044 0.0339619
9.99711E-05 0.0257409 0.0201972 0.0304937 0.00489723 0.833875 0.0102768 0.00588825 0.012597 0.0211874 9.99711E-05 9.99711E-05 9.99711E-05 0.0344462
0.995607 9.98921E-05 9.98921E-05 9.98921E-05 9.98921E-05 9.98921E-05 9.98921E-05 9.98921E-05 9.98921E-05 9.98921E-05 9.98921E-05 9.98921E-05 0.0031939 9.98921E-05
0.0158028 0.00810732 0.0104434 0.0107676 0.0167554 0.0180916 0.0180892 0.00922843 0.0118359 0.0166713 0.0206483 0.828344 0.0151148 9.9991E-05
9.9883E-05 9.9883E-05 9.9883E-05 9.9883E-05 9.9883E-05 9.9883E-05 9.9883E-05 9.9883E-05 9.9883E-05 9.9883E-05 9.9883E-05 9.9883E-05 9.9883E-05 0.998702
0.00886321 0.0321808 0.0102911 0.0168748 0.780351 0.0180212 9.9982E-05 0.026207 0.0108189 0.0227796 0.0218731 0.0200305 0.0315087 9.9982E-05
9.9883E-05 9.9883E-05 9.9883E-05 9.9883E-05 9.9883E-05 9.9883E-05 9.9883E-05 0.998702 9.9883E-05 9.9883E-05 9.9883E-05 9.9883E-05 9.9883E-05 9.9883E-05
9.98829E-05 9.98829E-05 9.98829E-05 9.98829E-05 0.998702 9.98829E-05 9.98829E-05 9.98829E-05 9.98829E-05 9.98829E-05 9.98829E-05 9.98829E-05 9.98829E-05 9.98829E-05
9.98921E-05 9.98921E-05 9.98921E-05 9.98921E-05 9.98921E-05 9.98921E-05 9.98921E-05 9.98921E-05 9.98921E-05 0.997843 9.98921E-05 0.000958348 9.98921E-05 9.98921E-05
