9.994E-05 0.9993 9.994E-05 9.994E-05 9.994E-05 9.994E-05 9.994E-05 9.994E-05
9.9982E-05 0.00445995 0.0018671 0.0174174 0.947457 0.019274 0.00932447 9.9982E-05
9.9982E-05 0.00148672 9.9982E-05 0.0419198 0.944298 0.00706388 0.00447815 0.000553831
9.994E-05 9.994E-05 0.9993 9.994E-05 9.994E-05 9.994E-05 9.994E-05 9.994E-05
9.994E-05 9.994E-05 0.9993 9.994E-05 9.994E-05 9.994E-05 9.994E-05 9.994E-05
0.391293 0.0636569 0.0448706 0.307977 0.0586998 0.0437911 0.0582305 0.0314808
9.994E-05 9.994E-05 9.994E-05 9.994E-05 9.994E-05 9.994E-05 0.9993 9.994E-05
0.9993 9.994E-05 9.994E-05 9.994E-05 9.994E-05 9.994E-05 9.994E-05 9.994E-05
0.0516 0.0598477 0.0302065 0.676651 0.031927 0.00864428 0.0529233 0.0882007
9.9964E-05 9.9964E-05 0.00436325 9.9964E-05 0.00799553 0.98197 0.0052712 9.9964E-05
0.0672585 0.0677722 0.0619597 0.542003 0.066964 0.0513027 0.056727 0.0860126
0.0776995 0.0517437 0.0362634 0.524894 0.089582 0.0603623 0.0729543 0.0865011
0.0113528 0.0140182 0.000551403 0.950893 9.9973E-05 9.9973E-05 0.0228846 9.9973E-05
9.9946E-05 9.9946E-05 9.9946E-05 0.997146 9.9946E-05 9.9946E-05 0.00225476 9.9946E-05
0.0165608 0.0132864 0.0043277 0.37068 0.0232955 0.0340465 0.537704 9.9991E-05
0.0620898 9.9982E-05 0.0261481 0.789124 0.0423186 0.0562166 9.9982E-05 0.0239033
0.0464133 9.9991E-05 0.0193429 0.801212 0.0665407 0.0381732 0.00808813 0.0201296
0.061688 0.0658167 0.0535298 0.579178 0.0663828 0.0390397 0.0790136 0.0553518
0.0127425 0.0286722 0.0169747 0.0807672 0.0360797 0.0295619 0.00608403 0.789118
0.023444 0.0325781 0.0316789 0.779136 0.0384128 0.0157914 0.0274635 0.0514953
0.00351595 9.9955E-05 9.9955E-05 9.9955E-05 0.00902989 9.9955E-05 9.9955E-05 0.986954
9.9964E-05 0.00287433 0.012625 0.982572 9.9964E-05 9.9964E-05 9.9964E-05 0.00152834
9.99855E-05 0.918971 0.0134108 0.0397803 0.00310002 9.99855E-05 0.0242245 0.000313321
9.994E-05 9.994E-05 9.994E-05 9.994E-05 0.9993 9.994E-05 9.994E-05 9.994E-05
9.9973E-05 0.00623025 9.9973E-05 0.0388829 0.923426 0.0144984 0.0166629 9.9973E-05
9.994E-05 9.994E-05 0.9993 9.994E-05 9.994E-05 9.994E-05 9.994E-05 9.994E-05
9.994E-05 9.994E-05 9.994E-05 9.994E-05 9.994E-05 9.994E-05 0.9993 9.994E-05
0.9993 9.994E-05 9.994E-05 9.994E-05 9.994E-05 9.994E-05 9.994E-05 9.994E-05
0.00883734 0.01665 9.9991E-05 0.0173888 0.0109789 0.0172899 0.925216 0.00353933
0.9993 9.994E-05 9.994E-05 9.994E-05 9.994E-05 9.994E-05 9.994E-05 9.994E-05
0.0590818 0.0430992 0.0224614 0.737055 0.0121759 9.9991E-05 0.0333792 0.092648
9.994E-05 9.994E-05 9.994E-05 9.994E-05 9.994E-05 0.9993 9.994E-05 9.994E-05
0.069103 0.0824478 0.0681284 0.428225 0.0929702 0.0666451 0.100264 0.0922158
0.0121838 0.00121303 9.9964E-05 0.964832 9.9964E-05 9.9964E-05 0.0213713 9.9964E-05
9.9946E-05 9.9946E-05 9.9946E-05 0.998603 9.9946E-05 9.9946E-05 0.000796856 9.9946E-05
0.0358618 0.0596966 0.0230994 0.665187 0.0508178 0.0548339 0.0575595 0.0529439
0.056383 9.9982E-05 0.0236566 0.794616 0.0350232 0.0573566 9.9982E-05 0.0327645
0.0798203 0.0250872 0.0442813 0.657582 0.0349685 0.0491467 0.0423343 0.0667796
0.0122091 0.00132413 9.9982E-05 0.941656 0.0168912 0.00757004 9.9982E-05 0.0201495
9.994E-05 9.994E-05 9.994E-05 9.994E-05 9.994E-05 9.994E-05 9.994E-05 0.9993
0.0365295 0.0321311 0.0237576 0.825806 0.0343925 0.00800702 0.0112781 0.0280979
9.994E-05 0.9993 9.994E-05 9.994E-05 9.994E-05 9.994E-05 9.994E-05 9.994E-05
9.9982E-05 0.946163 0.0100412 0.0304251 9.9982E-05 0.00473904 0.00604732 0.00238461
9.994E-05 9.994E-05 9.994E-05 9.994E-05 0.9993 9.994E-05 9.994E-05 9.994E-05
0.0139551 0.00576505 0.00394677 0.0555862 0.875453 0.015465 0.0233762 0.00645252
9.994E-05 9.994E-05 0.9993 9.994E-05 9.994E-05 9.994E-05 9.994E-05 9.994E-05
9.994E-05 9.994E-05 9.994E-05 9.994E-05 9.994E-05 9.994E-05 0.9993 9.994E-05
0.557402 0.0306432 0.01323 0.325854 0.0175399 0.0306871 0.0245431 9.9991E-05
9.994E-05 9.994E-05 9.994E-05 9.994E-05 9.994E-05 9.994E-05 0.9993 9.994E-05
0.577691 0.037468 0.00995931 0.297248 0.0228595 0.0301053 0.0245691 9.9991E-05
0.0559725 0.0666257 0.0287617 0.657953 0.0309909 0.0168464 0.0562488 0.0866008
9.9973E-05 0.00508369 0.0129419 9.9973E-05 0.00142063 0.979942 9.9973E-05 0.000311706
0.0618252 0.0559588 0.0451543 0.616988 0.0368533 0.0375211 0.045209 0.10049
0.0142713 0.0196233 0.00322947 0.944519 9.9991E-05 0.001012 0.0170354 0.000209639
0.0117226 0.00801137 9.9991E-05 0.958224 0.00238989 0.00373354 0.00777759 0.00804131
0.0707268 0.054623 0.0560651 0.583506 0.0533273 0.072495 0.0603249 0.0489316
0.064482 9.9982E-05 0.0278642 0.771853 0.0417175 0.0545573 9.9982E-05 0.0393266
0.0465806 0.0523103 0.0407035 0.330885 0.054622 0.0327324 0.0456132 0.396553
0.0289456 0.0190224 0.00132657 0.884119 0.0327295 0.0143737 0.0112238 0.00825966
9.994E-05 9.994E-05 9.994E-05 9.994E-05 9.994E-05 9.994E-05 9.994E-05 0.9993
9.9946E-05 9.9946E-05 9.9946E-05 0.990972 0.00842819 9.9946E-05 9.9946E-05 9.9946E-05
0.0042857 0.985587 9.9955E-05 9.9955E-05 0.00962727 9.9955E-05 9.9955E-05 9.9955E-05
9.9973E-05 0.948218 0.0131652 0.0213874 0.00526786 9.9973E-05 0.0116619 9.9973E-05
9.994E-05 9.994E-05 9.994E-05 9.994E-05 0.9993 9.994E-05 9.994E-05 9.994E-05
0.0550875 0.0325539 0.0292718 0.207124 0.579153 0.0419381 0.018244 0.0366278
0.00658188 0.0109305 0.949092 0.0121111 0.00978957 0.00197621 0.00175866 0.00775966
0.00754789 0.00846691 0.00375124 9.9973E-05 9.9973E-05 9.9973E-05 0.97728 0.00265395
0.97683 9.99549E-05 9.99549E-05 9.99549E-05 0.00977316 9.99549E-05 9.99549E-05 0.0128972
0.033561 0.0149639 0.00946444 0.0453652 0.0253726 0.00403386 0.851678 0.0155611
0.607096 0.0263548 0.00745375 0.311441 0.00762331 0.0256705 0.0142601 9.9991E-05
0.0516844 0.0556946 0.0396161 0.646349 0.034426 0.0250976 0.0511074 0.0960243
9.994E-05 9.994E-05 9.994E-05 9.994E-05 9.994E-05 0.9993 9.994E-05 9.994E-05
0.0514734 0.0600412 0.0355356 0.607405 0.0416292 0.0424548 0.042754 0.118707
0.027641 0.032707 0.0282461 0.791733 0.0313915 0.0072199 0.0416527 0.0394088
9.9946E-05 9.9946E-05 9.9946E-05 0.998585 9.9946E-05 9.9946E-05 9.9946E-05 0.000815088
0.0373309 9.9991E-05 0.0271882 0.810814 0.060808 0.043292 0.00383957 0.0166275
0.0457144 0.060985 0.0592078 0.589447 0.073032 0.0644204 0.0661371 0.0410561
0.0517569 0.0640331 0.0332926 0.339864 0.067715 0.0437537 0.042254 0.357331
0.0264026 0.0172611 0.00683493 0.908245 0.0227079 0.00248527 0.0028286 0.0132345
9.994E-05 9.994E-05 9.994E-05 9.994E-05 9.994E-05 9.994E-05 9.994E-05 0.9993
0.0246693 0.0123666 0.0180289 0.878804 0.0362912 9.9991E-05 0.00775588 0.0219841
9.994E-05 0.9993 9.994E-05 9.994E-05 9.994E-05 9.994E-05 9.994E-05 9.994E-05
9.994E-05 0.9993 9.994E-05 9.994E-05 9.994E-05 9.994E-05 9.994E-05 9.994E-05
9.994E-05 9.994E-05 9.994E-05 9.994E-05 0.9993 9.994E-05 9.994E-05 9.994E-05
0.0549288 0.0247913 0.020998 0.206502 0.57658 0.0372448 0.0383575 0.0405967
0.0156777 0.0048927 0.839937 0.0654403 0.0117672 0.00744468 0.0277926 0.0270476
9.994E-05 9.994E-05 9.994E-05 9.994E-05 9.994E-05 9.994E-05 0.9993 9.994E-05
0.9993 9.994E-05 9.994E-05 9.994E-05 9.994E-05 9.994E-05 9.994E-05 9.994E-05
0.0317635 0.027495 0.0216519 0.103887 0.0348781 0.0266856 0.728737 0.0249016
0.618041 0.0260565 9.9982E-05 0.299886 0.0123619 0.0322648 0.0111904 9.9982E-05
0.0592664 0.0513464 0.0315515 0.691133 0.0240054 0.0034838 0.0398735 0.0993399
9.994E-05 9.994E-05 9.994E-05 9.994E-05 9.994E-05 0.9993 9.994E-05 9.994E-05
0.0593472 0.0450883 0.0490946 0.533354 0.0917862 0.0686893 0.0632222 0.0894178
0.0447057 0.0486291 0.0357602 0.663268 0.0366976 0.0420118 0.0332937 0.0956337
0.0159929 0.0373136 0.0399701 0.816683 0.0379624 0.01581 0.0117204 0.0245471
0.0285397 0.0290074 0.0208317 0.84871 0.011566 0.0157433 0.0261912 0.0194106
0.105222 0.0255933 0.0453124 0.631961 0.0744252 0.0348403 0.0389296 0.0437163
0.0448623 0.0585654 0.0684034 0.604315 0.0578915 0.0636838 0.0561646 0.0461142
0.00874082 0.0149248 0.0186688 0.0849983 0.0220467 0.0253274 0.00299914 0.822294
0.00614973 0.0135646 0.00576707 0.935155 0.0207292 0.00865152 0.0098831 9.9991E-05
0.021008 0.0126318 9.9982E-05 0.0168151 9.9982E-05 0.00626526 0.00883644 0.934243
9.9946E-05 9.9946E-05 9.9946E-05 0.999043 9.9946E-05 9.9946E-05 9.9946E-05 0.000357168
0.0187532 0.950012 9.9982E-05 9.9982E-05 0.0161323 0.00245997 0.00346378 0.00897863
9.994E-05 0.9993 9.994E-05 9.994E-05 9.994E-05 9.994E-05 9.994E-05 9.994E-05
9.994E-05 9.994E-05 9.994E-05 9.994E-05 0.9993 9.994E-05 9.994E-05 9.994E-05
9.9991E-05 0.00266128 0.0053355 0.0431316 0.919089 0.0200697 0.00741775 0.00219487
0.00152483 9.9946E-05 0.997875 9.9946E-05 9.9946E-05 9.9946E-05 9.9946E-05 9.9946E-05
9.994E-05 9.994E-05 9.994E-05 9.994E-05 9.994E-05 9.994E-05 0.9993 9.994E-05
0.9993 9.994E-05 9.994E-05 9.994E-05 9.994E-05 9.994E-05 9.994E-05 9.994E-05
9.994E-05 9.994E-05 9.994E-05 9.994E-05 9.994E-05 9.994E-05 0.9993 9.994E-05
0.621319 0.0250865 0.00935574 0.286685 0.00994855 0.0374459 0.0100598 9.9991E-05
0.0226804 0.059709 0.030564 0.641138 0.0503274 0.0631282 0.081919 0.0505338
0.00771013 9.9964E-05 0.000669163 9.9964E-05 9.9964E-05 0.978603 0.0126176 9.9964E-05
0.0695205 0.0418575 0.0462731 0.539013 0.0814056 0.0723771 0.0543859 0.0951672
0.0637289 0.0503268 0.0438383 0.610298 0.0450986 0.0321885 0.0603133 0.0942077
0.0223699 0.0301611 0.0357382 0.844684 0.0243511 0.0152874 0.0100027 0.0174055
0.0298357 0.0155172 0.00206431 0.866929 0.0137644 0.0064168 0.0269311 0.0385419
0.0304043 9.9982E-05 0.0194814 0.842201 0.0461347 0.0461824 9.9982E-05 0.0153966
0.0386479 0.0600128 0.054026 0.603777 0.0657033 0.0479945 0.0769289 0.0529097
0.0111768 0.0239443 0.0262686 0.0694644 0.0168194 0.028018 0.00507493 0.819234
9.9946E-05 9.9946E-05 9.9946E-05 0.992538 0.00686256 9.9946E-05 9.9946E-05 9.9946E-05
9.994E-05 9.994E-05 9.994E-05 9.994E-05 9.994E-05 9.994E-05 9.994E-05 0.9993
9.994E-05 9.994E-05 9.994E-05 0.9993 9.994E-05 9.994E-05 9.994E-05 9.994E-05
0.0133362 0.965545 9.9991E-05 0.00274593 0.00179842 0.00394689 0.000680417 0.0118472
9.9946E-05 0.996897 0.0025034 9.9946E-05 9.9946E-05 9.9946E-05 9.9946E-05 9.9946E-05
9.994E-05 9.994E-05 9.994E-05 9.994E-05 0.9993 9.994E-05 9.994E-05 9.994E-05
9.994E-05 9.994E-05 9.994E-05 9.994E-05 0.9993 9.994E-05 9.994E-05 9.994E-05
0.000592466 0.00139662 0.975618 9.9982E-05 0.00318084 0.00966576 0.00934657 9.9982E-05
0.015142 9.9955E-05 0.0034981 9.9955E-05 9.9955E-05 9.9955E-05 0.98086 9.9955E-05
0.392077 0.0541082 0.0480139 0.347443 0.0467313 0.0231688 0.0395337 0.0489238
0.00857208 9.9982E-05 0.0188707 0.0125973 0.00260699 0.00991445 0.947239 9.9982E-05
9.9964E-05 9.9964E-05 9.9964E-05 9.9964E-05 0.00144209 0.988539 0.00685347 0.00276538
0.0608248 0.0596706 0.0360707 0.613376 0.0413259 0.0348181 0.0276565 0.126257
0.0744263 0.0458785 0.0475743 0.530334 0.087222 0.0683709 0.0597058 0.0864878
0.0808041 0.0617767 0.0670564 0.580101 0.0338156 0.0319282 0.0702073 0.0743104
0.0303604 0.0346278 0.0412047 0.830893 0.0279718 0.012444 0.0190755 0.00342251
0.0498755 0.0262944 0.0264595 0.799235 0.00555547 0.0286478 0.0382673 0.0256651
0.0514645 9.9982E-05 0.0305167 0.777412 0.0347647 0.0570519 9.9982E-05 0.0485907
0.0390179 0.0038164 0.0112377 0.820871 0.0642778 0.0423571 9.9991E-05 0.018322
0.0480999 0.0304595 0.0514772 0.665407 0.0501985 0.0340622 0.0854678 0.0348277
0.000357363 0.0231237 0.0128851 0.0666136 0.0281274 0.0131391 9.9991E-05 0.855654
9.994E-05 9.994E-05 9.994E-05 0.9993 9.994E-05 9.994E-05 9.994E-05 9.994E-05
9.994E-05 9.994E-05 9.994E-05 9.994E-05 9.994E-05 9.994E-05 9.994E-05 0.9993
9.9946E-05 9.9946E-05 0.00838697 0.991013 9.9946E-05 9.9946E-05 9.9946E-05 9.9946E-05
0.00578809 0.989922 9.9955E-05 9.9955E-05 9.9955E-05 9.9955E-05 9.9955E-05 0.00379017
9.9973E-05 0.00780126 9.9973E-05 0.0231207 0.955001 0.0120829 0.0016946 9.9973E-05
9.994E-05 9.994E-05 0.9993 9.994E-05 9.994E-05 9.994E-05 9.994E-05 9.994E-05
0.036625 0.0549022 0.477874 0.293339 0.0650818 0.0183339 0.0334625 0.020381
0.29909 0.0628777 0.0400628 0.409709 0.0751743 0.0482179 0.0337599 0.0311082
9.994E-05 9.994E-05 9.994E-05 9.994E-05 9.994E-05 9.994E-05 0.9993 9.994E-05
0.9993 9.994E-05 9.994E-05 9.994E-05 9.994E-05 9.994E-05 9.994E-05 9.994E-05
0.00571941 0.0116832 0.012379 0.051034 0.0194405 0.00949967 0.866278 0.0239657
9.994E-05 9.994E-05 9.994E-05 9.994E-05 9.994E-05 0.9993 9.994E-05 9.994E-05
0.0545112 0.0523448 0.0499189 0.590641 0.0488937 0.0408761 0.0377546 0.125059
0.0891882 0.0548872 0.0388258 0.502819 0.0935294 0.0676806 0.0628724 0.0901973
0.0649638 0.0562615 0.0450443 0.591141 0.0513105 0.0444215 0.0532531 0.093604
0.0519494 0.011721 0.0345317 0.81782 0.0104288 0.00651463 0.0300507 0.0369839
0.0172989 0.0326886 9.9982E-05 0.884274 9.9982E-05 0.0235425 0.03107 0.010926
0.0709504 0.00331766 0.0244375 0.756867 0.0560282 0.0601347 0.00714051 0.0211244
0.066849 0.0203738 0.0334805 0.718355 0.0739142 0.037585 0.0172493 0.0321936
0.0469256 0.0365217 0.0522524 0.675061 0.036026 0.0377035 0.0824782 0.0330312
0.0123808 0.0205527 0.0286517 0.0775014 0.0298502 0.0214768 0.016516 0.79307
9.99459E-05 9.99459E-05 9.99459E-05 0.981633 0.0177677 9.99459E-05 9.99459E-05 9.99459E-05
9.994E-05 9.994E-05 9.994E-05 9.994E-05 9.994E-05 9.994E-05 9.994E-05 0.9993
9.994E-05 0.9993 9.994E-05 9.994E-05 9.994E-05 9.994E-05 9.994E-05 9.994E-05
