9.998E-05 0.9997 9.998E-05 9.998E-05
9.998E-05 9.998E-05 0.9997 9.998E-05
9.998E-05 9.998E-05 0.9997 9.998E-05
9.998E-05 9.998E-05 0.9997 9.998E-05
9.998E-05 9.998E-05 0.9997 9.998E-05
0.07022 0.063722 0.785604 0.0804542
9.998E-05 9.998E-05 9.998E-05 0.9997
0.0155539 9.9982E-05 0.984246 9.9982E-05
0.140381 0.0786707 0.678442 0.102506
0.00615217 0.0134158 0.954131 0.0263015
0.13628 0.0799673 0.668361 0.115391
0.128573 0.0580997 0.715287 0.09804
0.0792844 0.0556527 0.755827 0.109236
0.120612 0.0270326 0.73925 0.113106
0.0304665 0.022402 0.379078 0.568053
0.092132 0.0206548 0.827745 0.0594681
0.0734069 0.0139687 0.857513 0.0551111
0.101182 0.0685263 0.706674 0.123618
0.819958 0.0328965 0.14274 0.00440489
0.121298 0.0596534 0.739249 0.0797999
0.996422 0.00337828 9.9982E-05 9.9982E-05
0.112401 0.0319362 0.781875 0.073788
0.00378434 0.924282 0.0629637 0.00896987
9.998E-05 9.998E-05 0.9997 9.998E-05
9.998E-05 9.998E-05 0.9997 9.998E-05
9.9982E-05 9.9982E-05 0.99894 0.000860387
9.998E-05 9.998E-05 9.998E-05 0.9997
0.0207641 9.9982E-05 0.979036 9.9982E-05
9.9991E-05 0.0155247 0.051077 0.933298
0.0292383 0.00849223 0.959985 0.00228452
0.166491 0.0659432 0.679172 0.0883942
9.9991E-05 0.00497973 0.981005 0.0139151
0.116422 0.112932 0.646331 0.124314
0.0807368 0.0492872 0.758209 0.111767
0.118914 0.0311891 0.74376 0.106137
0.110244 0.0653424 0.727588 0.0968256
0.105565 0.0253818 0.819929 0.049124
0.109631 0.0549107 0.745141 0.0903175
0.0926884 0.0385201 0.79005 0.0787419
0.9997 9.998E-05 9.998E-05 9.998E-05
0.121237 0.058065 0.742836 0.0778615
9.998E-05 0.9997 9.998E-05 9.998E-05
0.00413735 0.964155 0.0272176 0.00449005
9.998E-05 9.998E-05 0.9997 9.998E-05
9.9982E-05 0.000808674 0.998991 9.9982E-05
9.9982E-05 9.9982E-05 0.992428 0.00737164
9.998E-05 9.998E-05 9.998E-05 0.9997
0.0298729 0.0343394 0.893989 0.0417991
9.998E-05 9.998E-05 9.998E-05 0.9997
0.0160109 0.0403915 0.910781 0.0328161
0.146393 0.0738116 0.665625 0.114171
9.9991E-05 0.00686868 0.967031 0.0260003
0.162333 0.0739583 0.672862 0.0908463
0.0884119 0.0456423 0.757815 0.108131
0.111677 0.0453222 0.752991 0.09001
0.0856511 0.0724689 0.737311 0.104568
0.097559 0.0213585 0.82729 0.0537923
0.442038 0.0466951 0.448531 0.0627358
0.09185 0.0370765 0.777635 0.0934383
0.9997 9.998E-05 9.998E-05 9.998E-05
0.0890733 0.0309273 0.815679 0.0643204
9.998E-05 0.9997 9.998E-05 9.998E-05
9.9991E-05 0.957697 0.030974 0.0112291
9.998E-05 9.998E-05 0.9997 9.998E-05
0.052407 0.0290817 0.891771 0.0267404
0.0185036 0.0100787 0.965082 0.00633517
0.011908 0.0051611 9.9991E-05 0.982831
0.0303911 0.0120343 0.957475 9.9991E-05
0.0137801 0.023997 0.102254 0.859969
0.0238669 0.0279381 0.917026 0.031169
0.1498 0.0803733 0.67077 0.099057
0.00355108 0.00749235 0.96716 0.0217963
0.16038 0.0769966 0.671812 0.0908113
0.105818 0.0727286 0.710063 0.11139
0.127944 0.0361194 0.737467 0.09847
0.0819355 0.0104915 0.852419 0.0551536
0.0826745 0.0789777 0.739581 0.0987671
0.390914 0.0606739 0.482643 0.065769
0.094669 0.0371084 0.792291 0.0759312
0.9997 9.998E-05 9.998E-05 9.998E-05
0.105642 0.0473986 0.774445 0.0725141
9.998E-05 0.9997 9.998E-05 9.998E-05
9.998E-05 0.9997 9.998E-05 9.998E-05
9.998E-05 9.998E-05 0.9997 9.998E-05
0.0382452 0.04154 0.886211 0.0340041
0.032492 0.00967934 0.925236 0.0325922
9.998E-05 9.998E-05 9.998E-05 0.9997
0.0207749 9.9982E-05 0.979025 9.9982E-05
0.0408811 0.0407362 0.169853 0.74853
0.0169922 0.0353442 0.920782 0.0268814
0.148058 0.0835752 0.668051 0.100316
0.00330741 0.011896 0.969534 0.0152627
0.124443 0.0477669 0.727936 0.0998546
0.152711 0.0670453 0.699684 0.0805594
0.0961535 0.0551883 0.749119 0.0995394
0.10706 0.0662757 0.720971 0.105693
0.0891194 0.0504831 0.788831 0.0715665
0.0892428 0.0677559 0.743025 0.0999763
0.846403 0.0167984 0.12879 0.00800873
0.0918065 0.0438446 0.781732 0.0826169
0.944872 0.00854714 0.0379503 0.00863103
0.103703 0.0306302 0.786684 0.0789829
9.9982E-05 0.95562 0.0441802 9.9982E-05
9.998E-05 0.9997 9.998E-05 9.998E-05
9.998E-05 9.998E-05 0.9997 9.998E-05
9.9982E-05 0.00168004 0.99812 9.9982E-05
9.9991E-05 0.00995375 0.985979 0.00396687
9.998E-05 9.998E-05 9.998E-05 0.9997
0.00406941 9.9982E-05 0.995731 9.9982E-05
9.998E-05 9.998E-05 9.998E-05 0.9997
0.0107294 0.0303526 0.935259 0.023659
0.105445 0.071228 0.689971 0.133356
9.9991E-05 0.0113454 0.957208 0.031347
0.131774 0.0487586 0.728055 0.0914122
0.14851 0.0661141 0.681609 0.103767
0.089404 0.0654467 0.756871 0.0882785
0.132793 0.0490279 0.713469 0.10471
0.0793252 0.00789504 0.86274 0.05004
0.0990768 0.0732489 0.705188 0.122486
0.840122 0.026381 0.131613 0.00188405
0.0876013 0.0283928 0.814973 0.0690328
0.9997 9.998E-05 9.998E-05 9.998E-05
0.117114 0.0273381 0.778456 0.0770918
0.0202572 0.964862 0.0141847 0.000696025
9.9991E-05 0.998174 0.000625786 0.00110004
9.998E-05 9.998E-05 0.9997 9.998E-05
9.998E-05 9.998E-05 0.9997 9.998E-05
0.00998187 0.00633821 0.968785 0.0148945
9.9991E-05 0.00698403 0.0215883 0.971328
0.0845138 0.0613168 0.790177 0.0639921
9.9991E-05 0.0113445 0.0276782 0.960877
0.00466025 0.0159102 0.959121 0.0203088
0.190616 0.0812365 0.643343 0.0848048
0.132252 0.0528802 0.717315 0.0975528
0.125695 0.0893818 0.677277 0.107646
0.0748321 0.0610562 0.777417 0.0866948
0.106698 0.0607593 0.722965 0.109578
0.100127 0.0223542 0.83073 0.046789
0.0734606 0.0204754 0.857754 0.0483097
0.0898881 0.0418029 0.732934 0.135375
0.876324 0.0221698 0.0960191 0.0054876
0.0839516 0.0214394 0.831048 0.0635612
0.9997 9.998E-05 9.998E-05 9.998E-05
0.109833 0.0363896 0.778226 0.0755513
9.998E-05 0.9997 9.998E-05 9.998E-05
9.998E-05 9.998E-05 0.9997 9.998E-05
0.00255345 9.9982E-05 0.997247 9.9982E-05
0.0402284 0.0517478 0.850768 0.0572562
0.0773033 0.0831186 0.781195 0.0583836
9.998E-05 9.998E-05 9.998E-05 0.9997
0.0221964 9.9982E-05 0.977604 9.9982E-05
0.0270379 0.00653519 0.110129 0.856298
0.00650229 0.00986179 0.962306 0.0213302
0.174744 0.06252 0.681895 0.0808411
0.131602 0.0648269 0.701632 0.101939
0.133905 0.0874865 0.681541 0.0970672
0.124123 0.0520816 0.732304 0.0914911
0.0910496 0.0634874 0.736883 0.10858
0.0902534 0.0171663 0.849179 0.0434012
0.10029 0.037359 0.797665 0.0646856
0.0932794 0.0422247 0.744401 0.120094
0.814115 0.0304372 0.135118 0.0203299
0.0881029 0.0311045 0.815079 0.0657135
0.9997 9.998E-05 9.998E-05 9.998E-05
9.998E-05 0.9997 9.998E-05 9.998E-05
