9.99201E-05 9.99201E-05 9.99201E-05 9.99201E-05 9.99201E-05 9.99201E-05 0.999101 9.99201E-05 9.99201E-05 9.99201E-05
9.9982E-05 0.00124278 0.0246604 0.00193394 0.00393913 0.000495847 0.00312334 0.941647 9.9982E-05 0.0227576
0.00373211 9.9973E-05 0.0215293 0.0152346 0.000778453 9.9973E-05 9.9973E-05 0.949687 0.000377411 0.00836098
9.99201E-05 9.99201E-05 9.99201E-05 9.99201E-05 9.99201E-05 9.99201E-05 9.99201E-05 9.99201E-05 0.999101 9.99201E-05
9.99201E-05 9.99201E-05 9.99201E-05 9.99201E-05 9.99201E-05 9.99201E-05 9.99201E-05 9.99201E-05 0.999101 9.99201E-05
0.0339719 0.090468 0.0853033 0.207153 0.0566997 0.312901 0.0658153 0.0758044 0.036494 0.0353891
9.99201E-05 9.99201E-05 9.99201E-05 9.99201E-05 0.999101 9.99201E-05 9.99201E-05 9.99201E-05 9.99201E-05 9.99201E-05
9.99201E-05 9.99201E-05 9.99201E-05 9.99201E-05 9.99201E-05 0.999101 9.99201E-05 9.99201E-05 9.99201E-05 9.99201E-05
0.102122 0.0457255 0.0736416 0.576743 0.042971 0.0309105 0.0467488 0.0247642 0.0325684 0.0238052
9.9937E-05 9.9937E-05 9.9937E-05 9.9937E-05 0.00806148 9.9937E-05 9.9937E-05 0.0141179 9.9937E-05 0.977121
0.086942 0.0610039 0.105768 0.425706 0.0625217 0.0261674 0.0601057 0.0470859 0.0769729 0.0477268
0.08335 0.0568933 0.170954 0.315264 0.073783 0.0475871 0.050331 0.104075 0.0422845 0.0554774
9.9964E-05 0.0180488 0.00248143 0.941561 0.0164905 0.0101973 0.0108208 9.9964E-05 9.9964E-05 9.9964E-05
9.99201E-05 9.99201E-05 9.99201E-05 0.999101 9.99201E-05 9.99201E-05 9.99201E-05 9.99201E-05 9.99201E-05 9.99201E-05
9.9982E-05 0.0458155 0.127994 0.202211 0.536166 9.9982E-05 0.0116142 0.0246027 0.0200299 0.0313667
9.99201E-05 9.99201E-05 0.999101 9.99201E-05 9.99201E-05 9.99201E-05 9.99201E-05 9.99201E-05 9.99201E-05 9.99201E-05
9.9964E-05 0.0138576 0.954029 0.0127209 0.00482163 9.9964E-05 9.9964E-05 0.0139171 0.000254303 9.9964E-05
0.0571126 0.0550879 0.172679 0.411611 0.0711758 0.0256913 0.0625021 0.0669799 0.0563121 0.0208483
0.805169 9.99827E-05 0.0313313 0.0453091 9.99827E-05 0.00730464 0.0326043 0.0318195 0.0252565 0.021006
0.0428637 0.0109403 0.0324162 0.75044 0.0175854 0.0249051 0.0315006 0.0421789 0.0348551 0.0123143
0.979889 9.9964E-05 0.00769352 0.000990045 0.00335671 9.9964E-05 0.00288038 0.00479031 9.9964E-05 9.9964E-05
9.9964E-05 9.9964E-05 0.00769589 0.95114 9.9964E-05 0.00614143 0.00728194 0.00702366 0.0203171 9.9964E-05
9.9955E-05 9.9955E-05 9.9955E-05 0.0572368 0.0133194 9.9955E-05 0.910917 9.9955E-05 0.0115762 0.00645136
9.99201E-05 9.99201E-05 9.99201E-05 9.99201E-05 9.99201E-05 9.99201E-05 9.99201E-05 0.999101 9.99201E-05 9.99201E-05
9.9964E-05 9.9964E-05 0.0260619 0.028867 0.016257 9.9964E-05 0.0095725 0.910337 9.9964E-05 0.00850443
9.99201E-05 9.99201E-05 9.99201E-05 9.99201E-05 9.99201E-05 9.99201E-05 9.99201E-05 9.99201E-05 0.999101 9.99201E-05
9.9928E-05 9.9928E-05 9.9928E-05 9.9928E-05 0.997226 9.9928E-05 0.00197411 9.9928E-05 9.9928E-05 9.9928E-05
9.99201E-05 9.99201E-05 9.99201E-05 9.99201E-05 9.99201E-05 0.999101 9.99201E-05 9.99201E-05 9.99201E-05 9.99201E-05
0.00608882 0.00308411 0.0184792 0.00748944 0.919203 0.0108383 0.00590031 0.0194244 0.00165551 0.00783724
9.9973E-05 9.9973E-05 0.000451076 0.0112597 0.00398865 0.975818 0.000771598 0.00607655 0.00133414 9.9973E-05
0.090032 0.0450525 0.0677434 0.643049 0.0219619 0.0297714 0.0475372 0.00881882 0.0416416 0.00439192
9.99201E-05 9.99201E-05 9.99201E-05 9.99201E-05 9.99201E-05 9.99201E-05 9.99201E-05 9.99201E-05 9.99201E-05 0.999101
0.0798433 0.0572119 0.095167 0.33879 0.0882277 0.0445883 0.0937227 0.0831656 0.0564243 0.0628592
0.00435064 0.0103807 9.9973E-05 0.951244 0.0253233 0.00343748 0.00139395 9.9973E-05 0.00356963 9.9973E-05
9.9928E-05 0.00110062 9.9928E-05 0.9981 9.9928E-05 9.9928E-05 9.9928E-05 9.9928E-05 9.9928E-05 9.9928E-05
0.0564271 0.0460097 0.233408 0.438873 0.0506135 0.00430879 0.0558661 0.0375107 0.0284176 0.0485662
9.99201E-05 9.99201E-05 0.999101 9.99201E-05 9.99201E-05 9.99201E-05 9.99201E-05 9.99201E-05 9.99201E-05 9.99201E-05
0.0591617 0.0470182 0.481378 0.210181 0.0486964 0.0348714 0.0324772 0.0201835 0.0375022 0.0285302
0.00909367 0.0220513 9.9964E-05 0.935934 9.9964E-05 0.00288829 9.9964E-05 0.014674 9.9964E-05 0.0149593
0.999101 9.99201E-05 9.99201E-05 9.99201E-05 9.99201E-05 9.99201E-05 9.99201E-05 9.99201E-05 9.99201E-05 9.99201E-05
0.0359107 0.0191255 0.0475677 0.772315 0.00546942 0.0164568 0.0331605 0.0348988 0.0165778 0.0185175
9.99201E-05 9.99201E-05 9.99201E-05 9.99201E-05 9.99201E-05 9.99201E-05 0.999101 9.99201E-05 9.99201E-05 9.99201E-05
9.9955E-05 9.9955E-05 9.9955E-05 0.0282144 0.00937715 9.9955E-05 0.950079 9.9955E-05 0.00611881 0.0057107
9.99201E-05 9.99201E-05 9.99201E-05 9.99201E-05 9.99201E-05 9.99201E-05 9.99201E-05 0.999101 9.99201E-05 9.99201E-05
0.00278529 0.00803942 0.0226023 0.0327691 0.009662 0.00159001 0.0191222 0.879954 0.00974397 0.0137314
9.99201E-05 9.99201E-05 9.99201E-05 9.99201E-05 9.99201E-05 9.99201E-05 9.99201E-05 9.99201E-05 0.999101 9.99201E-05
9.99201E-05 9.99201E-05 9.99201E-05 9.99201E-05 0.999101 9.99201E-05 9.99201E-05 9.99201E-05 9.99201E-05 9.99201E-05
0.00882865 0.975272 9.9964E-05 0.00388521 0.00379475 9.9964E-05 9.9964E-05 0.00393204 9.9964E-05 0.00388733
9.99201E-05 9.99201E-05 9.99201E-05 9.99201E-05 0.999101 9.99201E-05 9.99201E-05 9.99201E-05 9.99201E-05 9.99201E-05
9.9946E-05 0.99157 9.9946E-05 9.9946E-05 0.000253195 9.9946E-05 0.00586911 9.9946E-05 9.9946E-05 0.00170843
0.0871098 0.0441162 0.0752282 0.5887 0.0575854 0.0241362 0.0532359 0.0193681 0.0340163 0.0165039
9.9946E-05 9.9946E-05 9.9946E-05 9.9946E-05 9.9946E-05 0.00702917 9.9946E-05 0.00866458 0.00269534 0.981011
0.106659 0.0429644 0.0778455 0.499728 0.0502689 0.032121 0.0549824 0.0406321 0.0528836 0.041915
9.9973E-05 0.00811584 9.9973E-05 0.937212 0.0276773 0.00784486 0.0102261 9.9973E-05 0.00749593 0.00112785
0.0113056 0.0148467 9.9964E-05 0.949564 0.0152841 9.9964E-05 0.00331212 0.00528775 9.9964E-05 9.9964E-05
0.0362674 0.0724314 0.190049 0.39324 0.0703103 0.00476568 0.0570903 0.0575778 0.0512817 0.0669858
9.99201E-05 9.99201E-05 0.999101 9.99201E-05 9.99201E-05 9.99201E-05 9.99201E-05 9.99201E-05 9.99201E-05 9.99201E-05
0.384572 0.0383612 0.0568179 0.260947 0.0447194 0.0395562 0.046173 0.051971 0.0418658 0.0350162
0.00971719 0.00637764 0.0139868 0.83263 0.0192304 0.0172107 0.0155264 0.0430133 0.0163523 0.0259553
0.999101 9.99201E-05 9.99201E-05 9.99201E-05 9.99201E-05 9.99201E-05 9.99201E-05 9.99201E-05 9.99201E-05 9.99201E-05
9.9928E-05 9.9928E-05 9.9928E-05 0.993472 9.9928E-05 9.9928E-05 9.9928E-05 9.9928E-05 9.9928E-05 0.00572891
0.0117838 9.9955E-05 0.00255653 9.9955E-05 9.9955E-05 0.00157608 0.980042 0.00354208 9.9955E-05 9.9955E-05
9.9946E-05 9.9946E-05 9.9946E-05 0.0368724 0.00457329 9.9946E-05 0.946653 9.9946E-05 0.0113016 9.9946E-05
9.99201E-05 9.99201E-05 9.99201E-05 9.99201E-05 9.99201E-05 9.99201E-05 9.99201E-05 0.999101 9.99201E-05 9.99201E-05
0.0325031 0.0234641 0.0605264 0.157543 0.0263942 0.0330379 0.0315859 0.569739 0.030175 0.0350314
0.00195083 9.9964E-05 0.0145738 9.9964E-05 9.9964E-05 0.00166107 0.011023 0.00129281 0.969099 9.9964E-05
9.9946E-05 9.9946E-05 0.0140695 9.9946E-05 0.977002 0.00198254 0.00634674 9.9946E-05 9.9946E-05 9.9946E-05
0.0168613 9.9973E-05 9.9973E-05 0.00052572 9.9973E-05 0.94028 0.005632 0.0219636 0.000138187 0.0142994
0.0146113 0.018183 9.9991E-05 0.0463907 0.847091 0.0149321 0.0123489 0.0198911 0.00706899 0.0193835
9.99201E-05 0.999101 9.99201E-05 9.99201E-05 9.99201E-05 9.99201E-05 9.99201E-05 9.99201E-05 9.99201E-05 9.99201E-05
0.0987647 0.03271 0.0677256 0.544578 0.0547767 0.0430203 0.0768766 0.0260251 0.0279113 0.0276115
9.99201E-05 9.99201E-05 9.99201E-05 9.99201E-05 9.99201E-05 9.99201E-05 9.99201E-05 9.99201E-05 9.99201E-05 0.999101
0.109007 0.0316313 0.0762926 0.496968 0.0509553 0.0343842 0.0578077 0.039143 0.0443794 0.0594314
0.0297655 0.0207789 0.0637962 0.706793 0.0515059 0.0249833 0.0406443 0.0211806 0.0279302 0.0126217
9.99201E-05 9.99201E-05 9.99201E-05 0.999101 9.99201E-05 9.99201E-05 9.99201E-05 9.99201E-05 9.99201E-05 9.99201E-05
9.9964E-05 0.00878703 0.921324 0.0225113 9.9964E-05 9.9964E-05 0.00889 0.0246469 0.0134413 9.9964E-05
0.0412345 0.0578379 0.181049 0.413401 0.0611891 0.00197963 0.0668152 0.0551189 0.0607866 0.0605881
0.3522 0.0242271 0.0913584 0.256572 0.0526174 0.0344839 0.0560522 0.0534405 0.043669 0.0353795
0.0114167 0.00894416 0.00481463 0.911834 9.9991E-05 0.00598461 0.00584702 0.0342708 0.00420769 0.0125803
0.999101 9.99201E-05 9.99201E-05 9.99201E-05 9.99201E-05 9.99201E-05 9.99201E-05 9.99201E-05 9.99201E-05 9.99201E-05
0.0199196 0.00854181 0.0444213 0.838093 9.9982E-05 0.0254921 0.0174762 0.028626 0.0172301 9.9982E-05
9.99201E-05 9.99201E-05 9.99201E-05 9.99201E-05 9.99201E-05 9.99201E-05 0.999101 9.99201E-05 9.99201E-05 9.99201E-05
9.99201E-05 9.99201E-05 9.99201E-05 9.99201E-05 9.99201E-05 9.99201E-05 0.999101 9.99201E-05 9.99201E-05 9.99201E-05
9.99201E-05 9.99201E-05 9.99201E-05 9.99201E-05 9.99201E-05 9.99201E-05 9.99201E-05 0.999101 9.99201E-05 9.99201E-05
0.0358124 0.0165481 0.0675321 0.163357 0.0283156 0.0319302 0.0258912 0.565095 0.0265377 0.0389807
0.021723 0.0106533 0.00547376 0.0685113 0.0272754 0.00075954 0.00627281 0.0150909 0.832834 0.0114057
9.99201E-05 9.99201E-05 9.99201E-05 9.99201E-05 0.999101 9.99201E-05 9.99201E-05 9.99201E-05 9.99201E-05 9.99201E-05
9.99201E-05 9.99201E-05 9.99201E-05 9.99201E-05 9.99201E-05 0.999101 9.99201E-05 9.99201E-05 9.99201E-05 9.99201E-05
0.024709 0.00454491 0.015625 0.0790162 0.745531 0.0310625 0.0298268 0.0331234 0.0205242 0.0160373
9.99201E-05 0.999101 9.99201E-05 9.99201E-05 9.99201E-05 9.99201E-05 9.99201E-05 9.99201E-05 9.99201E-05 9.99201E-05
0.103843 0.0427434 0.0746131 0.592602 0.0386394 0.0396019 0.0478973 0.0230482 0.020221 0.0167908
9.99201E-05 9.99201E-05 9.99201E-05 9.99201E-05 9.99201E-05 9.99201E-05 9.99201E-05 9.99201E-05 9.99201E-05 0.999101
0.0803251 0.0771872 0.226554 0.31139 0.0628455 0.0151827 0.040522 0.0737684 0.0468353 0.0653895
0.103563 0.0378445 0.0778018 0.54001 0.0324196 0.0244777 0.0498307 0.0354051 0.0458474 0.0528003
0.0161697 0.0337636 0.0677504 0.746869 0.0204128 0.00449251 0.0269097 0.0316498 0.0344976 0.0174847
0.0220048 0.0176942 0.0392399 0.78203 0.0370397 0.00950214 0.0344225 0.0038138 0.0256444 0.028608
0.0251363 0.0470141 0.55855 0.139792 0.0427162 0.0364363 0.0366298 0.0498007 0.0370979 0.0268272
0.0412936 0.0619224 0.1903 0.39769 0.0823048 0.00972134 0.0573011 0.04602 0.0655594 0.0478867
0.832751 9.9991E-05 0.0380672 0.0389742 0.00382343 0.0141534 0.0163777 0.0214127 0.0219755 0.0123651
9.9973E-05 0.0145055 9.9973E-05 0.942996 0.00364551 0.00365133 0.00356523 0.0145819 9.9973E-05 0.0167548
0.927002 0.0069287 9.9991E-05 0.0271399 0.0091051 0.00727567 0.0102626 0.00631559 0.00482015 0.00105001
9.99201E-05 9.99201E-05 9.99201E-05 0.999101 9.99201E-05 9.99201E-05 9.99201E-05 9.99201E-05 9.99201E-05 9.99201E-05
9.9964E-05 0.00283428 0.0163909 9.9964E-05 9.9964E-05 0.0125813 0.948104 0.0167473 9.9964E-05 0.00294252
9.99201E-05 9.99201E-05 9.99201E-05 9.99201E-05 9.99201E-05 9.99201E-05 0.999101 9.99201E-05 9.99201E-05 9.99201E-05
9.99201E-05 9.99201E-05 9.99201E-05 9.99201E-05 9.99201E-05 9.99201E-05 9.99201E-05 0.999101 9.99201E-05 9.99201E-05
0.00943234 0.00156881 0.0317851 0.0165912 0.00225114 9.9991E-05 0.0138757 0.910378 0.00122239 0.0127952
9.9928E-05 9.9928E-05 9.9928E-05 9.9928E-05 9.9928E-05 9.9928E-05 0.00205889 9.9928E-05 0.997142 9.9928E-05
9.99201E-05 9.99201E-05 9.99201E-05 9.99201E-05 0.999101 9.99201E-05 9.99201E-05 9.99201E-05 9.99201E-05 9.99201E-05
9.99201E-05 9.99201E-05 9.99201E-05 9.99201E-05 9.99201E-05 0.999101 9.99201E-05 9.99201E-05 9.99201E-05 9.99201E-05
9.99201E-05 9.99201E-05 9.99201E-05 9.99201E-05 0.999101 9.99201E-05 9.99201E-05 9.99201E-05 9.99201E-05 9.99201E-05
9.99201E-05 0.999101 9.99201E-05 9.99201E-05 9.99201E-05 9.99201E-05 9.99201E-05 9.99201E-05 9.99201E-05 9.99201E-05
0.0422336 0.0463696 0.181819 0.445904 0.0842817 0.00733588 0.046294 0.0393123 0.0523484 0.0541014
0.00215556 0.00278304 0.00203139 9.9964E-05 9.9964E-05 0.00625149 9.9964E-05 0.00545727 9.9964E-05 0.980921
0.0864713 0.084236 0.226545 0.31547 0.056906 0.0106395 0.0382749 0.0761379 0.0382355 0.067084
0.101748 0.073831 0.0845253 0.488558 0.0635248 0.0218969 0.0386892 0.0547591 0.0453375 0.0271307
0.0200786 0.0380334 0.0742999 0.750584 0.0152822 9.9991E-05 0.0264116 0.0285257 0.0331658 0.0135182
0.0442115 0.0273684 0.0572095 0.786177 0.0292338 9.9991E-05 0.0192681 0.0180776 0.0116992 0.0066548
9.9928E-05 0.010514 0.988687 9.9928E-05 9.9928E-05 9.9928E-05 9.9928E-05 9.9928E-05 9.9928E-05 9.9928E-05
0.0454697 0.0471558 0.1783 0.373389 0.0806906 0.0242216 0.0624619 0.0731286 0.0479344 0.0672486
0.823769 0.00556162 0.0353364 0.0353416 0.00223943 0.00966531 0.0236933 0.0171386 0.0229539 0.0243012
9.9928E-05 9.9928E-05 9.9928E-05 0.991838 9.9928E-05 9.9928E-05 9.9928E-05 0.00736252 9.9928E-05 9.9928E-05
0.999101 9.99201E-05 9.99201E-05 9.99201E-05 9.99201E-05 9.99201E-05 9.99201E-05 9.99201E-05 9.99201E-05 9.99201E-05
9.9928E-05 9.9928E-05 9.9928E-05 0.998312 9.9928E-05 9.9928E-05 9.9928E-05 9.9928E-05 0.000888443 9.9928E-05
0.0155547 0.00487773 0.0137808 9.9973E-05 0.0032254 0.00206087 0.9594 9.9973E-05 9.9973E-05 0.000800216
9.9928E-05 9.9928E-05 9.9928E-05 9.9928E-05 9.9928E-05 9.9928E-05 0.990714 9.9928E-05 0.00848683 9.9928E-05
9.99201E-05 9.99201E-05 9.99201E-05 9.99201E-05 9.99201E-05 9.99201E-05 9.99201E-05 0.999101 9.99201E-05 9.99201E-05
9.99201E-05 9.99201E-05 9.99201E-05 9.99201E-05 9.99201E-05 9.99201E-05 9.99201E-05 0.999101 9.99201E-05 9.99201E-05
9.9973E-05 0.0093045 0.0101157 9.9973E-05 0.000133884 9.9973E-05 0.0042024 0.00724007 0.965432 0.00327174
0.000305516 0.00394934 0.00701738 9.9982E-05 0.975161 0.00356854 9.9982E-05 0.00140515 0.00633307 0.00206002
0.0533927 0.320688 0.0701156 0.175713 0.0426847 0.190367 0.0472701 0.0420284 0.0432258 0.0145137
0.00829712 9.9973E-05 9.9973E-05 0.00231202 0.962679 0.00987063 9.9973E-05 0.00453736 0.00258476 0.00941928
9.9946E-05 9.9946E-05 9.9946E-05 9.9946E-05 9.9946E-05 0.00210856 0.00892716 9.9946E-05 0.00735814 0.981006
0.134607 0.0339247 0.0822289 0.503917 0.0317757 0.0491627 0.067621 0.0385297 0.0235617 0.0346711
0.0888638 0.0722147 0.225693 0.305967 0.0572747 0.0216244 0.0406817 0.0792638 0.0476476 0.0607696
0.0762911 0.0652476 0.115624 0.448376 0.0539338 0.0421746 0.0596285 0.0270677 0.0714256 0.0402308
9.9991E-05 0.0404601 0.0525507 0.746756 0.0261191 0.0104628 0.038254 0.028288 0.0374492 0.0195602
0.0318362 0.0322267 0.0649961 0.700152 0.0418602 0.0322278 0.0267501 0.014567 0.0239008 0.0314825
9.99201E-05 9.99201E-05 0.999101 9.99201E-05 9.99201E-05 9.99201E-05 9.99201E-05 9.99201E-05 9.99201E-05 9.99201E-05
9.9955E-05 0.016316 0.978948 0.00195963 9.9955E-05 9.9955E-05 0.000973724 9.9955E-05 9.9955E-05 0.001303
0.0404228 0.0572513 0.23743 0.395236 0.081024 0.0061517 0.041127 0.0487973 0.0553874 0.0371725
0.849329 9.9982E-05 0.0413751 0.0254983 9.9982E-05 0.0017173 0.0150789 0.0307794 0.012253 0.0237695
9.99201E-05 9.99201E-05 9.99201E-05 0.999101 9.99201E-05 9.99201E-05 9.99201E-05 9.99201E-05 9.99201E-05 9.99201E-05
0.999101 9.99201E-05 9.99201E-05 9.99201E-05 9.99201E-05 9.99201E-05 9.99201E-05 9.99201E-05 9.99201E-05 9.99201E-05
9.9937E-05 9.9937E-05 9.9937E-05 0.983101 9.9937E-05 0.0023765 9.9937E-05 9.9937E-05 0.0138232 9.9937E-05
0.000503772 9.9937E-05 9.9937E-05 9.9937E-05 9.9937E-05 0.000792521 0.998004 9.9937E-05 9.9937E-05 9.9937E-05
9.9964E-05 9.9964E-05 0.0166358 0.00362961 0.00430588 9.9964E-05 0.00383497 0.958673 9.9964E-05 0.0125207
9.99201E-05 9.99201E-05 9.99201E-05 9.99201E-05 9.99201E-05 9.99201E-05 9.99201E-05 9.99201E-05 0.999101 9.99201E-05
0.0152285 0.0179108 0.0683784 0.235197 0.0321178 0.0232742 0.0484759 0.0637768 0.482463 0.0131778
0.0533812 0.185562 0.100591 0.262077 0.0388989 0.163075 0.0589465 0.0648533 0.0356476 0.0369682
9.99201E-05 9.99201E-05 9.99201E-05 9.99201E-05 0.999101 9.99201E-05 9.99201E-05 9.99201E-05 9.99201E-05 9.99201E-05
9.99201E-05 9.99201E-05 9.99201E-05 9.99201E-05 9.99201E-05 0.999101 9.99201E-05 9.99201E-05 9.99201E-05 9.99201E-05
0.0205835 0.00377574 0.0225122 0.021636 0.858163 0.00487903 0.0196896 0.0208329 0.0119312 0.0159965
9.99201E-05 9.99201E-05 9.99201E-05 9.99201E-05 9.99201E-05 9.99201E-05 9.99201E-05 9.99201E-05 9.99201E-05 0.999101
0.113463 0.0356689 0.089398 0.489649 0.0467889 0.0367844 0.0430608 0.0584798 0.0505413 0.036166
0.094616 0.0607549 0.181982 0.312491 0.0620035 0.0395675 0.0441486 0.0913549 0.045088 0.0679941
0.086126 0.0230226 0.123305 0.485671 0.0510625 0.0433315 0.0520106 0.0436137 0.0446523 0.0472046
0.0422343 0.0202093 0.0559414 0.754969 0.0200674 0.0308044 0.010357 0.00200929 0.0389869 0.024421
0.0100333 0.0289486 0.00474215 0.845076 0.0318303 0.0123246 0.0307541 0.00502459 9.9991E-05 0.0311659
9.99201E-05 9.99201E-05 0.999101 9.99201E-05 9.99201E-05 9.99201E-05 9.99201E-05 9.99201E-05 9.99201E-05 9.99201E-05
0.0317154 0.0101243 0.77936 0.0735683 0.0225311 9.99963E-05 0.0268661 0.0376508 0.0171786 0.000905451
0.0332553 0.0557488 0.243236 0.407121 0.0815407 0.00661339 0.040692 0.039315 0.0475258 0.0449526
0.789034 9.9991E-05 0.0473916 0.0227726 0.0165467 0.0177839 0.0281373 0.0231529 0.0291466 0.0259343
9.9928E-05 9.9928E-05 9.9928E-05 0.991538 9.9928E-05 9.9928E-05 9.9928E-05 0.00766238 9.9928E-05 9.9928E-05
0.999101 9.99201E-05 9.99201E-05 9.99201E-05 9.99201E-05 9.99201E-05 9.99201E-05 9.99201E-05 9.99201E-05 9.99201E-05
9.99201E-05 9.99201E-05 9.99201E-05 9.99201E-05 9.99201E-05 9.99201E-05 0.999101 9.99201E-05 9.99201E-05 9.99201E-05
