9.99201E-05 9.99201E-05 0.999101 9.99201E-05 9.99201E-05 9.99201E-05 9.99201E-05 9.99201E-05 9.99201E-05 9.99201E-05
9.9973E-05 9.9973E-05 0.00479235 0.0082485 0.00185991 9.9973E-05 0.944687 0.00393724 0.0199689 0.0162063
9.9946E-05 9.9946E-05 9.9946E-05 9.9946E-05 0.0243493 9.9946E-05 0.938311 9.9946E-05 0.0106814 0.026059
9.99201E-05 0.999101 9.99201E-05 9.99201E-05 9.99201E-05 9.99201E-05 9.99201E-05 9.99201E-05 9.99201E-05 9.99201E-05
9.99201E-05 0.999101 9.99201E-05 9.99201E-05 9.99201E-05 9.99201E-05 9.99201E-05 9.99201E-05 9.99201E-05 9.99201E-05
0.0213593 0.0355788 0.0589351 0.052131 0.110598 0.31974 0.0602413 0.0842002 0.040547 0.21667
9.99201E-05 9.99201E-05 9.99201E-05 0.999101 9.99201E-05 9.99201E-05 9.99201E-05 9.99201E-05 9.99201E-05 9.99201E-05
9.99201E-05 9.99201E-05 9.99201E-05 9.99201E-05 9.99201E-05 0.999101 9.99201E-05 9.99201E-05 9.99201E-05 9.99201E-05
0.0849023 0.0222306 0.0619404 0.0505531 0.109306 0.0180109 0.0214577 0.0336221 0.0238284 0.574149
0.00200778 0.00569196 9.9964E-05 0.00331492 9.9964E-05 9.9964E-05 0.0130387 0.00102399 0.974523 9.9964E-05
0.0870554 0.0636595 0.076663 0.0662302 0.131133 0.0389534 0.0585331 0.0546668 0.0368381 0.386267
0.0817731 0.0413347 0.046098 0.0652338 0.14374 0.0395619 0.0993442 0.0548963 0.0612807 0.366737
9.9955E-05 9.9955E-05 0.00639994 0.0115258 9.9955E-05 0.00329748 9.9955E-05 0.00191018 9.9955E-05 0.976367
9.99201E-05 9.99201E-05 9.99201E-05 9.99201E-05 9.99201E-05 9.99201E-05 9.99201E-05 9.99201E-05 9.99201E-05 0.999101
0.00450287 0.0104835 0.0179925 0.521832 0.0642816 9.9991E-05 0.0256167 0.0291409 0.0355472 0.290503
9.9946E-05 9.9946E-05 9.9946E-05 9.9946E-05 9.9946E-05 0.0234321 0.0253918 9.9946E-05 0.019279 0.931297
0.00777975 0.0270128 9.9982E-05 9.9982E-05 0.0393603 0.0154459 0.0570199 0.034558 0.0408791 0.777744
0.0384075 0.0518505 0.0625989 0.0819095 0.169527 0.0235037 0.0585341 0.061406 0.0355841 0.416679
0.790717 0.0289125 0.0215295 0.0084922 0.0175695 0.00253151 0.0356651 9.9991E-05 0.0171562 0.0773262
0.0454878 0.0364477 0.0319973 0.0219482 0.709686 0.0211167 0.0392065 0.0183143 0.0204073 0.0553882
0.982785 9.9955E-05 9.9955E-05 9.9955E-05 0.0048677 0.000453216 0.00949154 0.00190267 9.9955E-05 9.9955E-05
0.00393627 0.0133772 0.00834884 9.9955E-05 0.949157 9.9955E-05 9.9955E-05 9.9955E-05 9.9955E-05 0.0246805
9.9955E-05 0.0139954 0.921738 0.0237636 0.0232778 9.9955E-05 9.9955E-05 9.9955E-05 9.9955E-05 0.0167255
9.99201E-05 9.99201E-05 9.99201E-05 9.99201E-05 9.99201E-05 9.99201E-05 0.999101 9.99201E-05 9.99201E-05 9.99201E-05
9.9964E-05 9.9964E-05 0.0113205 0.0107418 0.00650005 9.9964E-05 0.918563 9.9964E-05 0.021636 0.0308391
9.99201E-05 0.999101 9.99201E-05 9.99201E-05 9.99201E-05 9.99201E-05 9.99201E-05 9.99201E-05 9.99201E-05 9.99201E-05
9.9928E-05 9.9928E-05 9.9928E-05 0.994381 9.9928E-05 0.00481948 9.9928E-05 9.9928E-05 9.9928E-05 9.9928E-05
9.99201E-05 9.99201E-05 9.99201E-05 9.99201E-05 9.99201E-05 0.999101 9.99201E-05 9.99201E-05 9.99201E-05 9.99201E-05
0.00584267 9.9991E-05 0.0134832 0.932844 0.00484085 0.00609875 0.0052575 0.0143351 0.00995891 0.00723956
9.9955E-05 9.9955E-05 0.00618873 9.9955E-05 0.0169831 0.964496 0.00991997 9.9955E-05 0.00191275 9.9955E-05
0.0895886 0.0205586 0.0425081 0.0307222 0.108432 0.0205013 0.00617747 0.043902 9.9991E-05 0.63751
9.99201E-05 9.99201E-05 9.99201E-05 9.99201E-05 9.99201E-05 9.99201E-05 9.99201E-05 9.99201E-05 0.999101 9.99201E-05
0.0999267 0.0730551 0.0806324 0.0961475 0.101528 0.0468739 0.0858678 0.0568542 0.0489109 0.310204
9.99369E-05 9.99369E-05 0.00627319 0.00896215 9.99369E-05 9.99369E-05 9.99369E-05 9.99369E-05 9.99369E-05 0.984065
9.99201E-05 9.99201E-05 9.99201E-05 9.99201E-05 9.99201E-05 9.99201E-05 9.99201E-05 9.99201E-05 9.99201E-05 0.999101
0.0460668 0.0263776 0.0527209 0.0506159 0.144685 0.0208944 0.0486147 0.0328173 0.0530177 0.52419
9.99576E-05 0.00563938 9.99576E-05 9.99576E-05 9.99576E-05 0.0173243 0.0106398 9.99576E-05 0.0261764 0.93972
0.0583202 0.0519247 0.0202709 0.0520988 0.12019 0.0466203 0.0433593 0.0387372 0.0455464 0.522932
0.00909457 9.9973E-05 9.9973E-05 0.000590356 0.954971 0.0010931 0.00295664 0.0214692 0.00952504 9.9973E-05
0.999101 9.99201E-05 9.99201E-05 9.99201E-05 9.99201E-05 9.99201E-05 9.99201E-05 9.99201E-05 9.99201E-05 9.99201E-05
0.0389454 0.0327547 0.0323326 0.0238726 0.682039 0.0179767 0.0326824 0.0397667 0.0220791 0.0775508
9.99201E-05 9.99201E-05 0.999101 9.99201E-05 9.99201E-05 9.99201E-05 9.99201E-05 9.99201E-05 9.99201E-05 9.99201E-05
0.00577917 0.0134253 0.948881 0.00958379 0.0130314 9.9973E-05 9.9973E-05 0.000825694 9.9973E-05 0.00817398
9.99201E-05 9.99201E-05 9.99201E-05 9.99201E-05 9.99201E-05 9.99201E-05 0.999101 9.99201E-05 9.99201E-05 9.99201E-05
0.0035218 0.00558774 0.0188222 0.00965944 0.0239008 0.00529639 0.867297 0.0138024 0.011234 0.0408784
9.99201E-05 0.999101 9.99201E-05 9.99201E-05 9.99201E-05 9.99201E-05 9.99201E-05 9.99201E-05 9.99201E-05 9.99201E-05
9.99201E-05 9.99201E-05 9.99201E-05 0.999101 9.99201E-05 9.99201E-05 9.99201E-05 9.99201E-05 9.99201E-05 9.99201E-05
0.00125516 9.9955E-05 0.00479018 9.9955E-05 0.00624322 9.9955E-05 9.9955E-05 0.98188 0.00533156 9.9955E-05
9.99201E-05 9.99201E-05 9.99201E-05 0.999101 9.99201E-05 9.99201E-05 9.99201E-05 9.99201E-05 9.99201E-05 9.99201E-05
9.9927E-05 9.9927E-05 9.9927E-05 9.9927E-05 9.9927E-05 9.9927E-05 9.9927E-05 0.999101 9.9927E-05 9.9927E-05
0.0810988 0.0335626 0.051986 0.0498146 0.110187 0.0247233 0.02292 0.0232299 0.0175735 0.584905
9.9964E-05 0.000159453 0.00828199 0.00521082 9.9964E-05 0.0060558 0.00183459 9.9964E-05 0.978057 9.9964E-05
0.10598 0.05286 0.046025 0.0430653 0.162047 0.0241859 0.045168 0.0523028 0.0408312 0.427535
9.9955E-05 0.00466266 0.00874427 0.0117328 9.9955E-05 0.0122447 9.9955E-05 9.9955E-05 9.9955E-05 0.962116
9.99201E-05 9.99201E-05 9.99201E-05 9.99201E-05 9.99201E-05 9.99201E-05 9.99201E-05 9.99201E-05 9.99201E-05 0.999101
0.0483641 0.0543324 0.05168 0.0635933 0.144507 0.0152786 0.0607614 0.0584773 0.0574143 0.445592
0.00728822 0.00221339 9.9964E-05 9.9964E-05 9.9964E-05 0.0262506 0.0128097 9.9964E-05 0.0161497 0.934889
0.389573 0.0360672 0.0404373 0.0505754 0.0864471 0.0310508 0.0554986 0.0194296 0.0386819 0.252239
0.0280833 0.0152697 0.0123622 0.0186914 0.841009 0.0106059 0.0226176 0.017802 0.0204006 0.0131584
0.999101 9.99201E-05 9.99201E-05 9.99201E-05 9.99201E-05 9.99201E-05 9.99201E-05 9.99201E-05 9.99201E-05 9.99201E-05
9.99201E-05 9.99201E-05 9.99201E-05 9.99201E-05 0.999101 9.99201E-05 9.99201E-05 9.99201E-05 9.99201E-05 9.99201E-05
0.00552397 9.99475E-05 0.981591 9.99475E-05 9.99475E-05 9.99475E-05 0.0101878 0.0020974 9.99475E-05 9.99475E-05
9.9964E-05 0.00780516 0.944152 0.00127804 0.0223353 9.9964E-05 9.9964E-05 9.9964E-05 0.00483847 0.0191915
9.99201E-05 9.99201E-05 9.99201E-05 9.99201E-05 9.99201E-05 9.99201E-05 0.999101 9.99201E-05 9.99201E-05 9.99201E-05
0.0362499 0.0264147 0.0347229 0.0298269 0.0842469 0.0335138 0.564363 0.0206845 0.0275427 0.142435
0.00398059 0.965582 0.00487467 0.00179574 0.00547481 0.00419194 9.9982E-05 0.0062143 0.00768627 9.9982E-05
0.00393551 9.9973E-05 0.00532172 0.97127 9.9973E-05 0.00159865 0.00932124 0.00594392 0.00230867 9.9973E-05
0.0129373 9.9964E-05 0.00909064 9.9964E-05 9.9964E-05 0.941474 0.0181569 9.9964E-05 0.0060643 0.0118774
0.0260076 0.00813175 0.0174263 0.845552 0.00999507 0.013008 0.00366688 0.0106557 0.0204494 0.0451072
9.99201E-05 9.99201E-05 9.99201E-05 9.99201E-05 9.99201E-05 9.99201E-05 9.99201E-05 0.999101 9.99201E-05 9.99201E-05
0.0865994 0.0374296 0.0570603 0.0436147 0.101022 0.0228156 0.0438601 0.0261081 0.030522 0.550968
9.99201E-05 9.99201E-05 9.99201E-05 9.99201E-05 9.99201E-05 9.99201E-05 9.99201E-05 9.99201E-05 0.999101 9.99201E-05
0.0966763 0.0425228 0.0520279 0.0530318 0.109092 0.0245831 0.0482818 0.0189508 0.0583527 0.496481
0.0129284 0.0216072 0.0497795 0.0334559 0.0893726 0.0286166 0.0210421 0.00854119 0.00592296 0.728734
9.99201E-05 9.99201E-05 9.99201E-05 9.99201E-05 9.99201E-05 9.99201E-05 9.99201E-05 9.99201E-05 9.99201E-05 0.999101
0.0128992 0.0270618 9.9973E-05 9.9973E-05 0.0490738 9.9973E-05 0.0519499 0.0462296 0.0344306 0.778055
0.0387856 0.0653795 0.0549334 0.0572224 0.160384 9.9991E-05 0.0621683 0.0664081 0.0594749 0.435144
0.337546 0.0453032 0.0541072 0.0335216 0.108059 0.0493024 0.0662106 0.0241836 0.0404033 0.241363
0.0140291 0.00248617 0.00531993 0.00330624 0.9127 0.0138491 0.0182832 0.0182137 0.0117125 9.9991E-05
0.999101 9.99201E-05 9.99201E-05 9.99201E-05 9.99201E-05 9.99201E-05 9.99201E-05 9.99201E-05 9.99201E-05 9.99201E-05
0.020185 0.0215765 0.0152102 0.00213247 0.774885 0.0143934 0.0273805 0.0107611 0.0111437 0.102332
9.99281E-05 9.99281E-05 0.995532 9.99281E-05 9.99281E-05 0.00366904 9.99281E-05 9.99281E-05 9.99281E-05 9.99281E-05
9.99201E-05 9.99201E-05 0.999101 9.99201E-05 9.99201E-05 9.99201E-05 9.99201E-05 9.99201E-05 9.99201E-05 9.99201E-05
9.99201E-05 9.99201E-05 9.99201E-05 9.99201E-05 9.99201E-05 9.99201E-05 0.999101 9.99201E-05 9.99201E-05 9.99201E-05
0.0410454 0.0218602 0.0322718 0.0316692 0.0840164 0.0326597 0.568711 0.0228318 0.0241781 0.140757
0.0305093 0.837777 0.0109842 0.016328 0.0118418 0.0120036 0.0153719 0.0250879 0.0124002 0.0276962
9.99201E-05 9.99201E-05 9.99201E-05 0.999101 9.99201E-05 9.99201E-05 9.99201E-05 9.99201E-05 9.99201E-05 9.99201E-05
9.99201E-05 9.99201E-05 9.99201E-05 9.99201E-05 9.99201E-05 0.999101 9.99201E-05 9.99201E-05 9.99201E-05 9.99201E-05
0.0218519 0.0236367 0.0334939 0.737094 0.036644 0.011697 0.0389588 0.0115601 0.0282748 0.0567887
9.99201E-05 9.99201E-05 9.99201E-05 9.99201E-05 9.99201E-05 9.99201E-05 9.99201E-05 0.999101 9.99201E-05 9.99201E-05
0.0907989 0.0345532 0.0547182 0.0436862 0.103402 0.0264654 0.0092638 0.0296247 0.0147516 0.592736
9.99201E-05 9.99201E-05 9.99201E-05 9.99201E-05 9.99201E-05 9.99201E-05 9.99201E-05 9.99201E-05 0.999101 9.99201E-05
0.0746779 0.0496399 0.0448553 0.0525143 0.116431 0.00756947 0.0815032 0.0855416 0.066114 0.421153
0.093461 0.0281065 0.0436824 0.0308338 0.111722 0.019258 0.0350625 0.0240962 0.0535777 0.5602
0.0184107 0.0371037 0.0325691 0.0153765 0.0910086 9.9991E-05 0.0319879 0.0212937 0.0156429 0.736507
0.0159508 0.0220879 0.0318553 0.0259507 0.0241642 0.00540197 0.00202931 0.0108086 0.0139946 0.847757
0.0378132 0.0379879 0.0241471 0.0171443 0.0690985 0.0387331 0.0803611 0.0537695 0.042872 0.598073
0.0378137 0.0685397 0.0622866 0.0563838 0.159255 0.00429103 0.063653 0.0586494 0.0628932 0.426234
0.822119 0.023658 0.0141202 0.00344731 0.0381771 0.00625691 0.0349395 9.9991E-05 0.00695027 0.0502319
9.99646E-05 9.99646E-05 0.00540554 0.00517806 0.946354 9.99646E-05 0.00248142 0.0273741 0.0128075 9.99646E-05
0.925154 0.0036966 0.0135118 0.00580351 0.00399154 0.00580726 0.00320583 9.99971E-05 0.021849 0.0168807
9.99201E-05 9.99201E-05 9.99201E-05 9.99201E-05 0.999101 9.99201E-05 9.99201E-05 9.99201E-05 9.99201E-05 9.99201E-05
0.00605569 9.9964E-05 0.953284 9.9964E-05 9.9964E-05 0.0154088 0.010582 0.0104991 0.00377042 9.9964E-05
9.99201E-05 9.99201E-05 0.999101 9.99201E-05 9.99201E-05 9.99201E-05 9.99201E-05 9.99201E-05 9.99201E-05 9.99201E-05
9.99201E-05 9.99201E-05 9.99201E-05 9.99201E-05 9.99201E-05 9.99201E-05 0.999101 9.99201E-05 9.99201E-05 9.99201E-05
0.00244909 0.00547751 0.00783081 0.0121237 0.0134261 9.9982E-05 0.92405 9.9982E-05 0.0116789 0.0227641
9.9937E-05 0.995694 0.00152914 9.9937E-05 9.9937E-05 9.9937E-05 9.9937E-05 0.00207723 9.9937E-05 9.9937E-05
9.99201E-05 9.99201E-05 9.99201E-05 0.999101 9.99201E-05 9.99201E-05 9.99201E-05 9.99201E-05 9.99201E-05 9.99201E-05
9.99201E-05 9.99201E-05 9.99201E-05 9.99201E-05 9.99201E-05 0.999101 9.99201E-05 9.99201E-05 9.99201E-05 9.99201E-05
9.99201E-05 9.99201E-05 9.99201E-05 0.999101 9.99201E-05 9.99201E-05 9.99201E-05 9.99201E-05 9.99201E-05 9.99201E-05
9.99201E-05 9.99201E-05 9.99201E-05 9.99201E-05 9.99201E-05 9.99201E-05 9.99201E-05 0.999101 9.99201E-05 9.99201E-05
0.0402478 0.0404928 0.0570837 0.0814042 0.136107 9.9991E-05 0.0381781 0.0541519 0.0431004 0.509134
9.9964E-05 9.9964E-05 9.9964E-05 0.00688214 0.00724876 0.00109336 0.000888443 0.0115832 0.971904 9.9964E-05
0.081596 0.0468293 0.0389275 0.0493158 0.123317 0.0155225 0.0782565 0.0880829 0.0712723 0.406881
0.0878461 0.0450099 0.0479849 0.0671281 0.131796 0.0212608 0.0428792 0.0814581 0.0299874 0.444649
0.000370148 0.0358188 0.032833 0.00836163 0.0981285 9.9991E-05 0.0192021 0.0298998 0.017436 0.75785
0.0317368 0.00772579 0.0110763 0.032155 0.0367041 9.9991E-05 0.0195136 0.0114052 0.000843788 0.848739
9.9973E-05 0.0171944 9.9973E-05 9.9973E-05 0.0339982 0.00133081 0.0397302 0.0310707 0.0325772 0.843799
0.0440337 0.0495669 0.0585052 0.0688014 0.153638 0.0299745 0.0689034 0.0408663 0.0459375 0.439774
0.819502 0.0151183 0.0172172 9.9991E-05 0.0256734 0.0133124 0.0298972 0.00771008 0.0239314 0.0475375
9.99201E-05 9.99201E-05 9.99201E-05 9.99201E-05 0.999101 9.99201E-05 9.99201E-05 9.99201E-05 9.99201E-05 9.99201E-05
0.999101 9.99201E-05 9.99201E-05 9.99201E-05 9.99201E-05 9.99201E-05 9.99201E-05 9.99201E-05 9.99201E-05 9.99201E-05
9.9928E-05 0.00253406 9.9928E-05 9.9928E-05 0.996667 9.9928E-05 9.9928E-05 9.9928E-05 9.9928E-05 9.9928E-05
0.0182691 0.00323723 0.954363 9.9964E-05 9.9964E-05 0.00272743 0.00836706 9.9964E-05 0.0126368 9.9964E-05
9.9937E-05 0.00840304 0.989689 0.00120889 9.9937E-05 9.9937E-05 9.9937E-05 9.9937E-05 9.9937E-05 9.9937E-05
9.99201E-05 9.99201E-05 9.99201E-05 9.99201E-05 9.99201E-05 9.99201E-05 0.999101 9.99201E-05 9.99201E-05 9.99201E-05
9.99201E-05 9.99201E-05 9.99201E-05 9.99201E-05 9.99201E-05 9.99201E-05 0.999101 9.99201E-05 9.99201E-05 9.99201E-05
0.00299572 0.981158 9.9964E-05 0.00093067 9.9964E-05 0.000967713 0.00947149 9.9964E-05 0.00407666 9.9964E-05
9.99545E-05 0.00873631 9.99545E-05 0.976826 9.99545E-05 9.99545E-05 0.0019809 0.0118572 9.99545E-05 9.99545E-05
0.0526615 0.0553614 0.0429247 0.0390932 0.0742832 0.174896 0.0498095 0.324179 0.00637044 0.180421
0.00260358 0.0045276 9.9982E-05 0.96488 0.0063585 0.00614217 0.00701395 9.9982E-05 0.00400099 0.00427326
9.9964E-05 9.9964E-05 0.00388924 0.0014444 0.00474441 0.00386385 0.00186618 9.9964E-05 0.983792 9.9964E-05
0.126229 0.0299592 0.0632859 0.0278065 0.104074 0.0378245 0.0297542 0.0157975 0.0253615 0.539907
0.080063 0.0407188 0.0531619 0.0534406 0.120576 0.0105149 0.0933948 0.0763217 0.0674862 0.404322
0.0660775 0.06026 0.0663364 0.0698188 0.138285 0.0410536 0.0301148 0.0539741 0.0314012 0.442678
9.9991E-05 0.0408942 0.0261753 0.018609 0.0720491 0.004385 0.0158601 0.0255423 0.0128564 0.783529
0.0331395 0.0346705 0.0189331 0.0490963 0.0611616 0.0295045 0.00793743 0.00610052 0.0288703 0.730586
0.00887153 0.00642146 0.000651509 9.9982E-05 0.0030929 0.0157601 0.0215569 9.9982E-05 0.021304 0.922142
9.9973E-05 0.0107567 9.9973E-05 9.9973E-05 0.0149755 0.00627252 0.0461856 0.047611 0.0448657 0.829033
0.0311187 0.0503545 0.0274565 0.0875172 0.141954 0.0128187 0.0447036 0.0624537 0.027114 0.514509
0.852282 0.0129819 0.0179176 9.9973E-05 0.0262334 9.9973E-05 0.0381088 9.9973E-05 0.00995655 0.0422201
9.99201E-05 9.99201E-05 9.99201E-05 9.99201E-05 0.999101 9.99201E-05 9.99201E-05 9.99201E-05 9.99201E-05 9.99201E-05
0.999101 9.99201E-05 9.99201E-05 9.99201E-05 9.99201E-05 9.99201E-05 9.99201E-05 9.99201E-05 9.99201E-05 9.99201E-05
0.00306107 0.0096204 9.9937E-05 9.9937E-05 0.986619 9.9937E-05 9.9937E-05 9.9937E-05 9.9937E-05 9.9937E-05
0.00150545 9.9937E-05 0.997119 9.9937E-05 9.9937E-05 9.9937E-05 0.000676273 9.9937E-05 9.9937E-05 9.9937E-05
9.9955E-05 9.9955E-05 0.00320633 9.9955E-05 0.00926182 9.9955E-05 0.969268 9.9955E-05 0.0113157 0.00644835
9.99201E-05 0.999101 9.99201E-05 9.99201E-05 9.99201E-05 9.99201E-05 9.99201E-05 9.99201E-05 9.99201E-05 9.99201E-05
0.0156792 0.485729 0.0473568 0.029284 0.1104 0.0240781 0.0679266 0.0137419 0.0200961 0.185708
0.0412635 0.0333577 0.0608471 0.037198 0.103233 0.1692 0.0559152 0.194945 0.0357933 0.268247
9.99201E-05 9.99201E-05 9.99201E-05 0.999101 9.99201E-05 9.99201E-05 9.99201E-05 9.99201E-05 9.99201E-05 9.99201E-05
9.99201E-05 9.99201E-05 9.99201E-05 9.99201E-05 9.99201E-05 0.999101 9.99201E-05 9.99201E-05 9.99201E-05 9.99201E-05
0.00708992 0.00875645 0.0205356 0.855722 9.9991E-05 0.00874193 0.023719 0.00566162 0.0119847 0.057689
9.99201E-05 9.99201E-05 9.99201E-05 9.99201E-05 9.99201E-05 9.99201E-05 9.99201E-05 9.99201E-05 0.999101 9.99201E-05
0.120524 0.047514 0.0541237 0.0422371 0.12183 0.0251753 0.0528296 0.0287137 0.0326494 0.474403
0.0781023 0.0459087 0.0538149 0.058836 0.149681 0.0472544 0.0992698 0.0480854 0.0581648 0.360883
0.0860947 0.0494702 0.0503463 0.0496101 0.128017 0.0325731 0.0624141 0.0180651 0.0345015 0.488908
0.0324778 0.0367991 0.0079614 0.0259119 0.0343713 0.0373192 0.0119975 0.00928003 0.00551227 0.798369
0.00535417 9.9973E-05 0.0264553 0.0254467 9.9973E-05 0.0141194 9.9973E-05 0.00567762 0.0151463 0.907501
9.9955E-05 9.9955E-05 9.9955E-05 9.9955E-05 9.9955E-05 0.0175809 0.027101 0.00385859 0.0247941 0.926166
0.0247093 0.0415335 0.017642 0.0112901 0.0603496 0.0168901 0.0723477 0.0297692 0.0586937 0.666775
0.0244781 0.0512817 0.025999 0.0809245 0.140458 0.00909285 0.036051 0.0626994 0.0412316 0.527783
0.794799 0.0322991 0.0139482 0.0137295 0.0260057 0.00504463 0.0425434 9.9991E-05 0.0332971 0.0382335
9.99201E-05 9.99201E-05 9.99201E-05 9.99201E-05 0.999101 9.99201E-05 9.99201E-05 9.99201E-05 9.99201E-05 9.99201E-05
0.999101 9.99201E-05 9.99201E-05 9.99201E-05 9.99201E-05 9.99201E-05 9.99201E-05 9.99201E-05 9.99201E-05 9.99201E-05
9.99201E-05 9.99201E-05 0.999101 9.99201E-05 9.99201E-05 9.99201E-05 9.99201E-05 9.99201E-05 9.99201E-05 9.99201E-05
