9.997E-05 9.997E-05 9.997E-05 0.9996 9.997E-05
9.999E-05 0.0352329 0.00720219 0.00664214 0.950823
0.0127916 0.0406365 0.00177081 0.00267933 0.942122
9.997E-05 0.9996 9.997E-05 9.997E-05 9.997E-05
9.997E-05 0.9996 9.997E-05 9.997E-05 9.997E-05
0.036722 0.732901 0.0687119 0.0700909 0.0915739
9.997E-05 9.997E-05 0.9996 9.997E-05 9.997E-05
0.00723278 0.940597 9.9982E-05 9.9982E-05 0.0519705
0.148324 0.649481 0.0764878 0.0784589 0.0472483
9.9982E-05 0.952551 0.00546961 9.9982E-05 0.0417797
0.130516 0.644993 0.0845418 0.0637343 0.0762157
0.116903 0.599755 0.106613 0.0543358 0.122393
0.0574553 0.787782 0.0960596 0.040429 0.0182744
0.0748617 0.797373 0.0971397 0.014138 0.0164879
0.0203649 0.360385 0.558251 0.0176108 0.0433889
0.0818472 0.789236 0.0475612 0.0161067 0.0652488
0.0497001 0.820024 0.0420883 0.0118426 0.0763453
0.0790414 0.651191 0.106108 0.0740175 0.089642
0.805444 0.130314 0.0101167 0.0173611 0.0367636
0.0945734 0.726779 0.0587639 0.0467416 0.0731426
0.992812 9.9982E-05 9.9982E-05 0.000161211 0.0068269
0.0778239 0.807208 0.0468665 0.0333109 0.0347911
0.000864116 0.0377662 0.0199504 0.935164 0.00625497
9.997E-05 9.997E-05 9.997E-05 9.997E-05 0.9996
9.9991E-05 0.0431308 0.01933 0.00998792 0.927451
9.997E-05 0.9996 9.997E-05 9.997E-05 9.997E-05
9.997E-05 9.997E-05 0.9996 9.997E-05 9.997E-05
9.9973E-05 0.940387 9.9973E-05 9.9973E-05 0.0593134
0.00586746 0.0385006 0.938717 0.00551252 0.0114028
0.00243868 0.919573 9.9982E-05 9.9982E-05 0.0777885
0.151683 0.699957 0.0745412 0.046359 0.02746
9.9973E-05 0.987359 9.9973E-05 9.9973E-05 0.012341
0.122618 0.56238 0.110762 0.0872103 0.117029
0.062624 0.793032 0.0965837 0.0366969 0.0110632
0.083711 0.802061 0.0831431 0.0191468 0.011938
0.0915323 0.675232 0.0837617 0.0755741 0.0738999
0.0799847 0.800385 0.0385292 0.0207739 0.0603274
0.104398 0.717313 0.0726802 0.0418108 0.0637979
0.0766663 0.786839 0.0629018 0.0216499 0.0519431
0.9996 9.997E-05 9.997E-05 9.997E-05 9.997E-05
0.0937959 0.721426 0.0590313 0.0580875 0.0676591
9.997E-05 9.997E-05 9.997E-05 0.9996 9.997E-05
0.00432349 0.0321259 0.000881005 0.961504 0.00116571
9.997E-05 9.997E-05 9.997E-05 9.997E-05 0.9996
0.0124723 0.0803517 0.0181321 0.011024 0.87802
9.997E-05 0.9996 9.997E-05 9.997E-05 9.997E-05
9.997E-05 9.997E-05 0.9996 9.997E-05 9.997E-05
0.0130179 0.884469 0.0203323 0.0331204 0.0490608
9.997E-05 9.997E-05 0.9996 9.997E-05 9.997E-05
9.9991E-05 0.879598 0.0244457 0.0314341 0.0644224
0.144842 0.64624 0.0903903 0.07117 0.0473578
9.9991E-05 0.967984 0.00192789 0.00520794 0.0247802
0.141685 0.649414 0.0837513 0.067492 0.0576573
0.0600819 0.785734 0.0903118 0.0413111 0.0225612
0.0875644 0.773408 0.0792369 0.037108 0.0226831
0.0704456 0.6889 0.0971681 0.0642899 0.0791959
0.0811215 0.798646 0.0439074 0.0125299 0.0637956
0.413444 0.402341 0.0595972 0.0495885 0.0750291
0.0776675 0.757073 0.0654015 0.0253131 0.0745449
0.9996 9.997E-05 9.997E-05 9.997E-05 9.997E-05
0.0629018 0.810257 0.05158 0.0300898 0.0451717
0.000628181 9.9982E-05 9.9982E-05 0.984168 0.0150035
9.9982E-05 0.0265373 0.0108895 0.962373 9.9982E-05
9.997E-05 9.997E-05 9.997E-05 9.997E-05 0.9996
0.0547312 0.298772 0.0351957 0.0277559 0.583545
9.997E-05 0.9996 9.997E-05 9.997E-05 9.997E-05
9.9991E-05 0.00745239 0.977455 0.00902652 0.00596627
0.0114488 0.909968 9.9991E-05 0.00156863 0.0769148
0.0239797 0.0767653 0.848883 0.0251189 0.0252528
9.9991E-05 0.913088 0.0215157 0.0250119 0.0402848
0.136561 0.662565 0.0801159 0.075051 0.0457075
9.9973E-05 0.973114 9.9973E-05 9.9973E-05 0.0265856
0.16398 0.60452 0.0887666 0.0787826 0.0639514
0.0731956 0.721843 0.0963413 0.0599823 0.048638
0.0985317 0.806402 0.0867731 0.00304938 0.00524419
0.059872 0.798003 0.0419571 0.00950622 0.0906613
0.0585395 0.68465 0.102897 0.0675123 0.0864013
0.3699 0.421053 0.0718176 0.0551014 0.0821276
0.0747544 0.766291 0.0599248 0.0348157 0.0642145
0.9996 9.997E-05 9.997E-05 9.997E-05 9.997E-05
0.0798559 0.759839 0.0565812 0.0407788 0.0629452
9.997E-05 9.997E-05 9.997E-05 0.9996 9.997E-05
9.997E-05 9.997E-05 9.997E-05 0.9996 9.997E-05
9.997E-05 9.997E-05 9.997E-05 9.997E-05 0.9996
0.0404288 0.305985 0.039744 0.0357121 0.57813
0.0206986 0.960233 0.0150866 0.00388149 9.9991E-05
9.997E-05 9.997E-05 0.9996 9.997E-05 9.997E-05
9.9973E-05 0.941272 9.9973E-05 9.9973E-05 0.0584279
0.019828 0.15117 0.751215 0.0413045 0.0364823
9.9991E-05 0.917169 0.00764962 0.023157 0.0519239
0.140605 0.66695 0.07786 0.0690464 0.0455381
9.9973E-05 0.978647 9.9973E-05 9.9973E-05 0.0210535
0.10984 0.641231 0.0911874 0.0474293 0.110313
0.142231 0.682031 0.064378 0.0627664 0.0485939
0.0555154 0.748822 0.0706389 0.0597925 0.0652317
0.0766511 0.746393 0.0875297 0.0588907 0.0305351
0.0702016 0.731814 0.0718555 0.039516 0.0866128
0.0734849 0.692272 0.103257 0.0615081 0.0694782
0.834504 0.108264 0.00348061 0.0150427 0.0387086
0.057669 0.784424 0.0663066 0.0312181 0.0603822
0.943579 0.0222358 0.0135751 0.0138837 0.00672674
0.0747559 0.833776 0.0568327 0.0228574 0.0117782
0.0115263 0.00922748 0.00457441 0.959094 0.0155779
9.997E-05 9.997E-05 9.997E-05 0.9996 9.997E-05
9.997E-05 9.997E-05 9.997E-05 9.997E-05 0.9996
0.00187373 0.0534685 0.00936347 0.00986901 0.925425
9.997E-05 0.9996 9.997E-05 9.997E-05 9.997E-05
9.997E-05 9.997E-05 0.9996 9.997E-05 9.997E-05
9.9973E-05 0.943404 9.9973E-05 9.9973E-05 0.0562965
9.997E-05 9.997E-05 0.9996 9.997E-05 9.997E-05
9.9991E-05 0.915935 0.0142066 0.0246287 0.0451302
0.0739072 0.669232 0.115745 0.0781517 0.0629642
9.9982E-05 0.959741 0.0129667 9.9982E-05 0.0270921
0.112025 0.634517 0.0939157 0.0460513 0.113491
0.128362 0.646149 0.0909632 0.0675646 0.0669609
0.0589385 0.766643 0.0664831 0.0525787 0.055357
0.0990532 0.719997 0.106049 0.0341402 0.0407612
0.052329 0.840204 0.0376102 0.000423461 0.0694336
0.0790754 0.645424 0.11239 0.0805337 0.082577
0.826462 0.116527 0.0144573 0.0150168 0.0275366
0.0612992 0.801585 0.0495143 0.0248903 0.0627114
0.9996 9.997E-05 9.997E-05 9.997E-05 9.997E-05
0.0697802 0.829081 0.059665 0.027191 0.0142824
0.0126527 0.0172412 0.00138217 0.956251 0.0124728
9.997E-05 9.997E-05 9.997E-05 0.9996 9.997E-05
9.997E-05 9.997E-05 9.997E-05 9.997E-05 0.9996
9.997E-05 9.997E-05 9.997E-05 9.997E-05 0.9996
9.997E-05 0.9996 9.997E-05 9.997E-05 9.997E-05
9.9982E-05 0.0213236 0.970513 9.9982E-05 0.00796322
0.0726668 0.739167 0.0546406 0.0589754 0.0745506
9.9991E-05 0.0181267 0.96983 0.00216849 0.00977486
9.9991E-05 0.967818 0.00376486 0.00857793 0.0197395
0.162445 0.634161 0.062486 0.0785463 0.0623613
0.0999533 0.643499 0.0975655 0.0491604 0.109821
0.109736 0.664378 0.0971524 0.0747375 0.0539955
0.0517391 0.761968 0.0831525 0.0500109 0.0531293
0.0849735 0.73461 0.102734 0.0482336 0.0294498
0.0940472 0.780957 0.0400782 0.0120957 0.0728221
0.0556876 0.827988 0.0352145 0.00968554 0.0714246
0.0858204 0.672448 0.130504 0.0519057 0.059322
0.858002 0.0865582 0.00540656 0.0129701 0.0370628
0.0541057 0.822626 0.053484 0.0149101 0.0548741
0.9996 9.997E-05 9.997E-05 9.997E-05 9.997E-05
0.0696263 0.830285 0.0554611 0.0230607 0.0215665
0.00503034 9.9973E-05 9.9973E-05 0.99467 9.9973E-05
9.9991E-05 0.0134831 0.00232795 0.00734616 0.976743
9.997E-05 0.9996 9.997E-05 9.997E-05 9.997E-05
0.0171966 0.827834 0.0563478 0.0427837 0.0558374
0.0649205 0.704101 0.0622528 0.0759372 0.0927886
9.997E-05 9.997E-05 0.9996 9.997E-05 9.997E-05
0.0084242 0.935334 9.9982E-05 9.9982E-05 0.0560423
0.0239592 0.0735896 0.864603 0.0162194 0.0216292
9.9973E-05 0.979163 9.9973E-05 9.9973E-05 0.0205374
0.164008 0.619185 0.0777067 0.0547382 0.0843627
0.130029 0.600664 0.100963 0.0554637 0.11288
0.111924 0.659771 0.085162 0.0702487 0.0728949
0.0914069 0.767285 0.0850613 0.0272369 0.0290102
0.0765419 0.758213 0.0924777 0.0487973 0.0239696
0.0623861 0.805176 0.0449109 0.0147232 0.072804
0.0769453 0.764483 0.0517328 0.0260873 0.0807519
0.0824463 0.691844 0.122102 0.0452041 0.0584036
0.786651 0.128081 0.0218063 0.0251585 0.0383033
0.0548993 0.808674 0.0493055 0.0229573 0.0641641
0.9996 9.997E-05 9.997E-05 9.997E-05 9.997E-05
9.997E-05 9.997E-05 9.997E-05 0.9996 9.997E-05
