0.00225038 9.99011E-05 9.99011E-05 9.99011E-05 9.99011E-05 9.99011E-05 9.99011E-05 9.99011E-05 9.99011E-05 9.99011E-05 0.996651 9.99011E-05 9.99011E-05
0.00485632 0.951015 9.9964E-05 9.9964E-05 0.00789075 0.00226441 0.0149429 9.9964E-05 0.00996374 0.00547022 0.00229682 0.000900467 9.9964E-05
0.00238925 0.943022 9.9937E-05 9.9937E-05 9.9937E-05 9.9937E-05 0.0109496 9.9937E-05 0.0185089 0.022893 0.00153718 9.9937E-05 9.9937E-05
9.9892E-05 9.9892E-05 9.9892E-05 9.9892E-05 9.9892E-05 9.9892E-05 9.9892E-05 9.9892E-05 9.9892E-05 9.9892E-05 9.9892E-05 0.998801 9.9892E-05
9.9892E-05 9.9892E-05 9.9892E-05 9.9892E-05 9.9892E-05 9.9892E-05 9.9892E-05 9.9892E-05 9.9892E-05 9.9892E-05 9.9892E-05 0.998801 9.9892E-05
0.0534359 0.0504467 0.0134922 0.079135 0.0275837 0.326028 0.0319915 0.127806 0.0928175 0.0416282 0.0562758 0.0342935 0.065066
0.998801 9.9892E-05 9.9892E-05 9.9892E-05 9.9892E-05 9.9892E-05 9.9892E-05 9.9892E-05 9.9892E-05 9.9892E-05 9.9892E-05 9.9892E-05 9.9892E-05
9.9892E-05 9.9892E-05 9.9892E-05 9.9892E-05 9.9892E-05 0.998801 9.9892E-05 9.9892E-05 9.9892E-05 9.9892E-05 9.9892E-05 9.9892E-05 9.9892E-05
9.9892E-05 9.9892E-05 9.9892E-05 9.9892E-05 9.9892E-05 9.9892E-05 9.9892E-05 0.998801 9.9892E-05 9.9892E-05 9.9892E-05 9.9892E-05 9.9892E-05
9.99152E-05 0.0128548 9.99152E-05 9.99152E-05 9.99152E-05 9.99152E-05 0.975802 9.99152E-05 9.99152E-05 9.99152E-05 9.99152E-05 0.0103439 9.99152E-05
0.0358564 0.0417439 0.0532637 0.0967012 0.0172504 0.0276812 0.0378231 0.448975 0.0737448 0.0376578 0.0519513 0.0447875 0.0325641
0.0564075 0.0840842 0.0687423 0.0727746 0.0588953 0.0349126 0.053729 0.283088 0.0989773 0.0680458 0.0403281 0.0346375 0.0453781
0.00544543 9.9955E-05 9.9955E-05 0.957468 0.00512034 0.00115457 9.9955E-05 9.9955E-05 0.0116695 9.9955E-05 0.00852056 0.00304136 0.00708039
9.98919E-05 9.98919E-05 9.98919E-05 0.998801 9.98919E-05 9.98919E-05 9.98919E-05 9.98919E-05 9.98919E-05 9.98919E-05 9.98919E-05 9.98919E-05 9.98919E-05
0.500176 9.99282E-05 9.99282E-05 9.99282E-05 0.0102185 9.99282E-05 0.00264069 0.463241 9.99282E-05 0.0229244 9.99282E-05 9.99282E-05 9.99282E-05
9.9901E-05 9.9901E-05 9.9901E-05 9.9901E-05 0.996549 9.9901E-05 9.9901E-05 9.9901E-05 9.9901E-05 9.9901E-05 9.9901E-05 0.00235193 9.9901E-05
9.98919E-05 9.98919E-05 9.98919E-05 9.98919E-05 9.98919E-05 9.98919E-05 9.98919E-05 9.98919E-05 9.98919E-05 0.998801 9.98919E-05 9.98919E-05 9.98919E-05
0.0503758 0.0400074 0.00561223 0.0346786 0.0313729 0.0209044 0.0136498 0.562648 0.108544 0.0511584 0.0409017 0.0237751 0.0163711
0.00904259 0.0363136 0.791592 0.0104989 0.0107741 0.00274793 0.0181407 0.0187679 0.0258823 0.0111548 0.0341926 0.0185348 0.0123576
0.0243225 0.034392 0.0482361 0.0112937 0.024038 0.0162611 0.0153156 0.00366956 0.697854 0.0128878 0.0424577 0.0422557 0.0270161
9.991E-05 0.0111655 0.981213 0.00662196 9.991E-05 9.991E-05 9.991E-05 9.991E-05 9.991E-05 9.991E-05 9.991E-05 9.991E-05 9.991E-05
9.99794E-05 0.00305359 0.0129209 0.0271727 9.99794E-05 0.00349951 9.99794E-05 0.0106645 0.912538 0.0133768 0.00607474 0.00861872 0.00178001
0.0106469 9.9955E-05 0.000930019 0.00207597 9.9955E-05 0.00199043 9.9955E-05 0.0397004 0.0223234 9.9955E-05 0.910961 0.0108718 9.9955E-05
9.98919E-05 0.998801 9.98919E-05 9.98919E-05 9.98919E-05 9.98919E-05 9.98919E-05 9.98919E-05 9.98919E-05 9.98919E-05 9.98919E-05 9.98919E-05 9.98919E-05
0.0138009 0.907592 9.9964E-05 0.0122705 0.0101715 9.9964E-05 0.019536 9.9964E-05 0.014785 0.0192522 0.0020211 0.000171011 9.9964E-05
9.9892E-05 9.9892E-05 9.9892E-05 9.9892E-05 9.9892E-05 9.9892E-05 9.9892E-05 9.9892E-05 9.9892E-05 9.9892E-05 9.9892E-05 0.998801 9.9892E-05
0.998801 9.9892E-05 9.9892E-05 9.9892E-05 9.9892E-05 9.9892E-05 9.9892E-05 9.9892E-05 9.9892E-05 9.9892E-05 9.9892E-05 9.9892E-05 9.9892E-05
9.9892E-05 9.9892E-05 9.9892E-05 9.9892E-05 9.9892E-05 0.998801 9.9892E-05 9.9892E-05 9.9892E-05 9.9892E-05 9.9892E-05 9.9892E-05 9.9892E-05
0.921692 0.00659487 9.9973E-05 0.00489612 9.9973E-05 0.00799213 0.00578353 9.9973E-05 0.0118588 0.0167065 0.0119806 0.00364408 0.00855177
9.9931E-05 0.0140423 9.9931E-05 9.9931E-05 9.9931E-05 0.964707 9.9931E-05 0.0107099 9.9931E-05 0.00580599 9.9931E-05 0.00393551 9.9931E-05
9.98919E-05 9.98919E-05 9.98919E-05 9.98919E-05 9.98919E-05 9.98919E-05 9.98919E-05 0.998801 9.98919E-05 9.98919E-05 9.98919E-05 9.98919E-05 9.98919E-05
9.9892E-05 9.9892E-05 9.9892E-05 9.9892E-05 9.9892E-05 9.9892E-05 0.998801 9.9892E-05 9.9892E-05 9.9892E-05 9.9892E-05 9.9892E-05 9.9892E-05
0.082149 0.066481 0.0716166 0.0859091 0.0233801 0.0371009 0.0646963 0.270552 0.0868339 0.0294462 0.0780085 0.0673781 0.0364486
0.00561771 9.9955E-05 9.9955E-05 0.973833 0.0033775 0.00179092 9.9955E-05 9.9955E-05 0.00102361 9.9955E-05 0.00544162 0.00652492 0.00189099
9.98918E-05 9.98918E-05 9.98918E-05 0.998801 9.98918E-05 9.98918E-05 9.98918E-05 9.98918E-05 9.98918E-05 9.98918E-05 9.98918E-05 9.98918E-05 9.98918E-05
0.0164567 0.0217958 0.00615172 0.0329624 0.0443237 0.00129973 0.0244954 0.703201 0.0655398 0.0570092 0.0182142 0.0084504 9.9991E-05
9.9892E-05 9.9892E-05 9.9892E-05 9.9892E-05 0.998801 9.9892E-05 9.9892E-05 9.9892E-05 9.9892E-05 9.9892E-05 9.9892E-05 9.9892E-05 9.9892E-05
0.0354369 0.0160964 0.0499835 0.0467346 0.0513335 0.032821 0.0197929 0.151236 0.0946344 0.424633 0.0202258 0.0349468 0.0221254
0.00673052 0.00528541 0.0177091 9.9955E-05 9.9955E-05 9.9955E-05 0.0125648 9.9955E-05 0.942463 0.0035229 0.00153873 9.9955E-05 0.00968604
9.98919E-05 9.98919E-05 0.998801 9.98919E-05 9.98919E-05 9.98919E-05 9.98919E-05 9.98919E-05 9.98919E-05 9.98919E-05 9.98919E-05 9.98919E-05 9.98919E-05
0.0227897 0.0265143 0.0349515 0.0273717 0.0187427 0.0145739 0.0102763 0.0430895 0.687486 0.0343958 0.039887 0.023611 0.0163105
9.9892E-05 9.9892E-05 9.9892E-05 9.9892E-05 9.9892E-05 9.9892E-05 9.9892E-05 9.9892E-05 9.9892E-05 9.9892E-05 0.998801 9.9892E-05 9.9892E-05
0.00354146 9.9937E-05 9.9937E-05 0.0156109 9.9937E-05 9.9937E-05 9.9937E-05 0.0137679 0.0105221 9.9937E-05 0.942549 0.0133093 9.9937E-05
9.9892E-05 0.998801 9.9892E-05 9.9892E-05 9.9892E-05 9.9892E-05 9.9892E-05 9.9892E-05 9.9892E-05 9.9892E-05 9.9892E-05 9.9892E-05 9.9892E-05
0.00842126 0.874943 0.00169388 0.010728 0.0135552 0.00725297 0.0058006 9.9991E-05 0.0323751 0.0190546 0.00472382 0.00522033 0.0161316
9.98921E-05 9.98921E-05 9.98921E-05 9.98921E-05 9.98921E-05 9.98921E-05 9.98921E-05 9.98921E-05 9.98921E-05 9.98921E-05 9.98921E-05 0.998801 9.98921E-05
0.995744 9.9901E-05 9.9901E-05 9.9901E-05 9.9901E-05 0.00315666 9.9901E-05 9.9901E-05 9.9901E-05 9.9901E-05 9.9901E-05 9.9901E-05 9.9901E-05
9.9946E-05 9.9946E-05 0.00608033 9.9946E-05 0.00290082 9.9946E-05 0.00305558 9.9946E-05 0.0145416 0.00334602 9.9946E-05 0.00178283 0.967693
0.998801 9.9892E-05 9.9892E-05 9.9892E-05 9.9892E-05 9.9892E-05 9.9892E-05 9.9892E-05 9.9892E-05 9.9892E-05 9.9892E-05 9.9892E-05 9.9892E-05
9.991E-05 9.991E-05 9.991E-05 9.991E-05 9.991E-05 9.991E-05 9.991E-05 9.991E-05 9.991E-05 9.991E-05 0.00108811 0.00367476 0.994238
9.98919E-05 9.98919E-05 9.98919E-05 9.98919E-05 9.98919E-05 9.98919E-05 9.98919E-05 0.998801 9.98919E-05 9.98919E-05 9.98919E-05 9.98919E-05 9.98919E-05
0.00999151 9.9937E-05 9.9937E-05 9.9937E-05 9.9937E-05 0.00270029 0.974466 9.9937E-05 9.9937E-05 0.00142834 9.9937E-05 0.00705133 0.00366272
0.0179105 0.0230213 0.0551775 0.0729041 9.9991E-05 0.0180698 0.0203297 0.590806 0.0895246 0.03982 0.028038 0.0231986 0.0210995
0.00433345 0.0016624 9.9946E-05 0.943046 9.9946E-05 9.9946E-05 0.00488327 9.9946E-05 0.015479 9.9946E-05 0.0123108 0.0176849 9.9946E-05
9.99369E-05 9.99369E-05 0.00297436 0.970311 9.99369E-05 0.00133968 0.0123715 9.99369E-05 9.99369E-05 9.99369E-05 0.00180394 9.99369E-05 0.0105
0.0360645 0.0211848 9.9982E-05 9.9982E-05 0.0308241 0.0108239 0.0334003 0.737702 0.0319856 0.0289537 0.014511 0.034644 0.0197063
9.9892E-05 9.9892E-05 9.9892E-05 9.9892E-05 0.998801 9.9892E-05 9.9892E-05 9.9892E-05 9.9892E-05 9.9892E-05 9.9892E-05 9.9892E-05 9.9892E-05
0.031186 0.0507536 0.36019 0.0358518 0.00874034 0.0316307 0.0221797 0.301932 0.062508 0.0188126 0.024385 0.0302485 0.0215818
0.0201912 0.0350262 0.0200579 9.9991E-05 0.0139409 0.00354749 0.0208138 0.00945146 0.829865 0.00190191 0.0141365 0.0147413 0.0162264
9.9892E-05 9.9892E-05 0.998801 9.9892E-05 9.9892E-05 9.9892E-05 9.9892E-05 9.9892E-05 9.9892E-05 9.9892E-05 9.9892E-05 9.9892E-05 9.9892E-05
9.9892E-05 9.9892E-05 9.9892E-05 9.9892E-05 9.9892E-05 9.9892E-05 9.9892E-05 9.9892E-05 0.998801 9.9892E-05 9.9892E-05 9.9892E-05 9.9892E-05
9.9928E-05 9.9928E-05 0.00365557 9.9928E-05 0.000319686 0.00346186 9.9928E-05 9.9928E-05 9.9928E-05 0.0049856 0.986778 9.9928E-05 9.9928E-05
0.00101234 9.9946E-05 9.9946E-05 0.00970227 0.00141252 9.9946E-05 9.9946E-05 0.0121381 0.0195086 9.9946E-05 0.946219 0.00940757 9.9946E-05
9.9892E-05 0.998801 9.9892E-05 9.9892E-05 9.9892E-05 9.9892E-05 9.9892E-05 9.9892E-05 9.9892E-05 9.9892E-05 9.9892E-05 9.9892E-05 9.9892E-05
0.0179665 0.558336 0.0354333 0.0298866 0.0246474 0.0399811 0.0322306 0.101339 0.0694647 0.0220734 0.0230351 0.0299996 0.0156071
9.9946E-05 9.9946E-05 0.00299953 9.9946E-05 0.00683199 0.00326091 9.9946E-05 0.00574273 9.9946E-05 0.0156642 0.00599617 0.958905 9.9946E-05
0.972827 9.9946E-05 0.0015901 9.9946E-05 0.00385224 0.00094901 9.9946E-05 9.9946E-05 0.00492194 9.9946E-05 0.0111341 9.9946E-05 0.00412609
0.00369479 0.0152579 0.0130212 9.9946E-05 9.9946E-05 0.93592 0.00809162 0.0105385 9.9946E-05 9.9946E-05 0.0128761 9.9946E-05 9.9946E-05
0.84667 0.0173765 0.00771614 0.0082431 0.00180706 0.0201279 0.00661466 0.0103943 0.025197 9.9991E-05 0.0278623 0.0169102 0.0109809
9.9892E-05 9.9892E-05 9.9892E-05 9.9892E-05 9.9892E-05 9.9892E-05 9.9892E-05 9.9892E-05 9.9892E-05 9.9892E-05 9.9892E-05 9.9892E-05 0.998801
9.99279E-05 9.99279E-05 0.0204709 9.99279E-05 9.99279E-05 0.0116721 0.00474221 0.95299 9.99279E-05 9.99279E-05 0.0093251 9.99279E-05 9.99279E-05
9.98921E-05 9.98921E-05 9.98921E-05 9.98921E-05 9.98921E-05 9.98921E-05 0.998801 9.98921E-05 9.98921E-05 9.98921E-05 9.98921E-05 9.98921E-05 9.98921E-05
0.00826221 0.0233679 0.0485825 0.0999273 0.00543201 0.00112604 0.0234635 0.67299 0.0396597 0.0239433 0.021445 0.0160687 0.0157318
0.0359258 0.0221335 0.020942 0.569785 0.0208928 0.0289254 0.0221726 0.115162 0.0759626 0.023901 0.0346119 0.0294862 9.9991E-05
9.98918E-05 9.98918E-05 9.98918E-05 0.998801 9.98918E-05 9.98918E-05 9.98918E-05 9.98918E-05 9.98918E-05 9.98918E-05 9.98918E-05 9.98918E-05 9.98918E-05
9.9892E-05 9.9892E-05 9.9892E-05 9.9892E-05 9.9892E-05 9.9892E-05 9.9892E-05 9.9892E-05 9.9892E-05 0.998801 9.9892E-05 9.9892E-05 9.9892E-05
0.0175252 0.0108096 9.9973E-05 9.9973E-05 0.0196213 9.9973E-05 0.0337254 0.766641 0.0442651 0.0251215 0.0278406 0.0338262 0.0203239
0.0384249 0.0604166 0.315104 0.0561979 0.0121376 0.0329953 0.039782 0.272682 0.0533164 0.0299515 0.0468449 0.0246285 0.0175186
0.00779531 0.0138017 0.00756928 9.9982E-05 0.00116317 0.0108962 0.00346192 0.00963905 0.905797 0.0156302 0.00400523 9.9982E-05 0.0200411
9.98919E-05 9.98919E-05 0.998801 9.98919E-05 9.98919E-05 9.98919E-05 9.98919E-05 9.98919E-05 9.98919E-05 9.98919E-05 9.98919E-05 9.98919E-05 9.98919E-05
0.00616017 0.0262941 0.0260289 0.0402472 0.0262583 0.0163752 9.9991E-05 0.0422966 0.741166 0.0342262 0.0131186 0.0233061 0.00442285
9.98921E-05 9.98921E-05 9.98921E-05 9.98921E-05 9.98921E-05 9.98921E-05 9.98921E-05 9.98921E-05 9.98921E-05 9.98921E-05 0.998801 9.98921E-05 9.98921E-05
9.98921E-05 9.98921E-05 9.98921E-05 9.98921E-05 9.98921E-05 9.98921E-05 9.98921E-05 9.98921E-05 9.98921E-05 9.98921E-05 0.998801 9.98921E-05 9.98921E-05
9.9892E-05 0.998801 9.9892E-05 9.9892E-05 9.9892E-05 9.9892E-05 9.9892E-05 9.9892E-05 9.9892E-05 9.9892E-05 9.9892E-05 9.9892E-05 9.9892E-05
0.032411 0.562056 0.0241206 0.0249235 0.0366266 0.0280064 0.0347626 0.0862649 0.078943 0.0239888 0.0295664 0.0236801 0.0146497
0.0264784 0.0196984 0.019939 0.0144474 9.9991E-05 0.00700562 0.00758453 0.0111789 0.0320974 0.00696715 0.00760854 0.837163 0.00973161
0.998801 9.98921E-05 9.98921E-05 9.98921E-05 9.98921E-05 9.98921E-05 9.98921E-05 9.98921E-05 9.98921E-05 9.98921E-05 9.98921E-05 9.98921E-05 9.98921E-05
9.9892E-05 9.9892E-05 9.9892E-05 9.9892E-05 9.9892E-05 0.998801 9.9892E-05 9.9892E-05 9.9892E-05 9.9892E-05 9.9892E-05 9.9892E-05 9.9892E-05
0.733126 0.0216227 0.0191875 0.0424992 0.0098776 0.0239951 0.0191877 0.0179815 0.0293033 0.0112926 0.0266036 0.0131949 0.0321288
9.98919E-05 9.98919E-05 9.98919E-05 9.98919E-05 9.98919E-05 9.98919E-05 9.98919E-05 9.98919E-05 9.98919E-05 9.98919E-05 9.98919E-05 9.98919E-05 0.998801
9.98918E-05 9.98918E-05 9.98918E-05 9.98918E-05 9.98918E-05 9.98918E-05 9.98918E-05 0.998801 9.98918E-05 9.98918E-05 9.98918E-05 9.98918E-05 9.98918E-05
9.9892E-05 9.9892E-05 9.9892E-05 9.9892E-05 9.9892E-05 9.9892E-05 0.998801 9.9892E-05 9.9892E-05 9.9892E-05 9.9892E-05 9.9892E-05 9.9892E-05
0.0568432 0.0648097 0.0591138 0.0688234 0.0680965 0.0133531 0.0536249 0.301849 0.0917845 0.0964846 0.0226632 0.0429919 0.0595624
9.9973E-05 0.00758304 0.035211 0.0940273 9.9973E-05 0.00550577 0.0320809 0.769299 0.0215144 0.0156393 0.00939345 0.0094455 9.9973E-05
0.0253473 0.0312387 0.00355676 0.503368 0.0316621 9.9991E-05 0.0191603 0.174972 0.0948631 0.0287819 0.0200936 0.0410791 0.0257763
0.0213718 0.00738024 0.0182662 0.748404 0.00897739 0.00813197 0.0322327 0.0477141 0.0292625 0.0253367 0.0250608 0.0212471 0.00661393
0.0227043 0.0425073 0.020254 0.070936 0.0372354 0.0288886 0.0140921 0.101366 0.0254733 0.546078 0.0272657 0.0284497 0.0347497
0.0177225 0.0224879 9.9973E-05 9.9973E-05 0.0181991 9.9973E-05 0.0333943 0.760862 0.0385318 0.0307633 0.0286125 0.0344447 0.0146821
0.0122848 0.0274534 0.824015 0.00277928 0.00245083 0.000750517 0.0157008 0.0212984 0.0312655 0.0235085 0.0198374 0.0185559 9.9991E-05
0.0202809 0.00589085 9.9946E-05 9.9946E-05 9.9946E-05 9.9946E-05 0.0095666 9.9946E-05 0.939521 0.00589427 0.00883852 9.9946E-05 0.00940861
0.00674733 0.00680586 0.922117 0.0160121 9.9982E-05 0.00859673 0.010025 0.00992034 9.9982E-05 0.00213766 0.000937138 0.0085921 0.00790833
9.991E-05 9.991E-05 9.991E-05 0.00886432 9.991E-05 9.991E-05 9.991E-05 9.991E-05 0.98484 0.00529693 9.991E-05 9.991E-05 9.991E-05
9.9955E-05 0.0139874 0.00418172 9.9955E-05 0.0102191 0.0108739 0.00702511 9.9955E-05 9.9955E-05 0.000485605 0.94546 9.9955E-05 0.00726692
9.98921E-05 9.98921E-05 9.98921E-05 9.98921E-05 9.98921E-05 9.98921E-05 9.98921E-05 9.98921E-05 9.98921E-05 9.98921E-05 0.998801 9.98921E-05 9.98921E-05
9.9892E-05 0.998801 9.9892E-05 9.9892E-05 9.9892E-05 9.9892E-05 9.9892E-05 9.9892E-05 9.9892E-05 9.9892E-05 9.9892E-05 9.9892E-05 9.9892E-05
9.9973E-05 0.915434 0.000877185 0.000151377 0.00877157 9.9973E-05 0.00825952 9.9973E-05 0.0248321 0.0255313 0.00503509 0.00451872 0.00628962
0.000331691 9.9928E-05 9.9928E-05 9.9928E-05 9.9928E-05 9.9928E-05 9.9928E-05 0.00313259 0.00110058 9.9928E-05 9.9928E-05 0.994003 0.000632564
0.998801 9.98919E-05 9.98919E-05 9.98919E-05 9.98919E-05 9.98919E-05 9.98919E-05 9.98919E-05 9.98919E-05 9.98919E-05 9.98919E-05 9.98919E-05 9.98919E-05
9.9892E-05 9.9892E-05 9.9892E-05 9.9892E-05 9.9892E-05 0.998801 9.9892E-05 9.9892E-05 9.9892E-05 9.9892E-05 9.9892E-05 9.9892E-05 9.9892E-05
0.998801 9.98921E-05 9.98921E-05 9.98921E-05 9.98921E-05 9.98921E-05 9.98921E-05 9.98921E-05 9.98921E-05 9.98921E-05 9.98921E-05 9.98921E-05 9.98921E-05
9.9892E-05 9.9892E-05 9.9892E-05 9.9892E-05 9.9892E-05 9.9892E-05 9.9892E-05 9.9892E-05 9.9892E-05 9.9892E-05 9.9892E-05 9.9892E-05 0.998801
0.038582 0.0212834 9.9982E-05 0.0292243 0.0253679 9.9982E-05 0.0299969 0.757648 0.0329953 0.0387678 0.0155499 0.00875671 0.00162823
0.00225879 9.9955E-05 9.9955E-05 9.9955E-05 0.000979515 0.00128828 0.965209 0.0137406 9.9955E-05 0.00914136 0.0026532 9.9955E-05 0.00422909
0.0577012 0.0667013 0.0711472 0.0615718 0.062486 0.010839 0.0538224 0.282451 0.0918976 0.105557 0.0229821 0.045813 0.0670294
0.0343277 0.0401829 0.0572892 0.114011 9.9991E-05 0.0205817 0.0187582 0.517868 0.0849632 0.0255877 0.016089 0.0297726 0.0404688
0.00871902 0.0177549 0.0134684 0.528566 0.0280078 0.00323692 0.0150092 0.171078 0.0901803 0.0356444 0.0243322 0.0371129 0.0268898
0.0222554 0.0192948 0.037258 0.711573 0.0201842 9.9991E-05 0.00149347 0.0894652 0.0401185 0.0261125 0.00598931 0.00622484 0.0199309
9.98918E-05 9.98918E-05 9.98918E-05 9.98918E-05 9.98918E-05 9.98918E-05 9.98918E-05 9.98918E-05 9.98918E-05 0.998801 9.98918E-05 9.98918E-05 9.98918E-05
0.0385382 0.0467571 0.00311316 0.0274008 0.029131 0.0139979 0.0274857 0.679274 0.0395311 0.0304275 0.0345981 0.0296452 9.9991E-05
9.9982E-05 0.0287005 0.815469 9.9982E-05 0.0116393 0.00862414 0.0205605 0.020415 0.0293203 0.0182224 0.0208408 0.0160747 0.00993361
9.9892E-05 9.9892E-05 9.9892E-05 9.9892E-05 9.9892E-05 9.9892E-05 9.9892E-05 9.9892E-05 0.998801 9.9892E-05 9.9892E-05 9.9892E-05 9.9892E-05
9.98919E-05 9.98919E-05 0.998801 9.98919E-05 9.98919E-05 9.98919E-05 9.98919E-05 9.98919E-05 9.98919E-05 9.98919E-05 9.98919E-05 9.98919E-05 9.98919E-05
9.9919E-05 9.9919E-05 9.9919E-05 0.00552435 9.9919E-05 9.9919E-05 9.9919E-05 0.00721851 0.982685 9.9919E-05 9.9919E-05 0.00367288 9.9919E-05
9.9946E-05 0.00341803 0.0133139 9.9946E-05 9.9946E-05 0.0023574 0.00798568 9.9946E-05 9.9946E-05 0.00748953 0.963604 9.9946E-05 0.00123187
9.9919E-05 9.9919E-05 9.9919E-05 9.9919E-05 9.9919E-05 9.9919E-05 9.9919E-05 0.000141527 0.00513775 9.9919E-05 0.988872 0.0049498 9.9919E-05
9.9892E-05 0.998801 9.9892E-05 9.9892E-05 9.9892E-05 9.9892E-05 9.9892E-05 9.9892E-05 9.9892E-05 9.9892E-05 9.9892E-05 9.9892E-05 9.9892E-05
9.9892E-05 0.998801 9.9892E-05 9.9892E-05 9.9892E-05 9.9892E-05 9.9892E-05 9.9892E-05 9.9892E-05 9.9892E-05 9.9892E-05 9.9892E-05 9.9892E-05
9.9964E-05 0.0119643 9.9964E-05 0.00341585 0.000297994 0.000407762 0.00259731 0.00439229 9.9964E-05 0.000180607 0.00355329 0.972791 9.9964E-05
0.966743 9.9946E-05 0.00497052 9.9946E-05 9.9946E-05 0.000600745 9.9946E-05 0.00662216 0.00786901 9.9946E-05 9.9946E-05 0.00815722 0.00443808
0.0309774 0.0447855 0.048085 0.0465151 0.0220314 0.180743 0.00510371 0.104937 0.0904372 0.0290605 0.0385634 0.0493665 0.309395
0.95393 0.0120276 9.9946E-05 0.0173718 9.9946E-05 0.000475043 0.00986636 9.9946E-05 9.9946E-05 0.00486163 9.9946E-05 0.000868046 9.9946E-05
0.0054456 9.9919E-05 0.00579991 9.9919E-05 9.9919E-05 9.9919E-05 0.979269 9.9919E-05 0.00858593 9.9919E-05 9.9919E-05 9.9919E-05 9.9919E-05
9.999E-05 0.0267466 0.0838183 0.146464 0.00533253 0.029809 0.0340858 0.528152 0.0565692 0.0366782 0.037504 0.00389709 0.0108442
0.0592222 0.0707864 0.0686026 0.0652582 0.0699078 0.0055081 0.0661525 0.285459 0.0855155 0.0931263 0.0280772 0.0443427 0.0580416
0.0403851 0.0191375 0.0492144 0.0940261 0.0246404 0.0311529 0.023153 0.482645 0.0752116 0.0425903 0.0426854 0.0400617 0.0350963
0.0182724 0.0154987 9.9991E-05 0.561856 0.0218144 0.0118218 0.0170618 0.169057 0.0622932 0.0280203 0.0279233 0.0360867 0.0301941
0.0443847 0.0109538 0.026906 0.580061 0.0108681 0.0377421 0.0378899 0.0660181 0.0647525 0.0444231 0.0316182 0.0287556 0.0156268
9.9901E-05 9.9901E-05 0.00139802 9.9901E-05 0.997503 9.9901E-05 9.9901E-05 9.9901E-05 9.9901E-05 9.9901E-05 9.9901E-05 9.9901E-05 9.9901E-05
9.98919E-05 9.98919E-05 9.98919E-05 9.98919E-05 9.98919E-05 9.98919E-05 9.98919E-05 9.98919E-05 9.98919E-05 0.998801 9.98919E-05 9.98919E-05 9.98919E-05
0.0469999 0.0191647 9.9982E-05 0.00748292 0.0480905 9.9982E-05 0.00671959 0.771221 0.0249844 0.0298217 0.00205572 0.0296328 0.0136271
0.00392212 0.0269788 0.857199 9.9982E-05 0.00533604 0.00821635 0.0144231 0.0187808 0.0218263 0.0192131 0.0143985 0.00950579 9.9982E-05
9.98919E-05 9.98919E-05 9.98919E-05 9.98919E-05 9.98919E-05 9.98919E-05 9.98919E-05 9.98919E-05 0.998801 9.98919E-05 9.98919E-05 9.98919E-05 9.98919E-05
9.98919E-05 9.98919E-05 0.998801 9.98919E-05 9.98919E-05 9.98919E-05 9.98919E-05 9.98919E-05 9.98919E-05 9.98919E-05 9.98919E-05 9.98919E-05 9.98919E-05
9.99281E-05 9.99281E-05 9.99281E-05 0.0134918 9.99281E-05 9.99281E-05 0.00293324 9.99281E-05 0.966023 0.0155793 9.99281E-05 0.00117338 9.99281E-05
9.9919E-05 9.9919E-05 0.000420323 9.9919E-05 9.9919E-05 0.00243001 9.9919E-05 9.9919E-05 9.9919E-05 0.00895188 0.987299 9.9919E-05 9.9919E-05
0.00120191 0.957802 9.9928E-05 9.9928E-05 9.9928E-05 9.9928E-05 0.0114271 9.9928E-05 0.0076726 0.021097 9.9928E-05 9.9928E-05 9.9928E-05
9.9892E-05 9.9892E-05 9.9892E-05 9.9892E-05 9.9892E-05 9.9892E-05 9.9892E-05 9.9892E-05 9.9892E-05 9.9892E-05 9.9892E-05 0.998801 9.9892E-05
0.0359799 0.0616348 0.00677886 0.0744269 0.0131868 0.0263572 0.0097598 0.112896 0.0953699 0.028599 0.0381907 0.483669 0.0131518
0.0305512 0.0539873 0.041177 0.0842914 0.0341984 0.165058 0.0310535 0.139611 0.101066 0.0483795 0.0564683 0.0343215 0.179837
0.998801 9.9892E-05 9.9892E-05 9.9892E-05 9.9892E-05 9.9892E-05 9.9892E-05 9.9892E-05 9.9892E-05 9.9892E-05 9.9892E-05 9.9892E-05 9.9892E-05
9.9892E-05 9.9892E-05 9.9892E-05 9.9892E-05 9.9892E-05 0.998801 9.9892E-05 9.9892E-05 9.9892E-05 9.9892E-05 9.9892E-05 9.9892E-05 9.9892E-05
0.852001 0.0181285 0.0112246 0.0251996 0.0084321 0.0144532 0.0241385 9.9982E-05 9.9982E-05 0.0161081 0.0209676 0.00674719 0.00239984
9.9901E-05 9.9901E-05 9.9901E-05 9.9901E-05 9.9901E-05 9.9901E-05 0.997337 9.9901E-05 9.9901E-05 0.00156454 9.9901E-05 9.9901E-05 9.9901E-05
0.0181497 0.0317886 0.07721 0.0935706 9.9991E-05 0.0282959 0.0249626 0.580132 0.0570322 0.0332566 0.0211087 0.0283364 0.00605705
0.0558673 0.0861956 0.0775216 0.066196 0.057856 0.0370293 0.0470531 0.286321 0.0980719 0.0740736 0.0324419 0.0413141 0.0400589
0.0366978 0.0326357 0.0585668 0.115162 0.018803 0.0346556 0.027072 0.504278 0.0576992 0.0568792 0.0377753 0.019676 9.9991E-05
0.0163801 9.9991E-05 0.0330349 0.651097 0.0238902 0.0337341 0.0184083 0.0848828 0.0521243 0.0407403 0.0139651 0.0274882 0.0041546
0.0156874 0.00497478 0.00772699 0.839061 0.00305503 0.00764028 0.032632 0.0374996 0.00191001 0.0167532 0.0266543 9.9991E-05 0.0063057
9.9901E-05 9.9901E-05 9.9901E-05 9.9901E-05 0.994959 9.9901E-05 9.9901E-05 9.9901E-05 9.9901E-05 9.9901E-05 9.9901E-05 9.9901E-05 0.00394214
0.0172257 0.0233652 0.0124472 0.00315311 9.9982E-05 9.9982E-05 0.0134625 0.00793201 0.024265 0.842912 0.0272069 0.0271044 0.000725687
0.0342611 0.0117381 9.9973E-05 0.00691929 0.0595027 9.9973E-05 0.0176975 0.769785 0.0287959 0.0350231 9.9973E-05 0.0289315 0.00704602
0.0101429 0.0256045 0.782478 0.000210277 0.0130102 0.0111221 0.0190442 0.0365511 0.042319 0.0194469 0.0200031 0.0199679 9.9991E-05
9.9892E-05 9.9892E-05 9.9892E-05 9.9892E-05 9.9892E-05 9.9892E-05 9.9892E-05 9.9892E-05 0.998801 9.9892E-05 9.9892E-05 9.9892E-05 9.9892E-05
9.98919E-05 9.98919E-05 0.998801 9.98919E-05 9.98919E-05 9.98919E-05 9.98919E-05 9.98919E-05 9.98919E-05 9.98919E-05 9.98919E-05 9.98919E-05 9.98919E-05
9.9892E-05 9.9892E-05 9.9892E-05 9.9892E-05 9.9892E-05 9.9892E-05 9.9892E-05 9.9892E-05 9.9892E-05 9.9892E-05 0.998801 9.9892E-05 9.9892E-05
