9.99011E-05 9.99011E-05 9.99011E-05 9.99011E-05 9.99011E-05 9.99011E-05 0.998901 9.99011E-05 9.99011E-05 9.99011E-05 9.99011E-05 9.99011E-05
9.9955E-05 0.939224 9.9955E-05 0.0132578 9.9955E-05 0.00597319 0.00388209 0.0121848 9.9955E-05 0.013148 0.0118303 9.9955E-05
9.9937E-05 0.937772 9.9937E-05 9.9937E-05 9.9937E-05 0.019747 9.9937E-05 0.0207154 9.9937E-05 0.00570695 0.0153591 9.9937E-05
9.9901E-05 9.9901E-05 0.998901 9.9901E-05 9.9901E-05 9.9901E-05 9.9901E-05 9.9901E-05 9.9901E-05 9.9901E-05 9.9901E-05 9.9901E-05
9.9901E-05 9.9901E-05 0.998901 9.9901E-05 9.9901E-05 9.9901E-05 9.9901E-05 9.9901E-05 9.9901E-05 9.9901E-05 9.9901E-05 9.9901E-05
0.329841 0.0594114 0.0324966 0.0539849 0.029745 0.0960706 0.0645917 0.0484 0.117691 0.0430342 0.0322153 0.0925182
9.9901E-05 9.9901E-05 9.9901E-05 0.998901 9.9901E-05 9.9901E-05 9.9901E-05 9.9901E-05 9.9901E-05 9.9901E-05 9.9901E-05 9.9901E-05
0.998901 9.9901E-05 9.9901E-05 9.9901E-05 9.9901E-05 9.9901E-05 9.9901E-05 9.9901E-05 9.9901E-05 9.9901E-05 9.9901E-05 9.9901E-05
0.034593 0.0416744 0.0426601 0.0542704 0.0959235 0.122922 0.0577075 0.0179907 0.422925 0.0350025 0.0205253 0.0538059
9.99416E-05 0.0141068 9.99416E-05 0.0022107 0.00209728 9.99416E-05 9.99416E-05 9.99416E-05 9.99416E-05 0.980608 0.000277558 9.99416E-05
0.0337912 0.0727833 0.0817215 0.0507602 0.0914328 0.134676 0.0780234 0.049444 0.259792 0.0579557 0.0387046 0.0509153
0.0353708 0.0991943 0.0433276 0.077282 0.0920788 0.161192 0.0431869 0.0947838 0.159435 0.0644758 0.0640543 0.0656191
0.00941823 9.99279E-05 0.000128496 9.99279E-05 9.99279E-05 9.99279E-05 0.00150194 9.99279E-05 0.988152 9.99279E-05 9.99279E-05 9.99279E-05
9.99008E-05 9.99008E-05 9.99008E-05 9.99008E-05 9.99008E-05 9.99008E-05 9.99008E-05 9.99008E-05 0.998901 9.99008E-05 9.99008E-05 9.99008E-05
9.999E-05 0.0263237 0.0123002 0.544345 0.00135861 0.0719707 0.0101429 0.0644053 0.146867 0.0274122 0.0585049 0.0362702
9.9901E-05 9.9901E-05 9.9901E-05 9.9901E-05 9.9901E-05 9.9901E-05 9.9901E-05 9.9901E-05 9.9901E-05 9.9901E-05 0.998901 9.9901E-05
9.99008E-05 9.99008E-05 9.99008E-05 9.99008E-05 9.99008E-05 9.99008E-05 9.99008E-05 0.998901 9.99008E-05 9.99008E-05 9.99008E-05 9.99008E-05
0.0285755 0.0668461 0.05807 0.0799621 0.0527143 0.18118 0.0526494 0.0904907 0.224056 0.0379402 0.0678208 0.0596951
0.00863436 0.0310614 0.0173989 0.00580276 0.807323 0.0132597 0.0336482 0.0224477 0.0245215 0.0207429 0.0106346 0.00452443
0.00546299 0.0449834 0.0309443 0.0250771 0.0421956 0.708801 0.0292027 0.0110388 0.0398663 0.0245466 0.0214301 0.0164513
0.00278994 0.00484169 9.99299E-05 9.99299E-05 0.98638 9.99299E-05 9.99299E-05 9.99299E-05 9.99299E-05 9.99299E-05 0.00518872 9.99299E-05
0.0113713 9.9946E-05 0.0115561 9.9946E-05 9.9946E-05 0.951157 0.00307224 0.00533541 0.0169081 9.9946E-05 9.9946E-05 9.9946E-05
0.00145211 0.0121211 0.0157089 0.0160494 9.9973E-05 0.0160634 0.918791 9.9973E-05 0.0163356 0.00186253 9.9973E-05 0.00131633
9.99009E-05 0.998901 9.99009E-05 9.99009E-05 9.99009E-05 9.99009E-05 9.99009E-05 9.99009E-05 9.99009E-05 9.99009E-05 9.99009E-05 9.99009E-05
9.9964E-05 0.910762 0.002409 0.0142313 9.9964E-05 0.0187819 0.00917543 0.0188672 9.9964E-05 0.014942 0.0104309 9.9964E-05
9.9901E-05 9.9901E-05 0.998901 9.9901E-05 9.9901E-05 9.9901E-05 9.9901E-05 9.9901E-05 9.9901E-05 9.9901E-05 9.9901E-05 9.9901E-05
9.9901E-05 9.9901E-05 9.9901E-05 0.998901 9.9901E-05 9.9901E-05 9.9901E-05 9.9901E-05 9.9901E-05 9.9901E-05 9.9901E-05 9.9901E-05
0.998901 9.9901E-05 9.9901E-05 9.9901E-05 9.9901E-05 9.9901E-05 9.9901E-05 9.9901E-05 9.9901E-05 9.9901E-05 9.9901E-05 9.9901E-05
9.9973E-05 0.0157953 0.00518046 0.935542 0.000370154 0.00868826 0.00932876 0.0141996 9.9973E-05 0.00657658 9.9973E-05 0.00401885
0.958167 0.00545552 9.9937E-05 9.9937E-05 9.9937E-05 0.0216137 9.9937E-05 0.00954785 9.9937E-05 0.00451615 9.9937E-05 9.9937E-05
0.0306701 0.0183651 0.0356731 0.0284227 0.100721 0.142828 0.0436189 0.00837804 0.493266 0.0115964 0.0345409 0.05192
9.9901E-05 9.9901E-05 9.9901E-05 9.9901E-05 9.9901E-05 9.9901E-05 9.9901E-05 9.9901E-05 9.9901E-05 0.998901 9.9901E-05 9.9901E-05
0.0582796 0.0902462 0.0605733 0.0896609 0.101904 0.141629 0.0862209 0.0287732 0.187363 0.0526936 0.0474074 0.0552493
9.99099E-05 9.99099E-05 9.99099E-05 0.00237537 9.99099E-05 9.99099E-05 9.99099E-05 9.99099E-05 0.996626 9.99099E-05 9.99099E-05 9.99099E-05
9.99008E-05 9.99008E-05 9.99008E-05 9.99008E-05 9.99008E-05 9.99008E-05 9.99008E-05 9.99008E-05 0.998901 9.99008E-05 9.99008E-05 9.99008E-05
0.0231148 0.0498589 0.0407563 0.0583256 0.055918 0.146197 0.0588276 0.116635 0.242508 0.0612855 0.103256 0.0433171
9.99009E-05 9.99009E-05 9.99009E-05 9.99009E-05 9.99009E-05 9.99009E-05 9.99009E-05 9.99009E-05 9.99009E-05 9.99009E-05 0.998901 9.99009E-05
0.0322012 0.0107526 0.0463881 0.0428055 0.0500717 0.108813 0.0398835 0.450883 0.0974791 0.0287505 0.0650344 0.0269377
0.00505431 0.00780836 9.9955E-05 0.00432892 0.00862061 0.957419 9.9955E-05 9.9955E-05 9.9955E-05 0.0105104 9.9955E-05 0.00575849
9.99009E-05 9.99009E-05 9.99009E-05 9.99009E-05 0.998901 9.99009E-05 9.99009E-05 9.99009E-05 9.99009E-05 9.99009E-05 9.99009E-05 9.99009E-05
0.0158028 0.0277814 0.0331926 0.0207795 0.0467899 0.688172 0.0434665 0.0254555 0.0210405 0.0194827 0.0257577 0.032279
9.9901E-05 9.9901E-05 9.9901E-05 9.9901E-05 9.9901E-05 9.9901E-05 0.998901 9.9901E-05 9.9901E-05 9.9901E-05 9.9901E-05 9.9901E-05
9.9964E-05 9.9964E-05 0.00932749 0.00809303 0.00226337 0.00976296 0.946488 9.9964E-05 0.0157322 0.00671895 9.9964E-05 0.00121419
9.99009E-05 0.998901 9.99009E-05 9.99009E-05 9.99009E-05 9.99009E-05 9.99009E-05 9.99009E-05 9.99009E-05 9.99009E-05 9.99009E-05 9.99009E-05
0.0135266 0.86047 0.000272534 0.0028056 0.00754098 0.0190796 0.0114012 0.0264067 0.0216673 0.0126068 0.0142111 0.0100118
0.000234354 9.991E-05 0.998767 9.991E-05 9.991E-05 9.991E-05 9.991E-05 9.991E-05 9.991E-05 9.991E-05 9.991E-05 9.991E-05
9.9901E-05 9.9901E-05 9.9901E-05 0.998901 9.9901E-05 9.9901E-05 9.9901E-05 9.9901E-05 9.9901E-05 9.9901E-05 9.9901E-05 9.9901E-05
9.9955E-05 9.9955E-05 0.000589569 0.00107312 0.00568346 0.000291834 9.9955E-05 0.00817384 9.9955E-05 0.002187 9.9955E-05 0.981501
9.9901E-05 9.9901E-05 9.9901E-05 0.998901 9.9901E-05 9.9901E-05 9.9901E-05 9.9901E-05 9.9901E-05 9.9901E-05 9.9901E-05 9.9901E-05
9.9901E-05 9.9901E-05 9.9901E-05 9.9901E-05 9.9901E-05 9.9901E-05 9.9901E-05 9.9901E-05 9.9901E-05 9.9901E-05 9.9901E-05 0.998901
0.0418594 0.033035 0.0394115 0.0530039 0.0910503 0.117884 0.0624047 0.0118147 0.430166 0.0350537 0.0391288 0.0451881
0.000193826 0.000953415 0.00342706 0.00119657 9.9946E-05 9.9946E-05 9.9946E-05 9.9946E-05 9.9946E-05 0.988737 9.9946E-05 0.00489254
0.0241678 0.0544239 0.0520296 0.0575091 0.10831 0.166418 0.0529448 0.0615781 0.299192 0.050392 0.0236006 0.0494336
0.0127088 0.00147982 0.0054514 9.99369E-05 9.99369E-05 9.99369E-05 0.0055319 9.99369E-05 0.974129 9.99369E-05 9.99369E-05 9.99369E-05
9.99009E-05 9.99009E-05 9.99009E-05 9.99009E-05 9.99009E-05 9.99009E-05 9.99009E-05 9.99009E-05 0.998901 9.99009E-05 9.99009E-05 9.99009E-05
0.0171366 0.05993 0.0627519 0.0701952 0.0535483 0.166932 0.0614299 0.0889675 0.213944 0.0544215 0.0817124 0.06903
9.99009E-05 9.99009E-05 9.99009E-05 9.99009E-05 9.99009E-05 9.99009E-05 9.99009E-05 9.99009E-05 9.99009E-05 9.99009E-05 0.998901 9.99009E-05
0.0385913 0.0756992 0.0347093 0.0471377 0.384865 0.091514 0.0410729 0.0252828 0.170962 0.0392923 0.0226532 0.0282203
0.0217772 0.0283922 0.0126636 0.0118139 0.0313315 0.834359 0.0127074 9.9982E-05 9.9982E-05 0.021225 0.0117284 0.0138015
9.99009E-05 9.99009E-05 9.99009E-05 9.99009E-05 0.998901 9.99009E-05 9.99009E-05 9.99009E-05 9.99009E-05 9.99009E-05 9.99009E-05 9.99009E-05
9.99009E-05 9.99009E-05 9.99009E-05 9.99009E-05 9.99009E-05 0.998901 9.99009E-05 9.99009E-05 9.99009E-05 9.99009E-05 9.99009E-05 9.99009E-05
9.9937E-05 0.00548185 9.9937E-05 9.9937E-05 0.00614166 9.9937E-05 0.978931 0.00816589 9.9937E-05 9.9937E-05 9.9937E-05 0.000580151
9.9946E-05 9.9946E-05 0.0122633 0.00541309 9.9946E-05 0.0155144 0.950424 9.9946E-05 0.0151595 0.000625702 9.9946E-05 9.9946E-05
9.9901E-05 0.998901 9.9901E-05 9.9901E-05 9.9901E-05 9.9901E-05 9.9901E-05 9.9901E-05 9.9901E-05 9.9901E-05 9.9901E-05 9.9901E-05
0.0310767 0.568882 0.0356776 0.0190115 0.0382878 0.0714282 0.0390613 0.0311825 0.0624474 0.0364619 0.0402708 0.0262119
9.9964E-05 0.00303854 0.963008 9.9964E-05 0.00530854 0.00229309 0.00763466 9.9964E-05 9.9964E-05 0.0035972 0.00346147 0.0112582
0.00810894 0.00211046 9.9946E-05 0.967263 9.9946E-05 9.9946E-05 0.00698082 0.00908383 9.9946E-05 9.9946E-05 0.00585368 9.9946E-05
0.940954 0.0116474 0.0094701 9.9955E-05 0.0181189 9.9955E-05 0.0110151 9.9955E-05 0.00423333 0.00406174 9.9955E-05 9.9955E-05
0.00477298 0.0164422 0.0150236 0.853815 0.0111513 0.0350624 0.0190101 0.00336237 0.00987924 0.0182561 9.9991E-05 0.0131246
9.99009E-05 9.99009E-05 9.99009E-05 9.99009E-05 9.99009E-05 9.99009E-05 9.99009E-05 9.99009E-05 9.99009E-05 9.99009E-05 9.99009E-05 0.998901
0.0330482 0.0395117 0.0485023 0.0562421 0.106242 0.127017 0.0512664 0.0234928 0.408305 0.033353 0.0319345 0.0410848
9.9901E-05 9.9901E-05 9.9901E-05 9.9901E-05 9.9901E-05 9.9901E-05 9.9901E-05 9.9901E-05 9.9901E-05 0.998901 9.9901E-05 9.9901E-05
0.02832 0.0528486 0.0549192 0.041492 0.115712 0.117786 0.0493471 0.0558676 0.352819 0.0641058 0.0431684 0.0236144
0.0320961 0.0270374 0.0246814 0.0359355 0.0370072 0.0833111 0.0330527 0.0320686 0.644436 0.0154501 0.0348239 9.9991E-05
9.99008E-05 9.99008E-05 9.99008E-05 9.99008E-05 9.99008E-05 9.99008E-05 9.99008E-05 9.99008E-05 0.998901 9.99008E-05 9.99008E-05 9.99008E-05
9.99009E-05 9.99009E-05 9.99009E-05 9.99009E-05 9.99009E-05 9.99009E-05 9.99009E-05 0.998901 9.99009E-05 9.99009E-05 9.99009E-05 9.99009E-05
0.00421223 0.0606524 0.0767575 0.0625203 0.0452827 0.1706 0.0618274 0.0661002 0.215807 0.0717643 0.0956439 0.0688314
0.0470847 0.0676222 0.0457535 0.0506867 0.344187 0.108772 0.0423207 0.0410285 0.156426 0.0429325 0.0295659 0.0236205
0.0191854 0.0181203 0.00011952 0.00742418 0.0183693 0.900399 0.008143 9.9982E-05 0.0045539 0.012191 9.9982E-05 0.0112946
9.99009E-05 9.99009E-05 9.99009E-05 9.99009E-05 0.998901 9.99009E-05 9.99009E-05 9.99009E-05 9.99009E-05 9.99009E-05 9.99009E-05 9.99009E-05
0.0226713 0.0320479 0.0202005 0.00881037 0.0300397 0.757079 0.0140721 0.0289602 0.0426327 0.00527099 0.0258335 0.012382
9.99101E-05 9.99101E-05 9.99101E-05 9.99101E-05 9.99101E-05 9.99101E-05 0.995595 0.00340633 9.99101E-05 9.99101E-05 9.99101E-05 9.99101E-05
9.99011E-05 9.99011E-05 9.99011E-05 9.99011E-05 9.99011E-05 9.99011E-05 0.998901 9.99011E-05 9.99011E-05 9.99011E-05 9.99011E-05 9.99011E-05
9.99009E-05 0.998901 9.99009E-05 9.99009E-05 9.99009E-05 9.99009E-05 9.99009E-05 9.99009E-05 9.99009E-05 9.99009E-05 9.99009E-05 9.99009E-05
0.0383162 0.57634 0.0198823 0.0275931 0.0344481 0.0894118 0.0314437 0.0351797 0.0636352 0.0304379 0.0359346 0.0173777
0.00723441 0.0140289 0.844323 0.0243503 0.0116881 0.029502 0.00835227 0.0118547 0.0305274 0.0109633 9.9991E-05 0.00707593
9.9901E-05 9.9901E-05 9.9901E-05 0.998901 9.9901E-05 9.9901E-05 9.9901E-05 9.9901E-05 9.9901E-05 9.9901E-05 9.9901E-05 9.9901E-05
0.998901 9.9901E-05 9.9901E-05 9.9901E-05 9.9901E-05 9.9901E-05 9.9901E-05 9.9901E-05 9.9901E-05 9.9901E-05 9.9901E-05 9.9901E-05
0.015531 0.0337468 0.0162863 0.740327 0.0160247 0.0430172 0.0383163 0.0122334 0.0234789 0.0234434 0.02439 0.0132053
9.99009E-05 9.99009E-05 9.99009E-05 9.99009E-05 9.99009E-05 9.99009E-05 9.99009E-05 9.99009E-05 9.99009E-05 9.99009E-05 9.99009E-05 0.998901
0.0466658 0.0259744 0.0348085 0.0535325 0.101033 0.138065 0.0588268 0.0129915 0.44154 0.0235945 0.0256666 0.0373011
9.9901E-05 9.9901E-05 9.9901E-05 9.9901E-05 9.9901E-05 9.9901E-05 9.9901E-05 9.9901E-05 9.9901E-05 0.998901 9.9901E-05 9.9901E-05
0.0142247 0.0793175 0.0567509 0.0623378 0.0749744 0.135873 0.0496705 0.108352 0.174795 0.070399 0.088113 0.0851927
0.0301818 0.0220551 0.0466599 0.0311737 0.0926824 0.126354 0.045582 0.0553374 0.410086 0.0690464 0.0337216 0.0371196
9.999E-05 0.0502844 0.0360886 0.00470121 0.0156571 0.0907156 0.0316682 0.0287248 0.636742 0.0255205 0.0488731 0.0309243
9.999E-05 0.00805969 0.0270693 0.0130123 0.0247364 0.0216176 0.0249553 0.0243421 0.804765 0.0254232 0.0162414 0.00967773
0.0256249 0.0412274 0.0402964 0.0305988 0.0267451 0.0360074 0.035898 0.560966 0.0926329 0.0247471 0.0470517 0.0382037
0.0206033 0.0629723 0.0760835 0.057421 0.0439189 0.160249 0.0677991 0.0756298 0.197933 0.0728185 0.0900043 0.0745675
0.0121751 0.0242487 0.0171019 0.00726482 0.824936 0.0306301 0.0193257 0.0314243 0.0143774 0.00939477 0.00902183 9.9991E-05
0.0106786 9.9955E-05 9.9955E-05 0.016266 0.00688828 0.945664 0.000461188 9.9955E-05 9.9955E-05 0.0112053 9.9955E-05 0.00833667
9.9964E-05 0.011266 9.9964E-05 0.0127398 0.939095 0.00746397 9.9964E-05 0.0025188 9.9964E-05 0.00527191 0.004864 0.0163804
9.991E-05 9.991E-05 0.00158226 9.991E-05 9.991E-05 0.997419 9.991E-05 9.991E-05 9.991E-05 9.991E-05 9.991E-05 9.991E-05
0.00205775 0.0108087 0.00486634 9.9973E-05 0.00415639 9.9973E-05 0.950579 0.0125557 9.9973E-05 0.000548686 0.00389032 0.0102376
9.9901E-05 9.9901E-05 9.9901E-05 9.9901E-05 9.9901E-05 9.9901E-05 0.998901 9.9901E-05 9.9901E-05 9.9901E-05 9.9901E-05 9.9901E-05
9.9901E-05 0.998901 9.9901E-05 9.9901E-05 9.9901E-05 9.9901E-05 9.9901E-05 9.9901E-05 9.9901E-05 9.9901E-05 9.9901E-05 9.9901E-05
0.00569349 0.921315 0.00450646 0.0139275 0.00120826 0.005396 0.00589897 0.026142 9.9982E-05 0.00455797 0.0111543 9.9982E-05
9.9919E-05 9.9919E-05 0.994375 9.9919E-05 9.9919E-05 9.9919E-05 0.00289632 9.9919E-05 9.9919E-05 9.9919E-05 0.00182914 9.9919E-05
9.9901E-05 9.9901E-05 9.9901E-05 0.998901 9.9901E-05 9.9901E-05 9.9901E-05 9.9901E-05 9.9901E-05 9.9901E-05 9.9901E-05 9.9901E-05
0.998901 9.9901E-05 9.9901E-05 9.9901E-05 9.9901E-05 9.9901E-05 9.9901E-05 9.9901E-05 9.9901E-05 9.9901E-05 9.9901E-05 9.9901E-05
9.99011E-05 9.99011E-05 9.99011E-05 0.998901 9.99011E-05 9.99011E-05 9.99011E-05 9.99011E-05 9.99011E-05 9.99011E-05 9.99011E-05 9.99011E-05
9.99009E-05 9.99009E-05 9.99009E-05 9.99009E-05 9.99009E-05 9.99009E-05 9.99009E-05 9.99009E-05 9.99009E-05 9.99009E-05 9.99009E-05 0.998901
0.0023366 0.0456228 0.0451895 0.0909555 0.0594801 0.157279 0.0573803 0.0861677 0.264102 0.0514794 0.0833395 0.0566679
9.9937E-05 0.00865785 9.9937E-05 0.0103335 9.9937E-05 9.9937E-05 9.9937E-05 9.9937E-05 9.9937E-05 0.976921 0.00250814 0.000880073
0.0108962 0.0813482 0.0561054 0.0616976 0.0932851 0.138534 0.0404034 0.109371 0.171926 0.0678414 0.0744043 0.0941875
0.0324421 0.048099 0.054723 0.0648396 0.099535 0.148906 0.0458612 0.0481995 0.326601 0.0369739 0.0245146 0.0693057
0.00277768 0.0315714 0.0426701 0.00854229 0.0100163 0.0927446 0.0311354 0.0298309 0.660471 0.0253651 0.0352757 0.0295992
9.999E-05 0.029996 0.00482047 0.0151556 0.040567 0.0420989 0.0161666 0.0293903 0.780859 0.00335918 0.0206474 0.0168393
9.99008E-05 9.99008E-05 9.99008E-05 9.99008E-05 9.99008E-05 9.99008E-05 9.99008E-05 0.998901 9.99008E-05 9.99008E-05 9.99008E-05 9.99008E-05
0.0208755 0.0694475 0.0534871 0.0787715 0.0576651 0.13965 0.0675324 0.0871461 0.223507 0.0608646 0.0863019 0.0547519
0.0101958 0.0248922 0.0240277 0.00463349 0.808086 0.0284385 0.0216098 0.025588 0.00887896 0.0292442 0.00893957 0.00546534
9.9901E-05 9.9901E-05 9.9901E-05 9.9901E-05 9.9901E-05 0.998901 9.9901E-05 9.9901E-05 9.9901E-05 9.9901E-05 9.9901E-05 9.9901E-05
9.99009E-05 9.99009E-05 9.99009E-05 9.99009E-05 0.998901 9.99009E-05 9.99009E-05 9.99009E-05 9.99009E-05 9.99009E-05 9.99009E-05 9.99009E-05
9.991E-05 9.991E-05 0.00619469 9.991E-05 9.991E-05 0.992806 9.991E-05 9.991E-05 9.991E-05 9.991E-05 9.991E-05 9.991E-05
0.00319021 0.0036725 9.9964E-05 9.9964E-05 0.0117041 9.9964E-05 0.955799 0.00924765 9.9964E-05 0.0105877 0.00464971 0.000749175
9.9919E-05 9.9919E-05 0.00116383 9.9919E-05 9.9919E-05 0.00447755 0.993459 9.9919E-05 9.9919E-05 9.9919E-05 9.9919E-05 9.9919E-05
9.9901E-05 0.998901 9.9901E-05 9.9901E-05 9.9901E-05 9.9901E-05 9.9901E-05 9.9901E-05 9.9901E-05 9.9901E-05 9.9901E-05 9.9901E-05
9.99009E-05 0.998901 9.99009E-05 9.99009E-05 9.99009E-05 9.99009E-05 9.99009E-05 9.99009E-05 9.99009E-05 9.99009E-05 9.99009E-05 9.99009E-05
9.9937E-05 0.0143727 0.979221 0.00338346 0.00113879 9.9937E-05 9.9937E-05 9.9937E-05 9.9937E-05 0.00118477 9.9937E-05 9.9937E-05
0.00147239 0.00945904 0.00337161 0.971416 0.00126298 0.000339219 9.9973E-05 9.9973E-05 9.9973E-05 0.0101362 0.0016042 0.000637989
0.188591 0.0350806 0.0554998 0.0412159 0.0580073 0.0960078 0.0463413 0.0417383 0.0868301 0.00426388 0.0223053 0.324119
0.00403369 0.00246702 0.00954231 0.956462 0.0013574 0.00109487 9.9982E-05 0.00391371 0.0165249 0.0010416 0.00336246 9.9982E-05
9.9937E-05 9.9937E-05 9.9937E-05 9.9937E-05 9.9937E-05 0.00459371 0.00870697 0.00033388 0.00252415 0.983142 9.9937E-05 9.9937E-05
0.0568513 0.0460865 0.0423427 0.0211217 0.128313 0.112825 0.072884 0.0517163 0.368955 0.0405784 0.0284468 0.0298799
0.0135677 0.0753662 0.0651603 0.0624386 0.0895431 0.14285 0.0491134 0.111672 0.181192 0.064003 0.0789329 0.0661605
0.0478529 0.0329864 0.0675851 0.0733745 0.0728464 0.131465 0.0649878 0.0702785 0.281641 0.0403553 0.0582979 0.0583287
0.0095068 0.0211209 0.0451927 0.0055436 0.00905647 0.0823012 0.0337096 0.0198393 0.690738 0.0160051 0.0360148 0.0309716
0.0287989 0.00992151 0.0290404 0.0357075 0.0271163 0.0592939 0.0284656 0.0497989 0.656484 0.0358183 0.0183952 0.0211596
9.9901E-05 9.9901E-05 9.9901E-05 9.9901E-05 9.9901E-05 9.9901E-05 9.9901E-05 9.9901E-05 9.9901E-05 9.9901E-05 0.998901 9.9901E-05
9.99008E-05 9.99008E-05 9.99008E-05 9.99008E-05 9.99008E-05 9.99008E-05 9.99008E-05 0.998901 9.99008E-05 9.99008E-05 9.99008E-05 9.99008E-05
0.0130501 0.0478905 0.0654778 0.0825441 0.0437944 0.148169 0.0353624 0.08567 0.250826 0.0461235 0.111748 0.0693448
0.00688066 0.0269058 0.0155708 9.9982E-05 0.854138 0.0353076 0.0211521 0.0148569 0.00114059 0.0143441 0.00950305 9.9982E-05
9.99009E-05 9.99009E-05 9.99009E-05 9.99009E-05 9.99009E-05 0.998901 9.99009E-05 9.99009E-05 9.99009E-05 9.99009E-05 9.99009E-05 9.99009E-05
9.99009E-05 9.99009E-05 9.99009E-05 9.99009E-05 0.998901 9.99009E-05 9.99009E-05 9.99009E-05 9.99009E-05 9.99009E-05 9.99009E-05 9.99009E-05
9.9919E-05 9.9919E-05 0.0103507 9.9919E-05 9.9919E-05 0.988089 9.9919E-05 0.00066079 9.9919E-05 9.9919E-05 9.9919E-05 9.9919E-05
9.9919E-05 9.9919E-05 9.9919E-05 9.9919E-05 0.00261326 9.9919E-05 0.995347 9.9919E-05 9.9919E-05 9.9919E-05 0.00114011 9.9919E-05
9.9946E-05 0.954846 9.9946E-05 9.9946E-05 9.9946E-05 0.00453328 0.0055817 0.0166824 9.9946E-05 0.00436002 0.0133971 9.9946E-05
9.99009E-05 9.99009E-05 0.998901 9.99009E-05 9.99009E-05 9.99009E-05 9.99009E-05 9.99009E-05 9.99009E-05 9.99009E-05 9.99009E-05 9.99009E-05
0.0185079 0.070497 0.485306 0.0372483 0.0109702 0.119414 0.0469259 0.0312734 0.123526 0.0167989 0.0218396 0.0176924
0.175216 0.0656699 0.0288873 0.0396344 0.044032 0.122773 0.0572042 0.0403905 0.142027 0.0440626 0.0422644 0.197838
9.99009E-05 9.99009E-05 9.99009E-05 0.998901 9.99009E-05 9.99009E-05 9.99009E-05 9.99009E-05 9.99009E-05 9.99009E-05 9.99009E-05 9.99009E-05
0.998901 9.9901E-05 9.9901E-05 9.9901E-05 9.9901E-05 9.9901E-05 9.9901E-05 9.9901E-05 9.9901E-05 9.9901E-05 9.9901E-05 9.9901E-05
0.0150696 0.0329134 0.0135391 0.849494 0.00930402 0.00874232 0.0105306 0.00624094 0.0391382 0.00738382 0.00394515 0.00369903
9.9901E-05 9.9901E-05 9.9901E-05 9.9901E-05 9.9901E-05 9.9901E-05 9.9901E-05 9.9901E-05 9.9901E-05 0.998901 9.9901E-05 9.9901E-05
0.0344072 0.0548914 0.0504789 0.0416588 0.125153 0.131803 0.0516026 0.0562763 0.343149 0.0529128 0.021371 0.0362956
0.0387008 0.0867772 0.0461727 0.0721093 0.0870018 0.160864 0.0543111 0.0836111 0.163372 0.0665042 0.0726739 0.0679022
0.0491453 0.0480468 0.0656 0.0584785 0.0959934 0.12129 0.0544275 0.0664626 0.337506 0.0410181 0.0505727 0.0114583
0.0346291 0.0152021 0.0471671 0.0125182 0.0393299 0.0381429 0.0100122 0.0398066 0.723379 0.0214389 0.0144441 0.00393028
0.0230024 0.00102264 9.9964E-05 0.00965452 9.9964E-05 9.9964E-05 0.0176077 9.9964E-05 0.905815 0.0244836 0.0085401 0.00947397
9.9901E-05 9.9901E-05 9.9901E-05 9.9901E-05 9.9901E-05 9.9901E-05 9.9901E-05 9.9901E-05 9.9901E-05 9.9901E-05 0.998901 9.9901E-05
0.00601549 0.0100504 0.0271933 0.0264365 0.0202407 0.00194507 0.0316732 0.843237 0.0104435 0.0163105 9.9991E-05 0.00635421
0.0174815 0.0511531 0.0612198 0.085869 0.0503361 0.130829 0.033907 0.088513 0.258892 0.0453801 0.113429 0.0629901
0.0203684 0.0259198 0.0266935 0.00696613 0.78748 0.0256745 0.0221337 0.0152349 0.0260942 0.027931 0.0154036 9.9991E-05
9.99009E-05 9.99009E-05 9.99009E-05 9.99009E-05 9.99009E-05 0.998901 9.99009E-05 9.99009E-05 9.99009E-05 9.99009E-05 9.99009E-05 9.99009E-05
9.99009E-05 9.99009E-05 9.99009E-05 9.99009E-05 0.998901 9.99009E-05 9.99009E-05 9.99009E-05 9.99009E-05 9.99009E-05 9.99009E-05 9.99009E-05
9.9901E-05 9.9901E-05 9.9901E-05 9.9901E-05 9.9901E-05 9.9901E-05 0.998901 9.9901E-05 9.9901E-05 9.9901E-05 9.9901E-05 9.9901E-05
