9.999E-05 9.999E-05 0.9998
0.984807 0.00268661 0.0125067
0.993037 9.9991E-05 0.00686281
0.973688 0.0181496 0.00816249
0.962435 0.0213411 0.0162235
0.827657 0.0881552 0.0841882
9.999E-05 0.9998 9.999E-05
0.979443 0.00786589 0.0126907
0.815059 0.113974 0.0709666
0.932363 0.0362067 0.03143
0.797563 0.11359 0.0888469
0.814434 0.105928 0.0796383
0.824081 0.114848 0.061071
0.847509 0.114126 0.0383647
0.397242 0.567838 0.0349196
0.90101 0.0735228 0.0254668
0.914473 0.0594607 0.0260665
0.785456 0.123843 0.0907002
0.975353 0.0119731 0.0126737
0.839373 0.0931019 0.0675255
0.994872 0.00502761 9.9991E-05
0.869655 0.0816288 0.0487159
0.0358944 0.0226201 0.941486
0.9998 9.999E-05 9.999E-05
0.967466 0.0104394 0.0220944
0.974548 0.0156422 0.0098094
9.999E-05 0.9998 9.999E-05
0.989061 9.9991E-05 0.0108392
0.0376057 0.948579 0.013815
0.989137 9.9991E-05 0.0107632
0.845718 0.0883979 0.0658836
0.931247 0.0379524 0.0308004
0.747957 0.134142 0.117901
0.835288 0.112705 0.0520076
0.853174 0.106489 0.0403369
0.808871 0.107619 0.0835099
0.911022 0.0621231 0.026855
0.843609 0.0994256 0.0569651
0.889431 0.0730581 0.037511
0.9998 9.999E-05 9.999E-05
0.857495 0.0723591 0.0701457
9.999E-05 9.999E-05 0.9998
0.0126526 0.0179969 0.96935
0.9998 9.999E-05 9.999E-05
0.968527 0.00885846 0.0226148
0.963707 0.0194547 0.0168385
9.999E-05 0.9998 9.999E-05
0.908065 0.0403571 0.0515779
9.999E-05 0.9998 9.999E-05
0.885974 0.0516504 0.0623756
0.80837 0.102799 0.088831
0.930961 0.0397709 0.0292681
0.831004 0.0924466 0.0765493
0.836496 0.10576 0.0577438
0.842635 0.102916 0.0544489
0.790488 0.119666 0.0898461
0.924788 0.0548687 0.0203432
0.889848 0.0627211 0.0474308
0.859909 0.0957359 0.0443551
0.9998 9.999E-05 9.999E-05
0.890919 0.0695639 0.0395175
0.00387647 9.9991E-05 0.996024
0.0215596 0.0134403 0.965
0.99736 9.9991E-05 0.00254045
0.915443 0.0366519 0.0479056
0.937695 0.0365525 0.0257525
0.0212752 0.972255 0.00646966
0.978603 9.9991E-05 0.021297
0.132735 0.847298 0.0199672
0.913387 0.0426306 0.0439826
0.832886 0.0821285 0.0849856
0.937447 0.0360411 0.0265118
0.842783 0.0834088 0.073808
0.803159 0.119797 0.0770439
0.872923 0.0949596 0.0321172
0.920356 0.0554386 0.0242051
0.788723 0.120804 0.0904732
0.862046 0.0686522 0.0693015
0.870962 0.0832184 0.0458195
0.9998 9.999E-05 9.999E-05
0.871382 0.0713522 0.0572657
9.999E-05 9.999E-05 0.9998
9.999E-05 9.999E-05 0.9998
0.9998 9.999E-05 9.999E-05
0.919309 0.0391072 0.0415839
0.91271 0.0521785 0.0351114
9.999E-05 0.9998 9.999E-05
0.986164 0.00699863 0.00683739
0.223193 0.746647 0.0301601
0.910601 0.0417208 0.0476783
0.828407 0.0977203 0.0738724
0.933535 0.0300609 0.0364045
0.824826 0.106239 0.0689346
0.844008 0.0834633 0.0725283
0.829815 0.101719 0.0684667
0.818246 0.111699 0.0700553
0.86956 0.0758952 0.0545452
0.808905 0.11221 0.0788846
0.981361 0.008101 0.0105377
0.851413 0.104039 0.0445477
0.986382 0.0135184 9.9991E-05
0.866781 0.0973139 0.0359049
0.0368506 9.9991E-05 0.963049
9.999E-05 9.999E-05 0.9998
0.9998 9.999E-05 9.999E-05
0.979123 0.00706272 0.0138147
0.952826 0.0251683 0.0220059
9.999E-05 0.9998 9.999E-05
0.999146 9.9991E-05 0.000753655
9.999E-05 0.9998 9.999E-05
0.912824 0.0402691 0.046907
0.781377 0.132956 0.0856665
0.921432 0.0429832 0.0355843
0.841299 0.102294 0.0564068
0.828547 0.101308 0.0701456
0.838374 0.0909479 0.0706776
0.826307 0.116273 0.0574197
0.927491 0.050163 0.0223463
0.779164 0.133567 0.0872696
0.974465 0.012059 0.0134764
0.870939 0.0811882 0.0478725
0.9998 9.999E-05 9.999E-05
0.875237 0.0849471 0.0398163
0.035695 0.00175389 0.962551
9.999E-05 9.999E-05 0.9998
0.995025 9.9991E-05 0.00487522
0.9998 9.999E-05 9.999E-05
0.957684 0.0303456 0.0119703
0.000210443 0.991934 0.00785581
0.850499 0.074582 0.0749191
0.0240326 0.969849 0.00611883
0.937482 0.0349626 0.0275558
0.831889 0.0813315 0.0867796
0.830322 0.100803 0.0688757
0.795365 0.11873 0.0859046
0.822603 0.102486 0.0749111
0.812541 0.126054 0.0614058
0.919308 0.0580578 0.0226343
0.908019 0.0594644 0.0325162
0.79308 0.144592 0.0623279
0.988808 0.000968044 0.0102236
0.878987 0.0827651 0.0382476
0.9998 9.999E-05 9.999E-05
0.87833 0.0913437 0.0303265
9.999E-05 9.999E-05 0.9998
0.984425 9.9991E-05 0.0154755
0.974598 0.0172616 0.00814072
0.867784 0.0745324 0.0576836
0.840241 0.0701899 0.0895693
9.999E-05 0.9998 9.999E-05
0.989616 9.9991E-05 0.0102844
0.120081 0.858642 0.0212769
0.943849 0.0291834 0.0269677
0.83806 0.0935214 0.0684187
0.819923 0.106927 0.07315
0.814459 0.116668 0.0688725
0.847435 0.107366 0.0451984
0.811062 0.116803 0.0721354
0.91872 0.0659351 0.0153445
0.893493 0.061601 0.044906
0.808702 0.13277 0.0585283
0.969252 0.0174872 0.0132605
0.881673 0.0801438 0.0381831
0.9998 9.999E-05 9.999E-05
9.999E-05 9.999E-05 0.9998
