9.999E-05 0.9998 9.999E-05
0.990101 0.00979907 9.9991E-05
0.990622 0.00927753 9.9991E-05
0.99287 0.00685997 0.000270284
0.97862 0.0129563 0.00842358
0.839653 0.0791911 0.0811557
9.999E-05 9.999E-05 0.9998
0.997158 0.0027423 9.9991E-05
0.823411 0.0774085 0.0991804
0.962396 0.0154378 0.0221663
0.820799 0.0936689 0.0855318
0.827958 0.0703747 0.101667
0.849421 0.0519759 0.0986032
0.880228 0.0328368 0.0869354
0.419503 0.0185285 0.561968
0.932348 0.0192638 0.048388
0.924582 0.0278894 0.0475285
0.812437 0.0762971 0.111266
0.985046 0.0103248 0.00462902
0.846459 0.0659723 0.0875685
0.9998 9.999E-05 9.999E-05
0.894529 0.0372114 0.0682597
0.0456087 0.932466 0.0219257
0.9998 9.999E-05 9.999E-05
0.982325 0.0126713 0.0050039
0.977348 0.0165543 0.00609734
9.999E-05 9.999E-05 0.9998
0.998541 0.00135898 9.9991E-05
0.0646006 0.00555022 0.929849
0.99747 0.0024298 9.9991E-05
0.856331 0.0614301 0.0822389
0.948405 0.0268796 0.0247158
0.781187 0.0955833 0.12323
0.846592 0.0482616 0.105147
0.878382 0.0291982 0.0924194
0.834232 0.0705629 0.0952053
0.931407 0.0204159 0.0481767
0.859442 0.0519971 0.0885607
0.896495 0.0409323 0.0625726
0.9998 9.999E-05 9.999E-05
0.868268 0.0576909 0.074041
9.999E-05 0.9998 9.999E-05
0.0314664 0.953752 0.0147818
0.9998 9.999E-05 9.999E-05
0.98531 0.0145899 9.9991E-05
0.979293 0.0094566 0.0112502
9.999E-05 9.999E-05 0.9998
0.924627 0.0414524 0.0339208
9.999E-05 9.999E-05 0.9998
0.909347 0.0557469 0.0349066
0.825963 0.0795473 0.0944901
0.954384 0.0240511 0.021565
0.841562 0.0692007 0.0892378
0.865739 0.0465844 0.0876763
0.871189 0.0509519 0.0778593
0.833117 0.0662703 0.100612
0.947562 0.0110933 0.0413449
0.901262 0.0329286 0.0658094
0.888817 0.0341666 0.0770161
0.9998 9.999E-05 9.999E-05
0.915095 0.0294484 0.0554563
0.00928476 0.990615 9.9991E-05
0.0252342 0.959125 0.0156407
0.997983 0.0019169 9.9991E-05
0.929382 0.0411176 0.0295001
0.953235 0.0308707 0.0158941
0.00927245 0.00633105 0.984397
0.976869 0.0224814 0.000649726
0.129137 0.0043242 0.866539
0.935557 0.0427824 0.0216609
0.817921 0.0848528 0.0972259
0.964419 0.0225852 0.0129957
0.816573 0.0869554 0.0964716
0.81843 0.0770154 0.104554
0.885758 0.024581 0.0896614
0.923946 0.030552 0.0455022
0.830716 0.0764788 0.0928054
0.881065 0.0610424 0.0578923
0.883357 0.0444859 0.0721567
0.9998 9.999E-05 9.999E-05
0.873692 0.0578884 0.0684199
9.999E-05 0.9998 9.999E-05
9.999E-05 0.9998 9.999E-05
0.9998 9.999E-05 9.999E-05
0.928635 0.0423922 0.0289729
0.944258 0.0182606 0.0374818
9.999E-05 9.999E-05 0.9998
0.9998 9.999E-05 9.999E-05
0.219864 0.0390858 0.74105
0.930251 0.0404245 0.0293243
0.830804 0.0774013 0.0917947
0.960955 0.0221592 0.0168858
0.840117 0.0645486 0.0953345
0.852063 0.0718078 0.0761287
0.844031 0.0699012 0.0860674
0.841475 0.0605592 0.0979657
0.874794 0.0461369 0.0790693
0.817346 0.079444 0.10321
0.992763 0.00120324 0.00603374
0.882413 0.0408853 0.0767014
0.990073 9.9991E-05 0.00982686
0.895616 0.0306993 0.073685
0.0313018 0.961939 0.00675882
9.999E-05 0.9998 9.999E-05
0.9998 9.999E-05 9.999E-05
0.985191 0.0147092 9.9991E-05
0.967253 0.01893 0.0138171
9.999E-05 9.999E-05 0.9998
0.9998 9.999E-05 9.999E-05
9.999E-05 9.999E-05 0.9998
0.936059 0.0422542 0.0216872
0.796726 0.0777156 0.125559
0.934354 0.0274563 0.0381899
0.857564 0.0525817 0.0898548
0.834491 0.0637338 0.101775
0.849176 0.0663579 0.0844665
0.85214 0.0425332 0.105327
0.940146 0.0152079 0.0446465
0.813352 0.0751542 0.111493
0.997546 0.00234743 0.000106686
0.90917 0.0321192 0.0587107
0.9998 9.999E-05 9.999E-05
0.90055 0.0330352 0.0664143
0.0417708 0.956528 0.00170166
9.999E-05 0.9998 9.999E-05
0.994078 0.00582202 9.9991E-05
0.9998 9.999E-05 9.999E-05
0.956522 0.0215445 0.0219332
0.0112214 0.00536421 0.983414
0.880868 0.0702495 0.0488826
0.0243703 9.9991E-05 0.97553
0.946912 0.0276603 0.0254274
0.845366 0.079436 0.0751984
0.847028 0.0533596 0.0996121
0.810057 0.0823321 0.107611
0.839261 0.0694976 0.0912413
0.833957 0.0562962 0.109746
0.936678 0.0191467 0.0441749
0.924172 0.0211418 0.0546862
0.807937 0.0553389 0.136724
0.996988 0.000774113 0.00223789
0.903573 0.0346156 0.0618117
0.9998 9.999E-05 9.999E-05
0.885297 0.0372432 0.0774595
9.999E-05 0.9998 9.999E-05
0.993835 0.00606474 9.9991E-05
0.981924 0.0113158 0.00675995
0.861003 0.0692598 0.0697371
0.852867 0.0871153 0.060018
9.999E-05 9.999E-05 0.9998
0.997514 0.00238575 9.9991E-05
0.125004 0.0144653 0.860531
0.964527 0.0181157 0.0173568
0.861328 0.0623099 0.0763619
0.833589 0.0725867 0.0938241
0.829986 0.0720365 0.0979779
0.858147 0.0431689 0.0986838
0.845995 0.0615502 0.092455
0.928772 0.0193388 0.0518894
0.893715 0.0419936 0.0642918
0.815443 0.0605339 0.124023
0.969684 0.00798211 0.0223336
0.893995 0.0363977 0.0696076
0.9998 9.999E-05 9.999E-05
9.999E-05 0.9998 9.999E-05
