0.9996 9.997E-05 9.997E-05 9.997E-05 9.997E-05
9.997E-05 9.997E-05 9.997E-05 0.9996 9.997E-05
9.997E-05 9.997E-05 9.997E-05 0.9996 9.997E-05
9.9982E-05 9.9982E-05 0.00460606 0.985036 0.0101582
9.9982E-05 9.9982E-05 0.00875829 0.983503 0.00753869
0.0786244 0.0655401 0.0753499 0.7025 0.077985
9.997E-05 9.997E-05 0.9996 9.997E-05 9.997E-05
0.00371848 9.9982E-05 9.9982E-05 0.986236 0.00984592
0.0830437 0.0782872 0.110715 0.572061 0.155893
9.997E-05 0.9996 9.997E-05 9.997E-05 9.997E-05
0.0832962 0.0887806 0.106257 0.571399 0.150267
0.0667411 0.105466 0.120132 0.566483 0.141177
0.0559103 0.0671834 0.120564 0.648609 0.107733
0.0362112 0.0575965 0.120873 0.663159 0.12216
0.0312906 0.0663667 0.576667 0.291485 0.034191
0.0340419 0.124774 0.0596506 0.675547 0.105986
0.0192964 0.0992982 0.0617083 0.725483 0.0942143
0.0742127 0.0890909 0.135219 0.595048 0.106429
0.0311155 0.0218899 0.0120888 0.112919 0.821987
0.0692807 0.0787724 0.0965417 0.620891 0.134514
9.997E-05 9.997E-05 9.997E-05 9.997E-05 0.9996
0.0381242 0.0769451 0.0884057 0.677627 0.118898
0.930254 0.00567401 0.0205051 0.0410668 0.0025
9.997E-05 9.997E-05 9.997E-05 0.9996 9.997E-05
9.997E-05 9.997E-05 9.997E-05 0.9996 9.997E-05
9.9973E-05 9.9973E-05 0.00967525 0.990025 9.9973E-05
9.997E-05 9.997E-05 0.9996 9.997E-05 9.997E-05
0.00715383 9.9982E-05 9.9982E-05 0.973033 0.0196128
0.0131472 0.00839912 0.944808 0.0297183 0.00392694
0.0110196 0.0025412 0.0059278 0.960139 0.0203722
0.0692603 0.0535205 0.10218 0.596142 0.178897
9.997E-05 0.9996 9.997E-05 9.997E-05 9.997E-05
0.111 0.0945595 0.133506 0.520265 0.140669
0.0497618 0.0725756 0.116988 0.662654 0.0980213
0.0419083 0.0549397 0.125982 0.652363 0.124806
0.0806445 0.100191 0.106292 0.593191 0.119682
0.0345478 0.12981 0.066211 0.663849 0.105582
0.0623643 0.0999904 0.09692 0.618563 0.122162
0.0471225 0.0877788 0.0853771 0.672059 0.107663
9.997E-05 9.997E-05 9.997E-05 9.997E-05 0.9996
0.0679192 0.066456 0.0863074 0.640132 0.139186
0.9996 9.997E-05 9.997E-05 9.997E-05 9.997E-05
0.951153 0.00849165 0.00443552 0.0247528 0.0111671
9.997E-05 9.997E-05 9.997E-05 0.9996 9.997E-05
9.997E-05 9.997E-05 9.997E-05 0.9996 9.997E-05
0.00105257 0.00873746 0.0143926 0.975717 9.9991E-05
9.997E-05 9.997E-05 0.9996 9.997E-05 9.997E-05
0.0387755 0.0405482 0.0450643 0.830387 0.0452248
9.997E-05 9.997E-05 0.9996 9.997E-05 9.997E-05
0.0411369 0.0464614 0.0398152 0.850644 0.0219425
0.0935109 0.0666536 0.109029 0.560307 0.170499
9.997E-05 0.9996 9.997E-05 9.997E-05 9.997E-05
0.0872144 0.0924632 0.0969848 0.560566 0.162772
0.061312 0.0732816 0.117783 0.643656 0.103968
0.0573683 0.0731102 0.114408 0.629593 0.125521
0.0809864 0.11236 0.115679 0.589604 0.101371
0.0324974 0.120713 0.0600107 0.676903 0.109876
0.056113 0.060717 0.0634071 0.369054 0.450709
0.0444371 0.0738593 0.096001 0.671757 0.113946
9.997E-05 9.997E-05 9.997E-05 9.997E-05 0.9996
0.0453352 0.0833052 0.0753283 0.696562 0.0994689
0.995967 9.9973E-05 9.9973E-05 9.9973E-05 0.00373275
0.954481 0.00802853 0.0129177 0.0244731 9.9991E-05
9.997E-05 9.997E-05 9.997E-05 0.9996 9.997E-05
0.029526 0.0284363 0.0371817 0.857433 0.0474231
0.0169951 0.0123793 0.0129322 0.939131 0.0185623
0.00344736 0.00450859 0.991844 9.9982E-05 9.9982E-05
0.012394 0.010061 9.9991E-05 0.943955 0.0334905
0.0179472 0.0159998 0.86661 0.069596 0.0298467
0.0363343 0.0371542 0.043343 0.849961 0.0332074
0.0856256 0.0806554 0.0982335 0.568834 0.166652
9.997E-05 0.9996 9.997E-05 9.997E-05 9.997E-05
0.0793647 0.102198 0.0985743 0.548649 0.171215
0.0711727 0.0692859 0.123885 0.611853 0.123803
0.03961 0.0588492 0.116931 0.655454 0.129156
0.0282003 0.109561 0.0536013 0.721554 0.0870834
0.0762506 0.125817 0.117323 0.580402 0.100207
0.0732029 0.0729265 0.0708191 0.3877 0.395351
0.0442747 0.078723 0.0869846 0.677493 0.112524
9.997E-05 9.997E-05 9.997E-05 9.997E-05 0.9996
0.0570923 0.0820672 0.0786945 0.672105 0.110041
0.9996 9.997E-05 9.997E-05 9.997E-05 9.997E-05
0.9996 9.997E-05 9.997E-05 9.997E-05 9.997E-05
9.997E-05 9.997E-05 9.997E-05 0.9996 9.997E-05
0.0352637 0.0350749 0.033476 0.845614 0.0505712
0.0128823 0.0323888 0.0414174 0.889418 0.0238938
9.997E-05 9.997E-05 0.9996 9.997E-05 9.997E-05
9.9973E-05 9.9973E-05 9.9973E-05 0.980007 0.019693
0.0444059 0.0304482 0.756089 0.140826 0.0282314
0.0385681 0.03771 0.0374008 0.85549 0.0308311
0.0756584 0.0575602 0.101981 0.584846 0.179955
9.997E-05 0.9996 9.997E-05 9.997E-05 9.997E-05
0.0582801 0.115754 0.0998249 0.58792 0.13822
0.0740489 0.107759 0.099449 0.55873 0.160013
0.0657113 0.0865697 0.106367 0.633797 0.107555
0.0737556 0.0901356 0.114904 0.604252 0.116953
0.0567735 0.100948 0.0806735 0.672209 0.0893966
0.0819452 0.104292 0.115068 0.60068 0.0980148
0.0242065 0.029216 0.002618 0.0852086 0.858751
0.0513348 0.0826384 0.0909587 0.673846 0.101222
0.00567039 0.00243543 0.00540506 0.0354829 0.951006
0.0412969 0.0748026 0.0876366 0.684658 0.111606
0.962053 0.00261865 9.9991E-05 0.022608 0.0126209
0.9996 9.997E-05 9.997E-05 9.997E-05 9.997E-05
9.997E-05 9.997E-05 9.997E-05 0.9996 9.997E-05
9.997E-05 9.997E-05 9.997E-05 0.9996 9.997E-05
0.00793037 0.00215579 0.00405267 0.982147 0.00371383
9.997E-05 9.997E-05 0.9996 9.997E-05 9.997E-05
9.9982E-05 9.9982E-05 0.00178742 0.981905 0.0161072
9.997E-05 9.997E-05 0.9996 9.997E-05 9.997E-05
0.034065 0.0419194 0.0353648 0.875104 0.0135465
0.0782722 0.106462 0.145211 0.562315 0.107741
0.00457389 0.995126 9.9973E-05 9.9973E-05 9.9973E-05
0.0546708 0.120279 0.09835 0.586326 0.140375
0.0704288 0.075166 0.114382 0.578543 0.16148
0.0693024 0.0751234 0.100436 0.651846 0.103292
0.0599259 0.0728901 0.113799 0.617948 0.135436
0.0127175 0.111845 0.0518114 0.742631 0.0809954
0.0826206 0.105431 0.131437 0.57175 0.108762
0.0253615 0.0307948 0.0104038 0.0877631 0.845677
0.0409528 0.0802581 0.0785503 0.707121 0.0931174
9.997E-05 9.997E-05 9.997E-05 9.997E-05 0.9996
0.0365679 0.0763535 0.0808884 0.687882 0.118308
0.960909 0.00585783 9.9991E-05 0.0129487 0.020184
0.9996 9.997E-05 9.997E-05 9.997E-05 9.997E-05
9.997E-05 9.997E-05 9.997E-05 0.9996 9.997E-05
9.997E-05 9.997E-05 9.997E-05 0.9996 9.997E-05
0.0138956 0.00628808 0.0166062 0.959511 0.00369859
0.00163706 9.9991E-05 0.975537 0.0181067 0.00461915
0.0627667 0.0290374 0.0743894 0.750743 0.0830631
0.000110909 0.0114517 0.973495 0.00770074 0.00724201
9.997E-05 0.9996 9.997E-05 9.997E-05 9.997E-05
0.0892456 0.0758902 0.0880187 0.548256 0.19859
0.0583784 0.114556 0.113998 0.583211 0.129856
0.0918672 0.0845774 0.115763 0.571155 0.136636
0.0725289 0.0677966 0.0981228 0.655462 0.10609
0.0672122 0.0858169 0.117201 0.603058 0.126713
0.034523 0.123573 0.0631075 0.671454 0.107342
0.0287749 0.119161 0.062669 0.709802 0.0795927
0.0536605 0.0906985 0.144446 0.603051 0.108143
0.0178833 0.0138791 0.00594025 0.0788491 0.883448
0.0391619 0.073919 0.0687981 0.714014 0.104107
9.997E-05 9.997E-05 9.997E-05 9.997E-05 0.9996
0.0412553 0.0760333 0.0860279 0.686464 0.11022
0.9996 9.997E-05 9.997E-05 9.997E-05 9.997E-05
9.997E-05 9.997E-05 9.997E-05 0.9996 9.997E-05
9.9973E-05 9.9973E-05 0.00289969 0.9968 9.9973E-05
0.0595899 0.0402434 0.0696041 0.779184 0.051379
0.0793726 0.075916 0.0736571 0.689016 0.0820383
9.997E-05 9.997E-05 0.9996 9.997E-05 9.997E-05
9.9973E-05 9.9973E-05 9.9973E-05 0.979043 0.0206567
0.0211938 0.0106696 0.863712 0.0921119 0.0123126
9.997E-05 0.9996 9.997E-05 9.997E-05 9.997E-05
0.0765293 0.0898246 0.0860995 0.557011 0.190536
0.0718971 0.108053 0.108666 0.570208 0.141177
0.0800346 0.0947995 0.103934 0.559779 0.161452
0.0556646 0.0770204 0.112484 0.626053 0.128778
0.0717358 0.0790072 0.115591 0.633456 0.100211
0.0350539 0.126559 0.0562213 0.691587 0.0905788
0.0412877 0.102882 0.0664818 0.686286 0.103063
0.0564434 0.100121 0.134605 0.603525 0.105305
0.0297298 0.0329305 0.0259133 0.0929116 0.818515
0.0465444 0.0745641 0.0818548 0.699873 0.0971636
9.997E-05 9.997E-05 9.997E-05 9.997E-05 0.9996
0.9996 9.997E-05 9.997E-05 9.997E-05 9.997E-05
