9.98921E-05 9.98921E-05 9.98921E-05 9.98921E-05 9.98921E-05 9.98921E-05 9.98921E-05 9.98921E-05 9.98921E-05 9.98921E-05 0.998801 9.98921E-05 9.98921E-05
9.9955E-05 0.00573613 9.9955E-05 0.0126535 0.943612 9.9955E-05 0.00599585 9.9955E-05 0.00284961 9.9955E-05 0.00200377 0.0144675 0.0121823
9.9955E-05 9.9955E-05 9.9955E-05 0.00471893 0.932901 9.9955E-05 0.0156935 9.9955E-05 0.00227896 0.00220667 0.00256178 0.0280628 0.0110766
9.9892E-05 0.998801 9.9892E-05 9.9892E-05 9.9892E-05 9.9892E-05 9.9892E-05 9.9892E-05 9.9892E-05 9.9892E-05 9.9892E-05 9.9892E-05 9.9892E-05
9.9892E-05 0.998801 9.9892E-05 9.9892E-05 9.9892E-05 9.9892E-05 9.9892E-05 9.9892E-05 9.9892E-05 9.9892E-05 9.9892E-05 9.9892E-05 9.9892E-05
0.307141 0.0351934 0.0859338 0.0312453 0.0584865 0.0821536 0.0365392 0.120792 0.0507551 0.0259162 0.0613117 0.0689316 0.0355997
9.9892E-05 9.9892E-05 9.9892E-05 9.9892E-05 9.9892E-05 9.9892E-05 9.9892E-05 9.9892E-05 0.998801 9.9892E-05 9.9892E-05 9.9892E-05 9.9892E-05
0.998801 9.9892E-05 9.9892E-05 9.9892E-05 9.9892E-05 9.9892E-05 9.9892E-05 9.9892E-05 9.9892E-05 9.9892E-05 9.9892E-05 9.9892E-05 9.9892E-05
9.98919E-05 9.98919E-05 9.98919E-05 9.98919E-05 9.98919E-05 9.98919E-05 9.98919E-05 0.998801 9.98919E-05 9.98919E-05 9.98919E-05 9.98919E-05 9.98919E-05
9.9928E-05 9.9928E-05 0.00526576 0.971672 0.0146335 9.9928E-05 9.9928E-05 9.9928E-05 0.00355201 9.9928E-05 9.9928E-05 9.9928E-05 0.00407703
0.0367686 0.0642389 0.0353172 0.0470299 0.0565227 0.0713998 0.0264121 0.440402 0.0340739 0.0518973 0.03659 0.0790455 0.0203025
0.0338934 0.0396468 0.0409217 0.0594808 0.085749 0.0787657 0.0710107 0.236782 0.0613995 0.0709488 0.0374848 0.119728 0.0641886
0.0101714 9.9946E-05 0.00284576 9.9946E-05 9.9946E-05 0.954674 9.9946E-05 9.9946E-05 0.00695865 9.9946E-05 0.00284951 0.016857 0.00504389
9.98919E-05 9.98919E-05 9.98919E-05 9.98919E-05 9.98919E-05 0.998801 9.98919E-05 9.98919E-05 9.98919E-05 9.98919E-05 9.98919E-05 9.98919E-05 9.98919E-05
9.99371E-05 9.99371E-05 0.00965019 0.0117207 9.99371E-05 9.99371E-05 0.0305579 0.422526 0.500161 9.99371E-05 9.99371E-05 9.99371E-05 0.0246843
9.9892E-05 9.9892E-05 9.9892E-05 9.9892E-05 9.9892E-05 9.9892E-05 9.9892E-05 9.9892E-05 9.9892E-05 9.9892E-05 9.9892E-05 9.9892E-05 0.998801
9.98919E-05 9.98919E-05 9.98919E-05 9.98919E-05 9.98919E-05 9.98919E-05 0.998801 9.98919E-05 9.98919E-05 9.98919E-05 9.98919E-05 9.98919E-05 9.98919E-05
0.019591 0.0448252 0.0202123 0.0153002 0.0455033 0.050214 0.0536272 0.515457 0.0469259 0.0227111 0.0345999 0.100048 0.030985
9.9982E-05 0.0147419 9.9982E-05 0.0234628 0.038359 0.00173507 0.025876 0.0194805 0.00862553 0.781589 0.0278262 0.0371148 0.0209895
0.0068729 0.0276807 0.0246163 0.018694 0.04494 0.0193913 0.0149007 0.00581167 0.0258422 0.0342045 0.0464189 0.709632 0.0209954
0.0150758 9.9928E-05 9.9928E-05 9.9928E-05 9.9928E-05 0.00344195 0.00578695 9.9928E-05 9.9928E-05 0.972761 9.9928E-05 9.9928E-05 0.00213479
0.0002782 0.0155382 9.9964E-05 9.9964E-05 9.9964E-05 0.023094 0.008006 0.0112571 0.00123771 9.9964E-05 0.00663557 0.931445 0.00210804
9.9946E-05 0.0107867 9.9946E-05 9.9946E-05 0.00184976 0.0162435 9.9946E-05 0.0149028 0.00870261 9.9946E-05 0.915677 0.0312383 9.9946E-05
9.98919E-05 9.98919E-05 9.98919E-05 9.98919E-05 0.998801 9.98919E-05 9.98919E-05 9.98919E-05 9.98919E-05 9.98919E-05 9.98919E-05 9.98919E-05 9.98919E-05
9.9955E-05 9.9955E-05 9.9955E-05 0.0162077 0.913656 0.00173266 0.0106576 9.9955E-05 0.0151644 9.9955E-05 0.010107 0.0167305 0.0152447
9.9892E-05 0.998801 9.9892E-05 9.9892E-05 9.9892E-05 9.9892E-05 9.9892E-05 9.9892E-05 9.9892E-05 9.9892E-05 9.9892E-05 9.9892E-05 9.9892E-05
0.0069918 9.991E-05 0.000377118 9.991E-05 9.991E-05 9.991E-05 9.991E-05 9.991E-05 0.991632 9.991E-05 9.991E-05 9.991E-05 9.991E-05
0.998801 9.9892E-05 9.9892E-05 9.9892E-05 9.9892E-05 9.9892E-05 9.9892E-05 9.9892E-05 9.9892E-05 9.9892E-05 9.9892E-05 9.9892E-05 9.9892E-05
9.99627E-05 0.00796088 0.0132437 0.00868651 0.0127245 9.99627E-05 0.0191309 9.99627E-05 0.921471 0.00890544 0.00737713 9.99627E-05 9.99627E-05
0.975688 0.00652946 9.9928E-05 9.9928E-05 0.0048312 9.9928E-05 9.9928E-05 0.000141639 9.9928E-05 9.9928E-05 9.9928E-05 0.0120098 9.9928E-05
9.98918E-05 9.98918E-05 9.98918E-05 9.98918E-05 9.98918E-05 9.98918E-05 9.98918E-05 0.998801 9.98918E-05 9.98918E-05 9.98918E-05 9.98918E-05 9.98918E-05
9.9892E-05 9.9892E-05 9.9892E-05 0.998801 9.9892E-05 9.9892E-05 9.9892E-05 9.9892E-05 9.9892E-05 9.9892E-05 9.9892E-05 9.9892E-05 9.9892E-05
0.0532472 0.0532678 0.043002 0.0494135 0.0888462 0.0882093 0.038656 0.267571 0.0728732 0.0676502 0.0658229 0.102328 0.00911242
0.00294934 9.9928E-05 9.9928E-05 9.9928E-05 9.9928E-05 0.973905 9.9928E-05 9.9928E-05 0.00120994 9.9928E-05 0.00138755 0.0197486 9.9928E-05
9.98918E-05 9.98918E-05 9.98918E-05 9.98918E-05 9.98918E-05 0.998801 9.98918E-05 9.98918E-05 9.98918E-05 9.98918E-05 9.98918E-05 9.98918E-05 9.98918E-05
0.00247766 0.00778181 0.00153664 0.0246488 0.0315872 0.0426754 0.0692947 0.636298 0.0138841 0.0109608 0.0257081 0.0738306 0.0593161
9.9892E-05 9.9892E-05 9.9892E-05 9.9892E-05 9.9892E-05 9.9892E-05 9.9892E-05 9.9892E-05 9.9892E-05 9.9892E-05 9.9892E-05 9.9892E-05 0.998801
0.0407869 0.0318578 0.0295797 0.0266955 0.00063537 0.0522876 0.430098 0.142826 0.0323685 0.04277 0.0236129 0.0988507 0.0476308
0.00150096 9.9955E-05 0.0184659 0.0120007 0.00707408 9.9955E-05 0.0028829 9.9955E-05 0.00138546 0.00680872 9.9955E-05 0.949382 9.9955E-05
9.98919E-05 9.98919E-05 9.98919E-05 9.98919E-05 9.98919E-05 9.98919E-05 9.98919E-05 9.98919E-05 9.98919E-05 0.998801 9.98919E-05 9.98919E-05 9.98919E-05
0.0277932 0.0189431 0.0231164 0.0090957 0.0266599 0.0357846 0.0299301 0.0394306 0.0118354 0.0369898 0.0299622 0.699082 0.0113773
9.9892E-05 9.9892E-05 9.9892E-05 9.9892E-05 9.9892E-05 9.9892E-05 9.9892E-05 9.9892E-05 9.9892E-05 9.9892E-05 0.998801 9.9892E-05 9.9892E-05
9.9946E-05 0.0120892 9.9946E-05 0.00276888 9.9946E-05 0.00633177 9.9946E-05 0.0134141 0.0103126 9.9946E-05 0.938335 0.0161492 9.9946E-05
9.9892E-05 9.9892E-05 9.9892E-05 9.9892E-05 0.998801 9.9892E-05 9.9892E-05 9.9892E-05 9.9892E-05 9.9892E-05 9.9892E-05 9.9892E-05 9.9892E-05
0.0177157 0.000949837 0.0120562 0.00811352 0.863327 0.00132876 0.0019727 0.0113544 0.013436 0.00985158 0.00589907 0.0420008 0.0119949
9.99011E-05 0.998604 9.99011E-05 0.00029662 9.99011E-05 9.99011E-05 9.99011E-05 9.99011E-05 9.99011E-05 9.99011E-05 9.99011E-05 9.99011E-05 9.99011E-05
9.9892E-05 9.9892E-05 9.9892E-05 9.9892E-05 9.9892E-05 9.9892E-05 9.9892E-05 9.9892E-05 0.998801 9.9892E-05 9.9892E-05 9.9892E-05 9.9892E-05
9.9937E-05 0.0035429 0.973954 9.9937E-05 0.000387272 9.9937E-05 0.00800785 9.9937E-05 0.00709671 0.00631172 9.9937E-05 9.9937E-05 9.9937E-05
9.9892E-05 9.9892E-05 9.9892E-05 9.9892E-05 9.9892E-05 9.9892E-05 9.9892E-05 9.9892E-05 0.998801 9.9892E-05 9.9892E-05 9.9892E-05 9.9892E-05
9.9901E-05 9.9901E-05 0.994331 9.9901E-05 9.9901E-05 9.9901E-05 9.9901E-05 9.9901E-05 9.9901E-05 9.9901E-05 0.00457007 9.9901E-05 9.9901E-05
9.98919E-05 9.98919E-05 9.98919E-05 9.98919E-05 9.98919E-05 9.98919E-05 9.98919E-05 0.998801 9.98919E-05 9.98919E-05 9.98919E-05 9.98919E-05 9.98919E-05
0.00755179 0.0108234 9.9946E-05 0.971909 0.000894131 9.9946E-05 9.9946E-05 0.00198542 0.00234363 0.00389316 9.9946E-05 9.9946E-05 9.9946E-05
0.020917 0.0230324 0.0180779 0.0319208 0.0103205 0.0637625 0.0163189 0.591209 0.0163605 0.0648292 0.0336006 0.109551 9.9991E-05
0.00988664 0.00869225 0.0052451 0.0069137 9.9955E-05 0.92951 9.9955E-05 9.9955E-05 0.00571736 9.9955E-05 0.0092477 0.0242872 9.9955E-05
0.00593061 9.99549E-05 0.00335324 9.99549E-05 0.00267608 0.965018 0.00328926 0.0113418 9.99549E-05 0.00698002 0.000911296 9.99549E-05 9.99549E-05
0.0120158 0.0327264 0.0343192 0.0409997 0.0241119 0.0133522 0.0462902 0.647785 0.0324936 0.00939567 0.020182 0.0513642 0.0349644
0.00584055 9.9901E-05 9.9901E-05 9.9901E-05 9.9901E-05 9.9901E-05 9.9901E-05 9.9901E-05 9.9901E-05 9.9901E-05 9.9901E-05 9.9901E-05 0.993061
0.0252201 0.027716 0.00577678 0.0354308 0.0543546 0.0463979 0.0226358 0.294988 0.0315909 0.369143 0.0328498 0.0503147 0.00358098
0.00773384 0.00281341 0.0224909 0.0191009 0.0349012 9.9991E-05 0.0093849 0.00883889 0.0201442 0.018709 0.0104526 0.843993 0.00133703
9.9892E-05 9.9892E-05 9.9892E-05 9.9892E-05 9.9892E-05 9.9892E-05 9.9892E-05 9.9892E-05 9.9892E-05 0.998801 9.9892E-05 9.9892E-05 9.9892E-05
9.9892E-05 9.9892E-05 9.9892E-05 9.9892E-05 9.9892E-05 9.9892E-05 9.9892E-05 9.9892E-05 9.9892E-05 9.9892E-05 9.9892E-05 0.998801 9.9892E-05
0.00604853 9.9928E-05 0.00240421 9.9928E-05 0.00371036 9.9928E-05 9.9928E-05 9.9928E-05 9.9928E-05 0.00398751 0.98305 9.9928E-05 9.9928E-05
9.9946E-05 0.00365013 9.9946E-05 9.9946E-05 0.00148259 0.00893873 9.9946E-05 0.0143979 0.0103942 9.9946E-05 0.950234 0.0103028 9.9946E-05
9.9892E-05 9.9892E-05 9.9892E-05 9.9892E-05 0.998801 9.9892E-05 9.9892E-05 9.9892E-05 9.9892E-05 9.9892E-05 9.9892E-05 9.9892E-05 9.9892E-05
0.0327303 0.0249325 0.0197285 0.0335015 0.566831 0.0380401 0.0259745 0.0892433 0.021973 0.0295404 0.0288039 0.0633586 0.0253422
0.00068784 0.957318 0.00146535 9.9955E-05 9.9955E-05 9.9955E-05 0.0125606 0.00397481 0.0109283 9.9955E-05 0.00929218 9.9955E-05 0.00327297
9.9928E-05 9.9928E-05 0.00404947 9.9928E-05 9.9928E-05 9.9928E-05 0.0043273 9.9928E-05 0.976455 0.00974204 9.9928E-05 9.9928E-05 0.00462706
0.930857 0.00227012 9.9991E-05 0.00429037 0.0222029 0.00149357 0.00554353 0.00925463 0.00643855 0.00862732 0.00429563 0.00422771 0.000399172
0.0231209 0.0101429 0.0137831 0.0119184 0.0255686 0.0073173 0.00696721 0.00732268 0.845652 0.00754597 0.0195721 0.0183162 0.0027732
9.98919E-05 9.98919E-05 0.998801 9.98919E-05 9.98919E-05 9.98919E-05 9.98919E-05 9.98919E-05 9.98919E-05 9.98919E-05 9.98919E-05 9.98919E-05 9.98919E-05
0.00796763 9.99639E-05 0.00302793 0.00694337 0.00217934 9.99639E-05 9.99639E-05 0.957242 0.00895556 0.00934867 0.00332708 9.99639E-05 0.00060834
9.98921E-05 9.98921E-05 9.98921E-05 0.998801 9.98921E-05 9.98921E-05 9.98921E-05 9.98921E-05 9.98921E-05 9.98921E-05 9.98921E-05 9.98921E-05 9.98921E-05
0.0129144 0.0286367 0.000809869 0.0384939 0.0150267 0.0793162 0.0188995 0.682442 0.0082196 0.0546545 0.0250053 0.0332889 0.00229284
0.0152957 0.0347135 9.9991E-05 0.0190237 0.0227651 0.571301 0.0288815 0.116086 0.0348528 0.0209722 0.0354514 0.0825381 0.0180194
9.98918E-05 9.98918E-05 9.98918E-05 9.98918E-05 9.98918E-05 0.998801 9.98918E-05 9.98918E-05 9.98918E-05 9.98918E-05 9.98918E-05 9.98918E-05 9.98918E-05
9.98919E-05 9.98919E-05 9.98919E-05 9.98919E-05 9.98919E-05 9.98919E-05 0.998801 9.98919E-05 9.98919E-05 9.98919E-05 9.98919E-05 9.98919E-05 9.98919E-05
9.9982E-05 0.035664 0.0174177 0.0470407 0.0422032 0.0265525 0.0299094 0.637683 0.035379 9.9982E-05 0.0227494 0.0594158 0.0457851
0.0324163 0.0340379 0.00788248 0.0389871 0.0565165 0.0531858 0.0334176 0.251411 0.0311271 0.323859 0.0489257 0.0725557 0.0156777
0.0131493 9.9964E-05 0.00731134 9.9964E-05 0.0298922 9.9964E-05 0.0133999 0.0192556 0.00702131 0.00843511 0.0126264 0.888509 9.9964E-05
9.98919E-05 9.98919E-05 9.98919E-05 9.98919E-05 9.98919E-05 9.98919E-05 9.98919E-05 9.98919E-05 9.98919E-05 0.998801 9.98919E-05 9.98919E-05 9.98919E-05
0.0145148 0.0241773 0.00191469 0.00356984 0.0217986 0.0391838 0.0289928 0.0415087 0.000866781 0.0244134 0.0124111 0.751805 0.0348432
9.99011E-05 9.99011E-05 9.99011E-05 9.99011E-05 9.99011E-05 9.99011E-05 0.00535003 9.99011E-05 9.99011E-05 9.99011E-05 0.993551 9.99011E-05 9.99011E-05
9.98921E-05 9.98921E-05 9.98921E-05 9.98921E-05 9.98921E-05 9.98921E-05 9.98921E-05 9.98921E-05 9.98921E-05 9.98921E-05 0.998801 9.98921E-05 9.98921E-05
9.98919E-05 9.98919E-05 9.98919E-05 9.98919E-05 0.998801 9.98919E-05 9.98919E-05 9.98919E-05 9.98919E-05 9.98919E-05 9.98919E-05 9.98919E-05 9.98919E-05
0.0368276 0.025027 0.00862114 0.02699 0.564272 0.0477815 0.0161649 0.0843418 0.0343078 0.0303439 0.0295576 0.0620063 0.0337588
0.00935046 0.835348 0.00783218 0.0147465 0.0098129 0.0270796 9.9982E-05 0.014526 0.022214 0.0215682 0.0124872 0.0248351 9.9982E-05
9.98921E-05 9.98921E-05 9.98921E-05 9.98921E-05 9.98921E-05 9.98921E-05 9.98921E-05 9.98921E-05 0.998801 9.98921E-05 9.98921E-05 9.98921E-05 9.98921E-05
0.998801 9.9892E-05 9.9892E-05 9.9892E-05 9.9892E-05 9.9892E-05 9.9892E-05 9.9892E-05 9.9892E-05 9.9892E-05 9.9892E-05 9.9892E-05 9.9892E-05
0.00854964 0.0158619 0.0160133 0.0138698 0.0184407 0.0303353 0.0112985 0.0380097 0.739934 0.0162734 0.0363185 0.0381251 0.0169701
9.98919E-05 9.98919E-05 0.998801 9.98919E-05 9.98919E-05 9.98919E-05 9.98919E-05 9.98919E-05 9.98919E-05 9.98919E-05 9.98919E-05 9.98919E-05 9.98919E-05
9.98918E-05 9.98918E-05 9.98918E-05 9.98918E-05 9.98918E-05 9.98918E-05 9.98918E-05 0.998801 9.98918E-05 9.98918E-05 9.98918E-05 9.98918E-05 9.98918E-05
9.9892E-05 9.9892E-05 9.9892E-05 0.998801 9.9892E-05 9.9892E-05 9.9892E-05 9.9892E-05 9.9892E-05 9.9892E-05 9.9892E-05 9.9892E-05 9.9892E-05
0.00557151 0.0472583 0.0738589 0.050168 0.0769191 0.0707121 0.0829782 0.258101 0.0481491 0.0703278 0.028953 0.119477 0.0675262
0.0103379 0.0136989 9.9973E-05 0.0316863 0.0081911 0.0885042 0.00655432 0.771159 9.9973E-05 0.0317809 0.0116184 0.0261694 9.9973E-05
9.999E-05 0.031604 0.0305556 0.0331165 0.0410432 0.521055 0.0233824 0.156983 0.0104236 0.00914 0.0241005 0.0888754 0.0296203
0.0108007 0.01734 0.0139266 0.0185947 9.9991E-05 0.748041 0.0184527 0.0642367 0.0208788 0.0142525 0.0260368 0.0342151 0.0131241
0.0402119 0.0229691 0.026679 0.012387 0.0425804 0.0669638 0.54327 0.101978 0.0262162 0.0223314 0.0218667 0.0397093 0.0328372
0.00332637 0.0463569 0.0209432 0.0545633 0.0417141 0.0118123 0.0431998 0.625949 0.0300005 9.9991E-05 0.0256723 0.0556402 0.0407221
0.00621244 0.0163525 9.9991E-05 0.0173931 0.0291525 0.000709566 0.0177013 0.0462782 0.00833608 0.818763 0.00259198 0.0219643 0.0144455
9.9937E-05 9.9937E-05 0.0168098 0.0174748 0.00843454 9.9937E-05 9.9937E-05 9.9937E-05 0.0110721 9.9937E-05 0.00809488 0.937414 9.9937E-05
0.000688363 9.9964E-05 0.0179127 0.00777736 0.0118426 0.0117098 9.9964E-05 9.9964E-05 0.00359125 0.930796 0.00870835 9.9964E-05 0.00657357
9.991E-05 9.991E-05 9.991E-05 9.991E-05 9.991E-05 0.00128171 0.00236839 9.991E-05 9.991E-05 9.991E-05 9.991E-05 0.995351 9.991E-05
0.00373351 9.9955E-05 0.00322655 9.9955E-05 0.00516587 9.9955E-05 0.00443584 9.9955E-05 0.00144647 0.0196944 0.949681 9.9955E-05 0.0121163
9.98921E-05 9.98921E-05 9.98921E-05 9.98921E-05 9.98921E-05 9.98921E-05 9.98921E-05 9.98921E-05 9.98921E-05 9.98921E-05 0.998801 9.98921E-05 9.98921E-05
9.9892E-05 9.9892E-05 9.9892E-05 9.9892E-05 0.998801 9.9892E-05 9.9892E-05 9.9892E-05 9.9892E-05 9.9892E-05 9.9892E-05 9.9892E-05 9.9892E-05
9.9964E-05 9.9964E-05 0.0011455 0.0149158 0.906549 9.9964E-05 0.00996227 0.00124131 0.0143697 9.9964E-05 0.00475941 0.033955 0.0127019
9.9901E-05 0.997922 9.9901E-05 9.9901E-05 9.9901E-05 9.9901E-05 9.9901E-05 9.9901E-05 9.9901E-05 9.9901E-05 0.000978869 9.9901E-05 9.9901E-05
9.9892E-05 9.9892E-05 9.9892E-05 9.9892E-05 9.9892E-05 9.9892E-05 9.9892E-05 9.9892E-05 0.998801 9.9892E-05 9.9892E-05 9.9892E-05 9.9892E-05
0.998801 9.9892E-05 9.9892E-05 9.9892E-05 9.9892E-05 9.9892E-05 9.9892E-05 9.9892E-05 9.9892E-05 9.9892E-05 9.9892E-05 9.9892E-05 9.9892E-05
9.98921E-05 9.98921E-05 9.98921E-05 9.98921E-05 9.98921E-05 9.98921E-05 9.98921E-05 9.98921E-05 0.998801 9.98921E-05 9.98921E-05 9.98921E-05 9.98921E-05
9.9892E-05 9.9892E-05 0.998801 9.9892E-05 9.9892E-05 9.9892E-05 9.9892E-05 9.9892E-05 9.9892E-05 9.9892E-05 9.9892E-05 9.9892E-05 9.9892E-05
9.9982E-05 0.0159665 0.0117858 0.0299832 0.0226852 0.0395064 0.0470461 0.666626 0.0535194 9.9982E-05 0.0253705 0.0465568 0.0407541
0.00177589 9.9937E-05 9.9937E-05 0.967501 9.9937E-05 0.000532899 9.9937E-05 0.0194506 0.0067263 9.9937E-05 9.9937E-05 9.9937E-05 0.00331336
0.00416378 0.0406777 0.0719464 0.0620274 0.0797278 0.0627495 0.0989141 0.259547 0.0535658 0.0698627 0.0272086 0.110028 0.0595805
0.0148607 0.0316269 0.0375213 0.0203435 0.0272892 0.122489 0.025267 0.509879 0.0393628 0.0680412 0.0170289 0.086191 9.9991E-05
9.999E-05 0.0320155 0.0316866 0.0256854 0.023144 0.539132 0.0286223 0.153155 0.0110022 0.0100103 0.0256989 0.0845759 0.0351725
0.00637642 0.00976249 0.0143504 0.00542514 0.0203494 0.707847 0.0361495 0.0758211 0.0207578 0.0311651 0.011851 0.0477648 0.0123794
9.98918E-05 9.98918E-05 9.98918E-05 9.98918E-05 9.98918E-05 9.98918E-05 0.998801 9.98918E-05 9.98918E-05 9.98918E-05 9.98918E-05 9.98918E-05 9.98918E-05
0.0127041 0.0255742 0.00682573 0.036946 0.0506519 0.0438359 0.0376754 0.597285 0.0413365 0.0200611 0.0340291 0.0572778 0.0357968
0.00493865 0.0244472 0.00354774 0.0233672 0.0238529 0.0122915 0.0118137 0.0299501 0.000409218 0.813783 0.012103 0.0277602 0.0117356
9.9901E-05 9.9901E-05 9.9901E-05 9.9901E-05 0.00196546 9.9901E-05 9.9901E-05 9.9901E-05 9.9901E-05 9.9901E-05 9.9901E-05 0.996936 9.9901E-05
9.98919E-05 9.98919E-05 9.98919E-05 9.98919E-05 9.98919E-05 9.98919E-05 9.98919E-05 9.98919E-05 9.98919E-05 0.998801 9.98919E-05 9.98919E-05 9.98919E-05
9.9919E-05 0.000876797 9.9919E-05 9.9919E-05 9.9919E-05 0.00330583 9.9919E-05 9.9919E-05 9.9919E-05 0.00250293 9.9919E-05 0.992415 9.9919E-05
0.00547627 9.9946E-05 0.00297462 9.9946E-05 0.0103961 9.9946E-05 0.0107924 9.9946E-05 9.9946E-05 0.0106977 0.953812 9.9946E-05 0.00525167
9.9901E-05 9.9901E-05 9.9901E-05 9.9901E-05 9.9901E-05 9.9901E-05 9.9901E-05 0.0085565 9.9901E-05 9.9901E-05 0.990345 9.9901E-05 9.9901E-05
9.9892E-05 9.9892E-05 9.9892E-05 9.9892E-05 0.998801 9.9892E-05 9.9892E-05 9.9892E-05 9.9892E-05 9.9892E-05 9.9892E-05 9.9892E-05 9.9892E-05
9.9892E-05 9.9892E-05 9.9892E-05 9.9892E-05 0.998801 9.9892E-05 9.9892E-05 9.9892E-05 9.9892E-05 9.9892E-05 9.9892E-05 9.9892E-05 9.9892E-05
0.00747999 0.961723 0.00471713 0.00470813 0.00615748 9.9964E-05 0.000291704 9.9964E-05 0.00382365 0.00817548 0.0025238 9.9964E-05 9.9964E-05
0.0047923 0.00694281 9.9946E-05 0.00440645 9.9946E-05 9.9946E-05 9.9946E-05 9.9946E-05 0.969563 0.00436289 0.000341968 0.00899057 9.9946E-05
0.178327 0.0500207 0.315724 0.0092117 0.0367357 0.0600245 0.0339287 0.0802954 0.0316987 0.044558 0.0456107 0.0877783 0.0260867
0.0128912 0.00137184 9.9964E-05 0.00825166 0.00429373 0.0136884 0.000649715 9.9964E-05 0.951971 9.9964E-05 0.00296513 9.9964E-05 0.00351741
9.9946E-05 9.9946E-05 0.00692554 0.977787 0.000895101 9.9946E-05 9.9946E-05 9.9946E-05 0.00284227 0.00370406 0.00288204 0.00436465 9.9946E-05
0.0363454 0.00569977 0.00370179 0.0260473 0.0121615 0.149872 0.0310314 0.539544 0.00119429 0.0842468 0.0345467 0.0586885 0.0169205
0.0064394 0.0388743 0.0747004 0.0629662 0.0858851 0.0723383 0.0908066 0.260772 0.0446783 0.0586667 0.0305428 0.104722 0.0686082
0.0238787 0.0603363 0.0349198 0.0241032 0.0239219 0.0953047 0.0418814 0.47337 0.0366925 0.0347936 0.0407773 0.0742997 0.0357214
0.00919793 0.0278882 0.0273296 0.0242236 0.0300688 0.574812 0.0131251 0.156893 0.0128841 9.9991E-05 0.0276964 0.0681545 0.0276269
0.0306066 0.0300322 0.00999912 0.031215 0.0116148 0.591985 0.0443753 0.0788005 0.0411921 0.021166 0.0271111 0.0595233 0.0223793
9.9892E-05 9.9892E-05 9.9892E-05 9.9892E-05 9.9892E-05 9.9892E-05 9.9892E-05 9.9892E-05 9.9892E-05 9.9892E-05 9.9892E-05 9.9892E-05 0.998801
9.98919E-05 9.98919E-05 9.98919E-05 9.98919E-05 9.98919E-05 9.98919E-05 0.998801 9.98919E-05 9.98919E-05 9.98919E-05 9.98919E-05 9.98919E-05 9.98919E-05
9.9982E-05 0.0301533 0.0229999 0.0095397 0.0169873 0.024382 0.040059 0.706111 0.0539961 9.9982E-05 0.00509049 0.0349912 0.05549
9.9964E-05 0.0198253 9.9964E-05 0.00798534 0.0283783 9.9964E-05 0.00987649 0.0331899 0.00564199 0.851556 0.0154503 0.0276962 9.9964E-05
9.98919E-05 9.98919E-05 9.98919E-05 9.98919E-05 9.98919E-05 9.98919E-05 9.98919E-05 9.98919E-05 9.98919E-05 9.98919E-05 9.98919E-05 0.998801 9.98919E-05
9.98919E-05 9.98919E-05 9.98919E-05 9.98919E-05 9.98919E-05 9.98919E-05 9.98919E-05 9.98919E-05 9.98919E-05 0.998801 9.98919E-05 9.98919E-05 9.98919E-05
9.99101E-05 0.0146546 9.99101E-05 9.99101E-05 9.99101E-05 9.99101E-05 0.0106694 9.99101E-05 9.99101E-05 9.99101E-05 9.99101E-05 0.973677 9.99101E-05
9.9919E-05 9.9919E-05 9.9919E-05 9.9919E-05 9.9919E-05 9.9919E-05 0.00509021 9.9919E-05 9.9919E-05 0.000289875 0.989637 9.9919E-05 0.00408393
9.9937E-05 9.9937E-05 9.9937E-05 0.0128782 0.956789 9.9937E-05 0.00583696 9.9937E-05 9.9937E-05 9.9937E-05 0.00549346 0.00827321 0.0100297
9.9892E-05 0.998801 9.9892E-05 9.9892E-05 9.9892E-05 9.9892E-05 9.9892E-05 9.9892E-05 9.9892E-05 9.9892E-05 9.9892E-05 9.9892E-05 9.9892E-05
0.016302 0.476875 0.0161016 0.0170643 0.0730444 0.067196 0.0167636 0.149176 0.0333549 9.9991E-05 0.0450324 0.0811703 0.00781944
0.156214 0.0337235 0.187537 0.0310128 0.066317 0.0991367 0.0359347 0.109104 0.0371571 0.0406512 0.057616 0.106873 0.0387233
9.9892E-05 9.9892E-05 9.9892E-05 9.9892E-05 9.9892E-05 9.9892E-05 9.9892E-05 9.9892E-05 0.998801 9.9892E-05 9.9892E-05 9.9892E-05 9.9892E-05
0.998801 9.9892E-05 9.9892E-05 9.9892E-05 9.9892E-05 9.9892E-05 9.9892E-05 9.9892E-05 9.9892E-05 9.9892E-05 9.9892E-05 9.9892E-05 9.9892E-05
0.0108392 0.0135139 0.000509471 0.0240593 0.0154079 0.0251056 0.0119385 9.9991E-05 0.849233 0.0156668 0.00962774 0.00681989 0.0171789
9.98921E-05 9.98921E-05 9.98921E-05 0.998801 9.98921E-05 9.98921E-05 9.98921E-05 9.98921E-05 9.98921E-05 9.98921E-05 9.98921E-05 9.98921E-05 9.98921E-05
0.025782 0.0250059 0.00636742 0.0265086 0.0437698 0.0982052 0.0193722 0.595609 0.0147857 0.0679701 0.0194982 0.0570262 9.9991E-05
0.0434892 0.0488876 0.0395083 0.0559658 0.0738334 0.075865 0.073299 0.240713 0.05452 0.0715891 0.0370238 0.118333 0.0669727
0.0486016 0.0123669 9.9991E-05 0.0251632 0.0198842 0.145063 0.0430655 0.509803 0.02853 0.0601943 0.0246073 0.0599021 0.0227188
0.0419889 0.0428194 0.000817519 0.0219289 0.00601877 0.648052 0.0396249 0.0793333 0.0216545 0.027243 0.00431748 0.0562606 0.00994052
0.0143583 9.9973E-05 0.0160844 0.0350868 0.00259908 0.840466 9.9973E-05 0.0459223 0.0194177 0.00394485 0.0211802 9.9973E-05 0.000640143
9.98921E-05 9.98921E-05 9.98921E-05 9.98921E-05 9.98921E-05 9.98921E-05 9.98921E-05 9.98921E-05 9.98921E-05 9.98921E-05 9.98921E-05 9.98921E-05 0.998801
0.0100131 0.0239634 0.00357414 0.0128932 0.00985908 0.0121636 0.84362 9.9991E-05 0.0143303 0.023511 0.0180977 0.0215109 0.0063637
0.00115551 0.025191 0.0188455 0.0266167 0.0150057 0.0243043 0.0419238 0.693611 0.0435656 9.9991E-05 0.00310825 0.0468323 0.0597399
0.0105 0.0326309 0.000444663 0.024655 0.023176 0.000947852 0.0072396 0.0414441 0.0161759 0.781017 0.0170589 0.0331665 0.0115431
9.9892E-05 9.9892E-05 9.9892E-05 9.9892E-05 9.9892E-05 9.9892E-05 9.9892E-05 9.9892E-05 9.9892E-05 9.9892E-05 9.9892E-05 0.998801 9.9892E-05
9.98919E-05 9.98919E-05 9.98919E-05 9.98919E-05 9.98919E-05 9.98919E-05 9.98919E-05 9.98919E-05 9.98919E-05 0.998801 9.98919E-05 9.98919E-05 9.98919E-05
9.98921E-05 9.98921E-05 9.98921E-05 9.98921E-05 9.98921E-05 9.98921E-05 9.98921E-05 9.98921E-05 9.98921E-05 9.98921E-05 0.998801 9.98921E-05 9.98921E-05
