9.993E-05 9.993E-05 0.999201 9.993E-05 9.993E-05 9.993E-05 9.993E-05 9.993E-05 9.993E-05
0.947283 0.00475323 9.9964E-05 0.0222259 9.9964E-05 9.9964E-05 9.9964E-05 0.0207666 0.00457143
0.944248 0.00292897 0.00316659 0.0346691 9.9973E-05 9.9973E-05 0.00432437 9.9973E-05 0.0103633
9.993E-05 9.993E-05 9.993E-05 9.993E-05 0.999201 9.993E-05 9.993E-05 9.993E-05 9.993E-05
9.993E-05 9.993E-05 9.993E-05 9.993E-05 0.999201 9.993E-05 9.993E-05 9.993E-05 9.993E-05
0.0629383 0.0555619 0.0596464 0.0920352 0.0359298 0.392723 0.0270352 0.0395418 0.234588
9.993E-05 0.999201 9.993E-05 9.993E-05 9.993E-05 9.993E-05 9.993E-05 9.993E-05 9.993E-05
9.993E-05 9.993E-05 9.993E-05 9.993E-05 9.993E-05 0.999201 9.993E-05 9.993E-05 9.993E-05
0.0352615 0.0462317 0.0509403 0.10365 0.0344491 0.0536857 0.0994055 0.0254497 0.550927
0.00753775 0.00404763 0.000166103 0.00200429 0.00855769 9.9973E-05 9.9973E-05 0.977387 9.9973E-05
0.0628555 0.0501297 0.07715 0.119719 0.0725216 0.0717957 0.0883224 0.0481136 0.409393
0.0878146 0.0693307 0.0568789 0.17858 0.0464908 0.0710295 0.0887703 0.0589824 0.342123
9.9964E-05 0.0185623 0.011065 9.9964E-05 0.00391858 0.0155001 9.9964E-05 9.9964E-05 0.950554
9.993E-05 9.993E-05 9.993E-05 9.993E-05 9.993E-05 9.993E-05 9.993E-05 9.993E-05 0.999201
0.0152387 0.542468 0.0118126 0.147191 0.0112684 9.9982E-05 9.9982E-05 0.0241303 0.247691
9.993E-05 9.993E-05 9.993E-05 0.999201 9.993E-05 9.993E-05 9.993E-05 9.993E-05 9.993E-05
0.00865768 9.9964E-05 9.9964E-05 0.970567 0.000299289 0.00149121 9.9964E-05 9.9964E-05 0.0185848
0.0594255 0.0799655 0.0562396 0.199329 0.0508966 0.0523895 0.035761 0.0255864 0.440407
0.0288149 0.0252601 0.0311448 0.0332275 0.0248193 0.00816242 0.78813 0.0212082 0.0392331
0.0425486 0.0344065 0.0401321 0.0289693 0.0326076 0.0211903 0.0376969 0.0225913 0.739857
0.00941277 0.00172841 9.9955E-05 0.00554471 9.9955E-05 9.9955E-05 0.982814 9.9955E-05 9.9955E-05
0.00434619 9.9964E-05 9.9964E-05 9.9964E-05 0.0101944 0.000694381 0.00966505 9.9964E-05 0.9747
0.000676838 0.00553195 0.922143 9.9982E-05 0.0107276 9.9982E-05 0.00515149 0.00638526 0.0491835
0.999201 9.993E-05 9.993E-05 9.993E-05 9.993E-05 9.993E-05 9.993E-05 9.993E-05 9.993E-05
0.912053 0.0148629 0.00674219 0.0244042 0.00520842 9.9982E-05 9.9982E-05 0.0227872 0.0137418
9.993E-05 9.993E-05 9.993E-05 9.993E-05 0.999201 9.993E-05 9.993E-05 9.993E-05 9.993E-05
9.9937E-05 0.995741 9.9937E-05 9.9937E-05 9.9937E-05 0.00355948 9.9937E-05 9.9937E-05 9.9937E-05
9.993E-05 9.993E-05 9.993E-05 9.993E-05 9.993E-05 0.999201 9.993E-05 9.993E-05 9.993E-05
0.00529882 0.930358 0.0061147 0.00759962 0.000945468 0.0025348 0.00988633 0.0133939 0.0238683
9.993E-05 9.993E-05 9.993E-05 9.993E-05 9.993E-05 0.999201 9.993E-05 9.993E-05 9.993E-05
0.0150126 0.0281382 0.0414885 0.0823511 0.0288506 0.0666517 0.0965456 0.00503839 0.635923
9.993E-05 9.993E-05 9.993E-05 9.993E-05 9.993E-05 9.993E-05 9.993E-05 0.999201 9.993E-05
0.0769992 0.0931703 0.0662799 0.123876 0.0647529 0.0829839 0.0904851 0.0533313 0.348121
9.9973E-05 0.0226038 0.00874882 9.9973E-05 0.00758357 0.00746921 9.9973E-05 0.000785385 0.952509
9.9946E-05 0.000694662 9.9946E-05 9.9946E-05 9.9946E-05 9.9946E-05 0.00115178 9.9946E-05 0.997554
0.0431135 0.0522851 0.0640236 0.254327 0.0226241 0.0184642 0.0544901 0.0423981 0.448274
9.993E-05 9.993E-05 9.993E-05 0.999201 9.993E-05 9.993E-05 9.993E-05 9.993E-05 9.993E-05
0.0249704 0.0429504 0.0358235 0.496068 0.0313551 0.060141 0.0531579 0.0215246 0.234009
0.00724338 9.9973E-05 0.00601078 9.9973E-05 9.9973E-05 0.00739739 0.0053495 0.0225039 0.951195
9.993E-05 9.993E-05 9.993E-05 9.993E-05 9.993E-05 9.993E-05 0.999201 9.993E-05 9.993E-05
0.0456875 0.010999 0.0358683 0.0549617 0.032021 0.0297246 0.0390466 0.0123774 0.739314
9.993E-05 9.993E-05 0.999201 9.993E-05 9.993E-05 9.993E-05 9.993E-05 9.993E-05 9.993E-05
9.9955E-05 0.0131922 0.946438 9.9955E-05 0.00732157 9.9955E-05 9.9955E-05 9.9955E-05 0.0325483
0.999201 9.993E-05 9.993E-05 9.993E-05 9.993E-05 9.993E-05 9.993E-05 9.993E-05 9.993E-05
0.872799 0.0140712 0.00835719 0.0314485 0.0012253 0.0167565 0.00175297 0.010255 0.0433345
9.993E-05 9.993E-05 9.993E-05 9.993E-05 0.999201 9.993E-05 9.993E-05 9.993E-05 9.993E-05
9.993E-05 0.999201 9.993E-05 9.993E-05 9.993E-05 9.993E-05 9.993E-05 9.993E-05 9.993E-05
0.0177144 0.0234675 0.0343679 0.123777 0.0112338 0.574417 0.00102506 0.0295569 0.18444
9.993E-05 0.999201 9.993E-05 9.993E-05 9.993E-05 9.993E-05 9.993E-05 9.993E-05 9.993E-05
0.0194256 0.0173739 0.0367053 0.106978 0.0122621 0.597306 0.00615572 0.0214759 0.182317
0.0224765 0.0458837 0.0599893 0.0984035 0.0311615 0.0600546 0.0729806 0.019883 0.589167
9.9955E-05 0.00915828 0.00414158 9.9955E-05 9.9955E-05 0.00851068 9.9955E-05 0.97769 9.9955E-05
0.0401649 0.0485917 0.0556249 0.106016 0.0508633 0.0493449 0.106802 0.0342409 0.508351
0.00940996 0.012756 0.0162265 9.9982E-05 0.0167215 0.0140686 0.00190592 9.9982E-05 0.928712
9.9973E-05 0.0109157 0.00467425 9.9973E-05 9.9973E-05 0.00595866 0.0167479 0.00815036 0.953253
0.0531165 0.0709772 0.0625404 0.199392 0.0472564 0.0568119 0.0527723 0.0569404 0.400193
9.993E-05 9.993E-05 9.993E-05 0.999201 9.993E-05 9.993E-05 9.993E-05 9.993E-05 9.993E-05
0.0597904 0.0419029 0.0551899 0.0502376 0.050609 0.0473885 0.396636 0.0383697 0.259876
0.0499746 0.00734927 0.0144633 0.0247765 0.00502914 0.00111013 0.025432 0.0224894 0.849376
9.993E-05 9.993E-05 9.993E-05 9.993E-05 9.993E-05 9.993E-05 0.999201 9.993E-05 9.993E-05
9.993E-05 9.993E-05 9.993E-05 9.993E-05 9.993E-05 9.993E-05 9.993E-05 9.993E-05 0.999201
0.0028922 9.9964E-05 0.98547 0.00509259 9.9964E-05 0.000195804 0.00594949 9.9964E-05 9.9964E-05
9.9955E-05 0.00887086 0.953594 9.9955E-05 0.0106805 9.9955E-05 9.9955E-05 9.9955E-05 0.0263547
0.999201 9.993E-05 9.993E-05 9.993E-05 9.993E-05 9.993E-05 9.993E-05 9.993E-05 9.993E-05
0.563873 0.0301614 0.0333724 0.0462053 0.0302076 0.045382 0.0411077 0.0395316 0.170159
9.9982E-05 0.00191233 0.00378529 0.00761511 0.96444 0.0119304 0.00558546 0.00453187 9.9982E-05
0.00845617 0.974172 0.00171767 0.00161092 9.9982E-05 0.0102293 0.00136048 0.00225351 9.9982E-05
0.00603624 9.9946E-05 9.9946E-05 9.9946E-05 9.9946E-05 0.98108 0.0122843 9.9946E-05 9.9946E-05
0.032028 0.844538 0.0229736 0.019949 0.0268897 0.0174556 0.0175162 0.0185497 9.9991E-05
0.016235 0.0163962 0.0259911 0.10629 9.9991E-05 0.633652 0.00876823 0.0157726 0.176794
0.0270353 0.0534599 0.0657296 0.0902219 0.0411594 0.0706426 0.0908245 0.0260131 0.534914
9.993E-05 9.993E-05 9.993E-05 9.993E-05 9.993E-05 9.993E-05 9.993E-05 0.999201 9.993E-05
0.0406103 0.0506848 0.0633528 0.111036 0.0418542 0.050529 0.0973329 0.0517007 0.492899
0.0231636 0.0413007 0.0441292 0.0605077 0.0345597 0.04034 0.0265554 0.0127558 0.716688
9.9937E-05 9.9937E-05 9.9937E-05 9.9937E-05 9.9937E-05 9.9937E-05 0.00394606 9.9937E-05 0.995354
0.0305442 9.9964E-05 9.9964E-05 0.932401 0.000647506 0.00989263 9.9964E-05 9.9964E-05 0.0261144
0.060464 0.0667394 0.0567963 0.179703 0.061637 0.0507177 0.0334931 0.0578824 0.432567
0.0724341 0.049856 0.054391 0.0607199 0.0419368 0.0507343 0.342577 0.0486697 0.278681
0.0200678 9.9991E-05 0.00991586 0.0135865 0.00309218 0.0128624 0.0144322 0.0106093 0.915334
9.993E-05 9.993E-05 9.993E-05 9.993E-05 9.993E-05 9.993E-05 0.999201 9.993E-05 9.993E-05
0.0327137 0.000131631 0.0180919 0.0478818 0.0292497 0.0121891 0.0257553 0.00548281 0.828504
9.9937E-05 9.9937E-05 0.998603 0.000697543 9.9937E-05 9.9937E-05 9.9937E-05 9.9937E-05 9.9937E-05
9.993E-05 9.993E-05 0.999201 9.993E-05 9.993E-05 9.993E-05 9.993E-05 9.993E-05 9.993E-05
0.999201 9.993E-05 9.993E-05 9.993E-05 9.993E-05 9.993E-05 9.993E-05 9.993E-05 9.993E-05
0.559071 0.0319094 0.0386802 0.062123 0.0349681 0.0417336 0.0262608 0.0409397 0.164314
0.00479645 0.0211457 0.0169767 0.0227408 0.830057 0.0141828 0.0297968 0.00557465 0.0547295
9.993E-05 0.999201 9.993E-05 9.993E-05 9.993E-05 9.993E-05 9.993E-05 9.993E-05 9.993E-05
9.993E-05 9.993E-05 9.993E-05 9.993E-05 9.993E-05 0.999201 9.993E-05 9.993E-05 9.993E-05
0.0322975 0.744344 0.0331549 0.0212957 0.0200079 0.0231936 0.0157054 0.0205896 0.0894111
0.00100539 0.0134727 0.0306961 0.126965 0.00797619 0.627613 9.9991E-05 0.0203411 0.171831
0.0235488 0.0408003 0.0470407 0.0869048 0.0278294 0.0675926 0.0977153 0.020295 0.588273
9.993E-05 9.993E-05 9.993E-05 9.993E-05 9.993E-05 9.993E-05 9.993E-05 0.999201 9.993E-05
0.0750171 0.0623791 0.0439148 0.233243 0.0556297 0.04987 0.0870676 0.0577396 0.335139
0.0293982 0.0348314 0.0408263 0.0887179 0.0445636 0.0505035 0.0950975 0.0530458 0.563016
0.0268339 0.0212465 0.0347624 0.077178 0.0435162 0.0111892 0.0215338 0.0239965 0.739744
0.00442437 0.0293212 0.0265924 0.0294889 0.0213239 0.0153731 0.033036 0.0313599 0.80908
0.0474657 0.0367773 0.0318682 0.56252 0.0275247 0.0530108 0.0281676 0.0228261 0.189839
0.0578362 0.0576408 0.0688813 0.190171 0.0620411 0.0486152 0.0428215 0.0570791 0.414913
0.0206782 0.00541599 0.0262866 0.0318027 0.0273905 0.00500139 0.816734 0.0144052 0.0522851
0.0183907 0.00786216 0.00882902 9.9991E-05 0.0023802 0.0113417 0.000727965 0.0166609 0.933707
0.00985858 0.0135972 0.0133837 0.00337438 0.0104463 0.00620303 0.932881 0.00467022 0.00558543
9.993E-05 9.993E-05 9.993E-05 9.993E-05 9.993E-05 9.993E-05 9.993E-05 9.993E-05 0.999201
0.0119944 9.9973E-05 0.953873 0.021108 9.9973E-05 0.00594971 0.00548232 0.00129297 9.9973E-05
9.993E-05 9.993E-05 0.999201 9.993E-05 9.993E-05 9.993E-05 9.993E-05 9.993E-05 9.993E-05
0.999201 9.993E-05 9.993E-05 9.993E-05 9.993E-05 9.993E-05 9.993E-05 9.993E-05 9.993E-05
0.908708 0.012553 0.00516077 0.0286217 0.00295371 9.9982E-05 9.9982E-05 0.0125062 0.0292967
0.00188767 9.9946E-05 9.9946E-05 9.9946E-05 0.992354 9.9946E-05 9.9946E-05 9.9946E-05 0.00515852
9.993E-05 0.999201 9.993E-05 9.993E-05 9.993E-05 9.993E-05 9.993E-05 9.993E-05 9.993E-05
9.993E-05 9.993E-05 9.993E-05 9.993E-05 9.993E-05 0.999201 9.993E-05 9.993E-05 9.993E-05
9.993E-05 0.999201 9.993E-05 9.993E-05 9.993E-05 9.993E-05 9.993E-05 9.993E-05 9.993E-05
0.0164877 0.00929937 0.0283562 0.1005 0.0119374 0.625065 9.9991E-05 0.0276114 0.180643
0.0438934 0.0776163 0.0582427 0.217376 0.0355935 0.0174123 0.0340476 0.0582454 0.457573
9.9982E-05 0.00531258 0.00214954 0.000303145 0.00249808 0.00449116 9.9982E-05 0.980239 0.00480697
0.0771689 0.0614796 0.0440926 0.23419 0.0501105 0.0348982 0.085402 0.0685461 0.344112
0.0476684 0.0511614 0.0455385 0.0978545 0.0516985 0.0661007 0.095733 0.0350866 0.509158
0.0166638 0.0118128 0.0357303 0.0957322 0.0431014 0.0169204 0.00640879 0.0158498 0.757781
0.0169698 0.0388185 0.0183546 0.0491045 0.0106942 0.0153515 0.0433246 0.011207 0.796175
9.993E-05 9.993E-05 9.993E-05 0.999201 9.993E-05 9.993E-05 9.993E-05 9.993E-05 9.993E-05
0.0599243 0.076805 0.0636864 0.182372 0.054499 0.0468753 0.0572281 0.0442495 0.41436
0.0194467 0.00457885 0.0221917 0.0280018 0.016183 0.0087219 0.81944 0.0292757 0.0521601
0.0111761 9.9937E-05 9.9937E-05 9.9937E-05 9.9937E-05 9.9937E-05 9.9937E-05 9.9937E-05 0.988124
9.993E-05 9.993E-05 9.993E-05 9.993E-05 9.993E-05 9.993E-05 0.999201 9.993E-05 9.993E-05
9.9937E-05 9.9937E-05 9.9937E-05 9.9937E-05 0.00586507 9.9937E-05 9.9937E-05 9.9937E-05 0.993435
0.00463022 9.9973E-05 0.959823 0.0100515 9.9973E-05 0.00370921 0.0193449 0.00214129 9.9973E-05
9.9937E-05 9.9937E-05 0.99471 9.9937E-05 0.00459031 9.9937E-05 9.9937E-05 9.9937E-05 9.9937E-05
0.999201 9.993E-05 9.993E-05 9.993E-05 9.993E-05 9.993E-05 9.993E-05 9.993E-05 9.993E-05
0.999201 9.993E-05 9.993E-05 9.993E-05 9.993E-05 9.993E-05 9.993E-05 9.993E-05 9.993E-05
0.0139015 0.00634106 0.00016634 9.9955E-05 0.979091 9.9955E-05 9.9955E-05 9.9955E-05 9.9955E-05
0.000567018 0.970529 0.00222682 9.9982E-05 0.0052338 0.00662555 0.00401658 9.9982E-05 0.010601
0.0497508 0.0407138 0.0465902 0.100131 0.0485128 0.40242 0.0475501 0.0126124 0.251719
0.00450406 0.964364 0.00313396 9.9982E-05 0.00562772 0.0104936 9.9982E-05 0.000384238 0.0112921
9.9946E-05 0.00746703 9.9946E-05 9.9946E-05 9.9946E-05 0.00288256 9.9946E-05 0.989051 9.9946E-05
0.0249132 0.0220647 0.062834 0.105146 0.0306088 0.0738677 0.124677 0.0441034 0.511785
0.0739898 0.0606737 0.0412938 0.226008 0.057143 0.0399432 0.0876531 0.079115 0.334181
0.0256703 0.0694994 0.0639338 0.139639 0.0711185 0.0825558 0.073497 0.0415546 0.432532
0.0182613 0.0128238 0.0395286 0.0762458 0.0415049 0.0238959 9.9991E-05 0.0176091 0.770031
0.0102859 0.0485752 0.022799 0.056938 0.0282171 0.0580872 0.0357182 0.0288328 0.710547
9.993E-05 9.993E-05 9.993E-05 0.999201 9.993E-05 9.993E-05 9.993E-05 9.993E-05 9.993E-05
0.0125261 9.9946E-05 9.9946E-05 0.985529 9.9946E-05 9.9946E-05 9.9946E-05 0.00134482 9.9946E-05
0.0452985 0.0804142 0.0374525 0.243806 0.0630169 0.0288079 0.0411914 0.0225395 0.437473
0.0206985 9.9991E-05 0.021448 0.0320456 0.0148297 0.00844748 0.850964 0.0206332 0.0308338
9.993E-05 9.993E-05 9.993E-05 9.993E-05 9.993E-05 9.993E-05 9.993E-05 9.993E-05 0.999201
9.993E-05 9.993E-05 9.993E-05 9.993E-05 9.993E-05 9.993E-05 0.999201 9.993E-05 9.993E-05
0.00231002 0.00141047 9.9964E-05 9.9964E-05 0.00253207 0.00419438 9.9964E-05 9.9964E-05 0.989153
9.993E-05 9.993E-05 0.999201 9.993E-05 9.993E-05 9.993E-05 9.993E-05 9.993E-05 9.993E-05
0.95334 0.00394327 0.00772471 0.0260868 0.00243204 9.9973E-05 9.9973E-05 0.00617296 9.9973E-05
9.993E-05 9.993E-05 9.993E-05 9.993E-05 0.999201 9.993E-05 9.993E-05 9.993E-05 9.993E-05
0.0577333 0.042653 0.0508801 0.0625549 0.484168 0.0377674 0.00363293 0.0306855 0.229925
0.0647237 0.0424839 0.0626671 0.118027 0.0327075 0.295221 0.0477085 0.04481 0.291651
9.993E-05 0.999201 9.993E-05 9.993E-05 9.993E-05 9.993E-05 9.993E-05 9.993E-05 9.993E-05
9.993E-05 9.993E-05 9.993E-05 9.993E-05 9.993E-05 0.999201 9.993E-05 9.993E-05 9.993E-05
0.0131934 0.859828 0.00145191 0.0139864 0.0173066 0.0348033 0.00667153 0.027831 0.0249276
9.993E-05 9.993E-05 9.993E-05 9.993E-05 9.993E-05 9.993E-05 9.993E-05 0.999201 9.993E-05
0.0500549 0.0404662 0.0447525 0.104985 0.0468034 0.0595478 0.113257 0.038061 0.502072
0.0885376 0.0728735 0.054076 0.174455 0.0486563 0.0755924 0.0892865 0.054121 0.342402
0.0491609 0.0654227 0.061209 0.123259 0.0529994 0.0490295 0.0944175 0.0322142 0.472287
0.00411117 0.0256276 0.0183982 0.052317 0.0328907 0.0485348 0.0510493 0.017568 0.749503
9.9973E-05 0.026631 0.0214744 9.9973E-05 9.9973E-05 0.0364834 0.0111396 0.0242101 0.879762
9.993E-05 9.993E-05 9.993E-05 0.999201 9.993E-05 9.993E-05 9.993E-05 9.993E-05 9.993E-05
0.0335651 0.0276761 0.0261786 0.779459 0.01274 0.0238789 0.0280305 0.0139768 0.0544944
0.0409152 0.0763714 0.0308095 0.261082 0.0597974 0.0218117 0.0411864 0.030191 0.437835
0.0237649 0.016946 0.0309728 0.0379135 0.0230778 0.00770009 0.790017 0.0272441 0.0423636
0.00523502 9.9937E-05 9.9937E-05 9.9937E-05 9.9937E-05 9.9937E-05 9.9937E-05 9.9937E-05 0.994065
9.993E-05 9.993E-05 9.993E-05 9.993E-05 9.993E-05 9.993E-05 0.999201 9.993E-05 9.993E-05
9.993E-05 9.993E-05 0.999201 9.993E-05 9.993E-05 9.993E-05 9.993E-05 9.993E-05 9.993E-05
