9.993E-05 9.993E-05 0.999201 9.993E-05 9.993E-05 9.993E-05 9.993E-05 9.993E-05 9.993E-05
9.9973E-05 0.0154387 0.00179109 0.00846987 0.945903 9.9973E-05 0.0191052 0.00899191 9.9973E-05
9.9964E-05 0.0239802 0.00360172 9.9964E-05 0.941745 9.9964E-05 0.00925786 0.0210159 9.9964E-05
0.999201 9.993E-05 9.993E-05 9.993E-05 9.993E-05 9.993E-05 9.993E-05 9.993E-05 9.993E-05
0.999201 9.993E-05 9.993E-05 9.993E-05 9.993E-05 9.993E-05 9.993E-05 9.993E-05 9.993E-05
0.0378446 0.0974328 0.0661217 0.0621886 0.0651955 0.388883 0.0446024 0.212658 0.0250733
9.993E-05 9.993E-05 9.993E-05 0.999201 9.993E-05 9.993E-05 9.993E-05 9.993E-05 9.993E-05
9.993E-05 9.993E-05 9.993E-05 9.993E-05 9.993E-05 0.999201 9.993E-05 9.993E-05 9.993E-05
0.0347966 0.0913016 0.0649116 0.0671544 0.0265433 0.0694838 0.0242727 0.533964 0.0875721
0.00326799 9.9955E-05 9.9955E-05 9.9955E-05 0.0136779 0.000872612 0.981682 9.9955E-05 9.9955E-05
0.0778706 0.109538 0.0676171 0.0540405 0.058597 0.0853409 0.0488301 0.421835 0.0763307
0.0384813 0.179948 0.0536129 0.0697861 0.0905668 0.0898769 0.0639956 0.323851 0.0898811
0.000839091 0.00879169 0.0126782 0.0144633 9.9973E-05 0.0149752 9.9973E-05 0.947953 9.9973E-05
9.993E-05 9.993E-05 9.993E-05 9.993E-05 9.993E-05 9.993E-05 9.993E-05 0.999201 9.993E-05
0.00461038 0.149554 0.0147115 0.531248 0.0230246 0.0162159 0.0327911 0.227744 9.9991E-05
9.993E-05 0.999201 9.993E-05 9.993E-05 9.993E-05 9.993E-05 9.993E-05 9.993E-05 9.993E-05
9.9955E-05 0.963161 9.9955E-05 0.0142386 0.0150096 9.9955E-05 9.9955E-05 9.9955E-05 0.00709125
0.0611984 0.180975 0.0608239 0.0770912 0.0696678 0.0606942 0.0290903 0.404929 0.0555299
0.0172926 0.0294544 0.0296384 0.00397214 0.0381982 0.00874188 0.023998 0.0611301 0.787574
0.0395532 0.0356382 0.0395269 0.010062 0.0417927 0.0485614 0.0225076 0.714307 0.0480509
9.9964E-05 9.9964E-05 0.000204912 0.00140107 0.0084708 0.0063634 9.9964E-05 9.9964E-05 0.98316
0.00682759 0.000938946 9.9982E-05 9.9982E-05 0.0106684 0.00151998 0.0020573 0.963455 0.0143324
0.0112913 9.9964E-05 0.919758 0.0164774 9.9964E-05 0.0032661 9.9964E-05 0.0488078 9.9964E-05
9.993E-05 9.993E-05 9.993E-05 9.993E-05 0.999201 9.993E-05 9.993E-05 9.993E-05 9.993E-05
0.00171508 0.0269501 0.0138447 0.00846231 0.916304 9.9982E-05 0.0170853 0.0154382 9.9982E-05
0.999201 9.993E-05 9.993E-05 9.993E-05 9.993E-05 9.993E-05 9.993E-05 9.993E-05 9.993E-05
9.993E-05 9.993E-05 9.993E-05 0.999201 9.993E-05 9.993E-05 9.993E-05 9.993E-05 9.993E-05
9.993E-05 9.993E-05 9.993E-05 9.993E-05 9.993E-05 0.999201 9.993E-05 9.993E-05 9.993E-05
0.00443101 0.0134937 0.00643594 0.921863 0.0043232 0.010378 0.00445514 0.0314773 0.00314286
9.993E-05 9.993E-05 9.993E-05 9.993E-05 9.993E-05 0.999201 9.993E-05 9.993E-05 9.993E-05
0.0292522 0.0817358 0.045739 0.0377602 0.00926735 0.0674265 0.00714839 0.628779 0.0928913
9.993E-05 9.993E-05 9.993E-05 9.993E-05 9.993E-05 9.993E-05 0.999201 9.993E-05 9.993E-05
0.0666517 0.0849081 0.0898233 0.102545 0.10058 0.0816864 0.0713935 0.308558 0.0938545
0.00553308 9.9973E-05 0.00646856 0.0221063 9.9973E-05 0.0131461 0.00272557 0.94972 9.9973E-05
9.9937E-05 9.9937E-05 9.9937E-05 0.000555385 9.9937E-05 9.9937E-05 9.9937E-05 0.998745 9.9937E-05
0.0299757 0.248368 0.0649982 0.0519776 0.0486122 0.0346122 0.0435045 0.428977 0.0489747
9.993E-05 0.999201 9.993E-05 9.993E-05 9.993E-05 9.993E-05 9.993E-05 9.993E-05 9.993E-05
0.0397024 0.505766 0.0308678 0.0376565 0.0213918 0.0644429 0.0269086 0.218043 0.0552206
9.9964E-05 9.9964E-05 9.9964E-05 9.9964E-05 0.0172733 0.0117065 0.0200855 0.937995 0.01254
9.993E-05 9.993E-05 9.993E-05 9.993E-05 9.993E-05 9.993E-05 9.993E-05 9.993E-05 0.999201
0.0288512 0.0392014 0.0365686 0.00427676 0.0313867 0.0387401 0.0212351 0.766913 0.0328272
9.993E-05 9.993E-05 0.999201 9.993E-05 9.993E-05 9.993E-05 9.993E-05 9.993E-05 9.993E-05
0.0110395 9.9955E-05 0.947101 0.0124635 9.9955E-05 9.9955E-05 9.9955E-05 0.0288959 9.9955E-05
9.993E-05 9.993E-05 9.993E-05 9.993E-05 0.999201 9.993E-05 9.993E-05 9.993E-05 9.993E-05
0.00308016 0.0303033 0.0133889 0.00365958 0.872798 0.0205345 0.0168382 0.0389945 0.000403351
0.999201 9.993E-05 9.993E-05 9.993E-05 9.993E-05 9.993E-05 9.993E-05 9.993E-05 9.993E-05
9.993E-05 9.993E-05 9.993E-05 0.999201 9.993E-05 9.993E-05 9.993E-05 9.993E-05 9.993E-05
0.0213613 0.119715 0.0383255 0.0163579 0.0137145 0.585681 0.0322979 0.170749 0.00179803
9.993E-05 9.993E-05 9.993E-05 0.999201 9.993E-05 9.993E-05 9.993E-05 9.993E-05 9.993E-05
0.0244219 0.119226 0.0420403 0.0187498 0.0117521 0.598031 0.0247117 0.160967 9.9991E-05
0.0327878 0.0893946 0.0519413 0.0583241 0.0319734 0.0653013 0.033012 0.550282 0.0869833
0.00202687 0.000168107 9.9973E-05 0.00275796 0.0031715 0.00863314 0.982942 9.9973E-05 9.9973E-05
0.0446739 0.0925457 0.0557358 0.050991 0.0256591 0.0608632 0.0503826 0.514833 0.104316
0.0101985 9.9973E-05 0.0139469 0.0214575 9.9973E-05 0.0102597 0.00519383 0.938644 9.9973E-05
9.9973E-05 9.9973E-05 0.00655238 0.0130554 0.00385538 0.00526151 9.9973E-05 0.960757 0.0102182
0.0566532 0.210482 0.0577334 0.0673788 0.068335 0.0528091 0.0546172 0.383762 0.0482294
9.993E-05 0.999201 9.993E-05 9.993E-05 9.993E-05 9.993E-05 9.993E-05 9.993E-05 9.993E-05
0.0439485 0.0497433 0.0344096 0.0459614 0.0662034 0.0547625 0.0478643 0.277117 0.37999
0.0114665 9.9991E-05 0.00905776 0.0250036 0.0517958 0.0210949 0.026076 0.839066 0.0163389
9.993E-05 9.993E-05 9.993E-05 9.993E-05 9.993E-05 9.993E-05 9.993E-05 9.993E-05 0.999201
9.99369E-05 9.99369E-05 9.99369E-05 9.99369E-05 0.00671892 9.99369E-05 9.99369E-05 0.992582 9.99369E-05
9.9955E-05 9.9955E-05 0.988689 9.9955E-05 0.00138256 0.000646491 9.9955E-05 9.9955E-05 0.00878171
0.0197383 9.9955E-05 0.947671 9.9955E-05 9.9955E-05 0.00176546 9.9955E-05 0.0303254 9.9955E-05
9.993E-05 9.993E-05 9.993E-05 9.993E-05 0.999201 9.993E-05 9.993E-05 9.993E-05 9.993E-05
0.0309214 0.0659284 0.0395275 0.0196706 0.555386 0.0424146 0.0357399 0.15306 0.0573514
0.956223 0.0104243 0.00477345 0.00457592 0.0109134 0.00454483 9.9991E-05 0.00488928 0.00355601
9.9973E-05 0.00285958 0.00709089 0.97049 0.00333695 9.9973E-05 0.0117312 9.9973E-05 0.00419146
0.00481487 9.9964E-05 9.9964E-05 9.9964E-05 0.00607346 0.976459 0.00109395 9.9964E-05 0.011159
0.0146995 0.00544482 0.0170652 0.855624 0.0247504 0.0108603 0.0215113 0.0306302 0.0194146
0.0137282 0.129403 0.0278579 0.0210318 0.00511193 0.638187 0.018466 0.145301 0.000913624
0.0511979 0.0855396 0.073214 0.0498572 0.0312599 0.0773505 0.0320126 0.501898 0.0976705
9.993E-05 9.993E-05 9.993E-05 9.993E-05 9.993E-05 9.993E-05 0.999201 9.993E-05 9.993E-05
0.0386022 0.104916 0.0673738 0.0578827 0.0490868 0.0516878 0.0533941 0.47486 0.102196
0.03682 0.063232 0.0349985 0.0453213 0.029766 0.0369154 0.0140394 0.705856 0.033051
9.993E-05 9.993E-05 9.993E-05 9.993E-05 9.993E-05 9.993E-05 9.993E-05 0.999201 9.993E-05
0.0107588 0.944298 0.000373965 0.010745 0.0133809 0.00814515 9.9982E-05 0.0120983 9.9982E-05
0.0635069 0.193723 0.0584795 0.0659936 0.0578417 0.0459702 0.0621739 0.420961 0.0313506
0.0403872 0.0806706 0.0453626 0.0433376 0.0776508 0.0498896 0.0539637 0.273401 0.335337
0.000991229 9.9991E-05 0.00746682 0.000566496 0.0427909 0.0340694 0.00105951 0.89846 0.0144958
9.993E-05 9.993E-05 9.993E-05 9.993E-05 9.993E-05 9.993E-05 9.993E-05 9.993E-05 0.999201
0.0129775 0.0420751 0.0206079 9.9991E-05 0.0334362 0.0219895 0.000527927 0.836424 0.031862
9.993E-05 9.993E-05 0.999201 9.993E-05 9.993E-05 9.993E-05 9.993E-05 9.993E-05 9.993E-05
9.993E-05 9.993E-05 0.999201 9.993E-05 9.993E-05 9.993E-05 9.993E-05 9.993E-05 9.993E-05
9.993E-05 9.993E-05 9.993E-05 9.993E-05 0.999201 9.993E-05 9.993E-05 9.993E-05 9.993E-05
0.0323377 0.0841648 0.0359461 0.0324713 0.562116 0.0359196 0.0368922 0.150025 0.030127
0.838641 0.0199239 0.011779 0.0166538 0.0135333 0.00898058 0.00787112 0.0530547 0.0295622
9.993E-05 9.993E-05 9.993E-05 0.999201 9.993E-05 9.993E-05 9.993E-05 9.993E-05 9.993E-05
9.993E-05 9.993E-05 9.993E-05 9.993E-05 9.993E-05 0.999201 9.993E-05 9.993E-05 9.993E-05
0.0176248 0.0232214 0.0220888 0.739198 0.041406 0.0351974 0.0225678 0.0819483 0.0167472
0.00615597 0.12727 0.0275406 0.0136986 0.00144369 0.639415 0.024708 0.159668 9.9991E-05
0.0357305 0.0826547 0.062646 0.0502005 0.0253352 0.0768696 0.0136366 0.566039 0.0868883
9.993E-05 9.993E-05 9.993E-05 9.993E-05 9.993E-05 9.993E-05 0.999201 9.993E-05 9.993E-05
0.048295 0.237235 0.0440181 0.0622541 0.077694 0.0599815 0.0571393 0.333369 0.0800144
0.0459962 0.0887427 0.0475526 0.0370766 0.0275167 0.0529165 0.0542056 0.544909 0.101084
0.0339492 0.0761063 0.0269875 0.0244938 0.0308899 0.0171335 0.0294102 0.747162 0.0138677
0.0244546 0.0428796 0.0231893 0.02784 0.00998289 0.0260453 0.0308852 0.793229 0.0214937
0.0361112 0.559371 0.0369888 0.0248352 0.0521946 0.0634925 0.0207426 0.175024 0.0312395
0.0664647 0.194043 0.0622168 0.0699754 0.0574996 0.0439167 0.0637055 0.398058 0.0441201
0.0236041 0.0315946 0.0136411 0.00572981 0.0233676 0.01218 0.0184918 0.0596543 0.811737
0.00344004 9.9991E-05 0.00634489 0.00209661 0.0283561 0.0127813 0.0129083 0.925901 0.00807189
9.9991E-05 0.00694418 0.0167968 0.00306448 0.00863043 0.00187178 0.00422035 0.030502 0.92787
9.993E-05 9.993E-05 9.993E-05 9.993E-05 9.993E-05 9.993E-05 9.993E-05 0.999201 9.993E-05
9.9964E-05 0.0102501 0.947615 9.9964E-05 0.0111067 0.0125536 9.9964E-05 9.9964E-05 0.0180746
9.993E-05 9.993E-05 0.999201 9.993E-05 9.993E-05 9.993E-05 9.993E-05 9.993E-05 9.993E-05
9.993E-05 9.993E-05 9.993E-05 9.993E-05 0.999201 9.993E-05 9.993E-05 9.993E-05 9.993E-05
9.9991E-05 0.0255418 0.00798871 0.00773871 0.92522 0.001277 0.0153062 0.0143052 0.00252222
0.989259 9.9946E-05 0.00305362 9.9946E-05 9.9946E-05 9.9946E-05 0.00708774 9.9946E-05 9.9946E-05
9.993E-05 9.993E-05 9.993E-05 0.999201 9.993E-05 9.993E-05 9.993E-05 9.993E-05 9.993E-05
9.993E-05 9.993E-05 9.993E-05 9.993E-05 9.993E-05 0.999201 9.993E-05 9.993E-05 9.993E-05
9.993E-05 9.993E-05 9.993E-05 0.999201 9.993E-05 9.993E-05 9.993E-05 9.993E-05 9.993E-05
0.0168936 0.117143 0.0193658 0.0188062 9.9982E-05 0.64942 0.0272996 0.150872 9.9982E-05
0.0430821 0.211798 0.0547888 0.0878073 0.0380979 0.0277478 0.0412181 0.461616 0.0338432
0.00451605 0.00795156 0.0043637 0.00382163 9.99815E-05 0.0039706 0.975077 9.99815E-05 9.99815E-05
0.0463367 0.232308 0.0365365 0.0569731 0.0829845 0.0713598 0.0616845 0.323621 0.088196
0.0440014 0.0900658 0.0439692 0.0534244 0.0560493 0.0861296 0.0353514 0.495326 0.0956827
0.0369391 0.0930664 0.026151 0.0150735 0.0164435 0.0215848 0.0195702 0.763552 0.00761947
0.0122529 0.0592822 0.00890431 0.0339204 0.0175375 0.0206557 0.0235991 0.773736 0.0501124
9.9937E-05 0.998252 9.9937E-05 9.9937E-05 0.00104819 9.9937E-05 9.9937E-05 9.9937E-05 9.9937E-05
0.0470371 0.195653 0.0573342 0.0761098 0.0756617 0.0477112 0.0596194 0.383014 0.05786
0.0190346 0.0250116 0.0191153 0.00508417 0.0276746 0.0105639 0.0229557 0.0575217 0.813038
9.99369E-05 9.99369E-05 9.99369E-05 9.99369E-05 0.0157625 9.99369E-05 9.99369E-05 0.983538 9.99369E-05
9.993E-05 9.993E-05 9.993E-05 9.993E-05 9.993E-05 9.993E-05 9.993E-05 9.993E-05 0.999201
9.993E-05 9.993E-05 9.993E-05 9.993E-05 9.993E-05 9.993E-05 9.993E-05 0.999201 9.993E-05
9.9982E-05 0.00746535 0.953865 0.00105034 0.00343717 0.00849344 0.0110522 9.9982E-05 0.0144368
0.00288609 9.9937E-05 0.996414 9.9937E-05 9.9937E-05 9.9937E-05 9.9937E-05 9.9937E-05 9.9937E-05
9.993E-05 9.993E-05 9.993E-05 9.993E-05 0.999201 9.993E-05 9.993E-05 9.993E-05 9.993E-05
9.993E-05 9.993E-05 9.993E-05 9.993E-05 0.999201 9.993E-05 9.993E-05 9.993E-05 9.993E-05
0.975837 9.9964E-05 9.9964E-05 9.9964E-05 0.00543384 0.00416568 0.00549428 9.9964E-05 0.00866915
0.00741199 9.9964E-05 9.9964E-05 0.970874 0.00793085 0.00663948 0.00674349 9.9964E-05 9.9964E-05
0.0506231 0.115625 0.0537725 0.0388772 0.0502247 0.395486 0.0152343 0.225699 0.0544575
0.00578458 9.9982E-05 0.0046649 0.964028 0.0122699 0.00647279 0.00166075 0.00491865 9.9982E-05
9.9973E-05 9.9973E-05 0.00422572 0.000690046 0.00284706 0.00323481 0.987838 9.9973E-05 0.000864772
0.0226478 0.0975965 0.0610354 0.0403568 0.0412155 0.0802713 0.0337778 0.487753 0.135346
0.0492841 0.227274 0.0475488 0.0611414 0.0792645 0.0557742 0.0595888 0.339877 0.0802468
0.0716084 0.123531 0.0671856 0.0704423 0.0271294 0.0783018 0.0416627 0.439675 0.0804642
0.03658 0.0822123 0.0365549 0.0274628 0.0260454 0.0203843 0.00970744 0.759634 0.00141847
0.0349561 0.0713705 0.0260992 0.0536614 0.00696452 0.0593763 0.0243 0.690801 0.0324709
9.993E-05 0.999201 9.993E-05 9.993E-05 9.993E-05 9.993E-05 9.993E-05 9.993E-05 9.993E-05
9.993E-05 0.999201 9.993E-05 9.993E-05 9.993E-05 9.993E-05 9.993E-05 9.993E-05 9.993E-05
0.0585351 0.250284 0.0317564 0.0891243 0.0417637 0.0360499 0.0218946 0.436526 0.0340666
0.021944 0.0284207 0.0154806 9.9991E-05 0.0224047 0.0101829 0.0199037 0.041824 0.839739
9.993E-05 9.993E-05 9.993E-05 9.993E-05 9.993E-05 9.993E-05 9.993E-05 0.999201 9.993E-05
9.993E-05 9.993E-05 9.993E-05 9.993E-05 9.993E-05 9.993E-05 9.993E-05 9.993E-05 0.999201
0.00229271 9.9946E-05 9.9946E-05 9.9946E-05 9.9946E-05 0.00556262 9.9946E-05 0.991545 9.9946E-05
9.99507E-05 0.0014135 0.997329 9.99507E-05 9.99507E-05 9.99507E-05 9.99507E-05 9.99507E-05 0.000657344
9.9964E-05 0.0184976 0.0100721 0.00230372 0.955346 9.9964E-05 0.0133807 9.9964E-05 9.9964E-05
0.999201 9.993E-05 9.993E-05 9.993E-05 9.993E-05 9.993E-05 9.993E-05 9.993E-05 9.993E-05
0.479888 0.0603519 0.0430634 0.038888 0.0622059 0.0424854 0.0251606 0.233546 0.0144108
0.0307266 0.113373 0.067163 0.0424273 0.0625901 0.299367 0.04079 0.285744 0.0578188
9.993E-05 9.993E-05 9.993E-05 0.999201 9.993E-05 9.993E-05 9.993E-05 9.993E-05 9.993E-05
9.993E-05 9.993E-05 9.993E-05 9.993E-05 9.993E-05 0.999201 9.993E-05 9.993E-05 9.993E-05
0.00809618 0.0175294 0.0138851 0.852021 0.0103528 0.0217616 0.0208387 0.0405361 0.0149786
9.993E-05 9.993E-05 9.993E-05 9.993E-05 9.993E-05 9.993E-05 0.999201 9.993E-05 9.993E-05
0.0494329 0.0956938 0.0523263 0.0430884 0.0625039 0.0552973 0.0358068 0.483511 0.12234
0.047411 0.192694 0.0608678 0.0706941 0.0844811 0.0809084 0.0542542 0.31962 0.0890691
0.0549249 0.14139 0.0571865 0.0538229 0.0370503 0.0681422 0.040585 0.458334 0.0885636
0.0409082 0.0595687 0.0110253 0.0294517 0.00213073 0.0513198 0.0198013 0.743874 0.0419206
9.9982E-05 0.00269431 0.0333424 0.035365 9.9982E-05 0.0311739 0.0247706 0.863487 0.008967
9.993E-05 0.999201 9.993E-05 9.993E-05 9.993E-05 9.993E-05 9.993E-05 9.993E-05 9.993E-05
0.0193032 0.795028 0.0311204 0.0183448 0.0472873 0.016462 0.0102494 0.049851 0.0123536
0.0522561 0.237241 0.0253333 0.0839106 0.0395183 0.0536216 0.0450797 0.422261 0.040779
0.0286019 0.0251525 0.0224113 0.0184335 0.0225231 0.016287 0.0288232 0.0526118 0.785156
9.9937E-05 9.9937E-05 9.9937E-05 9.9937E-05 0.000256709 9.9937E-05 9.9937E-05 0.999044 9.9937E-05
9.993E-05 9.993E-05 9.993E-05 9.993E-05 9.993E-05 9.993E-05 9.993E-05 9.993E-05 0.999201
9.993E-05 9.993E-05 0.999201 9.993E-05 9.993E-05 9.993E-05 9.993E-05 9.993E-05 9.993E-05
