0.9995 9.996E-05 9.996E-05 9.996E-05 9.996E-05 9.996E-05
0.00405089 0.0432097 0.00223009 0.947635 9.9991E-05 0.00277468
0.00282795 0.0434355 9.9991E-05 0.948981 0.00188278 0.00277251
9.996E-05 9.996E-05 0.9995 9.996E-05 9.996E-05 9.996E-05
9.996E-05 9.996E-05 0.9995 9.996E-05 9.996E-05 9.996E-05
0.0553443 0.731408 0.054347 0.0690486 0.0367444 0.0531075
9.996E-05 9.996E-05 9.996E-05 9.996E-05 9.996E-05 0.9995
9.996E-05 0.9995 9.996E-05 9.996E-05 9.996E-05 9.996E-05
0.0824925 0.579848 0.0659439 0.0299732 0.14714 0.0946017
9.9964E-05 0.998443 9.9964E-05 0.00115736 9.9964E-05 9.9964E-05
0.0842304 0.570144 0.0890666 0.0655108 0.110595 0.0804523
0.0599556 0.560746 0.0677826 0.0911153 0.128821 0.0915799
0.0334948 0.775134 0.058821 0.00615277 0.0496745 0.0767224
0.0053188 0.800652 0.0439953 9.9991E-05 0.0683183 0.081616
0.0244915 0.352781 0.0231583 0.0244571 0.021934 0.553178
0.0191825 0.803216 0.0491296 0.0316865 0.05961 0.0371756
0.00312363 0.774091 0.0524435 0.0665502 0.0608874 0.0429041
0.0823066 0.582591 0.0908911 0.0741087 0.0684561 0.101647
0.0263344 0.0851959 0.0290174 0.04239 0.803238 0.0138248
0.0628553 0.641517 0.0777469 0.0534003 0.0876365 0.0768444
0.00284552 9.9973E-05 9.9973E-05 0.0047953 0.992059 9.9973E-05
0.024702 0.744896 0.0735919 0.0202158 0.0760703 0.0605235
0.924999 0.0404523 0.0152567 0.00171628 0.000194125 0.0173814
9.996E-05 9.996E-05 9.996E-05 0.9995 9.996E-05 9.996E-05
0.00664787 0.0577088 0.00301108 0.915164 9.9991E-05 0.0173687
9.996E-05 9.996E-05 0.9995 9.996E-05 9.996E-05 9.996E-05
9.996E-05 9.996E-05 9.996E-05 9.996E-05 9.996E-05 0.9995
9.996E-05 0.9995 9.996E-05 9.996E-05 9.996E-05 9.996E-05
0.00908308 0.0293576 0.00106049 0.0256485 0.00561144 0.929239
9.9964E-05 0.989846 9.9964E-05 0.00975405 9.9964E-05 9.9964E-05
0.0591965 0.644129 0.0613307 0.0109387 0.147278 0.0771272
9.996E-05 0.9995 9.996E-05 9.996E-05 9.996E-05 9.996E-05
0.0933264 0.519508 0.0777969 0.0958877 0.106498 0.106982
0.0324491 0.768297 0.0585272 9.9991E-05 0.0518197 0.0888074
0.0231487 0.774393 0.055509 9.9991E-05 0.0638432 0.0830064
0.0699508 0.634956 0.0593298 0.0613811 0.0927981 0.081584
0.0187593 0.79078 0.0506144 0.0282754 0.0763789 0.0351923
0.0432792 0.659716 0.0758339 0.0464878 0.096656 0.0780267
0.0223003 0.774412 0.0511192 0.0211215 0.0650566 0.0659905
9.996E-05 9.996E-05 9.996E-05 9.996E-05 0.9995 9.996E-05
0.0694923 0.671392 0.0760642 0.0418514 0.0883557 0.0528444
0.9995 9.996E-05 9.996E-05 9.996E-05 9.996E-05 9.996E-05
0.955634 0.0161451 0.00482949 9.9982E-05 9.9982E-05 0.023191
9.996E-05 9.996E-05 9.996E-05 0.9995 9.996E-05 9.996E-05
0.0163699 0.0899818 0.00672262 0.879332 9.9991E-05 0.00749348
9.996E-05 9.996E-05 0.9995 9.996E-05 9.996E-05 9.996E-05
9.996E-05 9.996E-05 9.996E-05 9.996E-05 9.996E-05 0.9995
0.0105874 0.946472 0.00706029 0.0129857 0.015337 0.00755773
9.996E-05 9.996E-05 9.996E-05 9.996E-05 9.996E-05 0.9995
0.0247667 0.941725 0.0056001 0.0157602 9.9991E-05 0.0120485
0.0777261 0.609188 0.0538273 0.0299115 0.14246 0.0868869
9.996E-05 0.9995 9.996E-05 9.996E-05 9.996E-05 9.996E-05
0.0655554 0.595781 0.0812997 0.044403 0.139539 0.0734213
0.0372966 0.759713 0.0673123 0.01152 0.047002 0.0771565
0.026796 0.772028 0.0513599 0.0030762 0.0811343 0.0656054
0.0750845 0.612265 0.0857199 0.0621042 0.0758328 0.088994
0.00943944 0.790565 0.0557791 0.0408714 0.0722527 0.0310922
0.0444658 0.377219 0.0560694 0.067841 0.40663 0.0477739
0.0272244 0.734768 0.0570659 0.0436538 0.07503 0.062258
9.996E-05 9.996E-05 9.996E-05 9.996E-05 0.9995 9.996E-05
0.0309412 0.790836 0.0509803 0.0206179 0.0624679 0.0441566
0.994466 9.9973E-05 9.9973E-05 0.000810135 0.0044242 9.9973E-05
0.959695 0.00753869 0.0176554 0.00522756 0.00319362 0.00668995
9.996E-05 9.996E-05 9.996E-05 0.9995 9.996E-05 9.996E-05
0.0296394 0.289619 0.0401192 0.564084 0.0422988 0.0342392
0.00771191 0.0138897 0.972193 9.9982E-05 0.00600496 9.9982E-05
0.00371885 0.0032359 9.9991E-05 0.00747881 0.00718891 0.978278
9.9973E-05 0.97521 9.9973E-05 0.0215782 0.00291231 9.9973E-05
0.0142741 0.0756295 0.0152986 0.030023 0.0169444 0.84783
0.0176055 0.978269 9.9982E-05 9.9982E-05 0.00188464 0.00204075
0.0883824 0.593113 0.0708853 0.0297875 0.131467 0.0863654
9.996E-05 0.9995 9.996E-05 9.996E-05 9.996E-05 9.996E-05
0.068151 0.581282 0.0789785 0.0450619 0.152282 0.0742446
0.057857 0.656393 0.0791158 0.0355899 0.0786204 0.0924243
0.00431995 0.784071 0.0533206 9.9991E-05 0.080135 0.078054
0.0121651 0.761611 0.0560423 0.0665464 0.0648729 0.0387625
0.0742874 0.625161 0.0918235 0.0585286 0.0680604 0.0821391
0.0696045 0.376934 0.0576903 0.0597637 0.372853 0.0631542
0.0307529 0.768128 0.0589811 0.0319925 0.0625157 0.04763
9.996E-05 9.996E-05 9.996E-05 9.996E-05 0.9995 9.996E-05
0.0427748 0.721159 0.0694768 0.0433635 0.0685994 0.0546267
0.9995 9.996E-05 9.996E-05 9.996E-05 9.996E-05 9.996E-05
0.9995 9.996E-05 9.996E-05 9.996E-05 9.996E-05 9.996E-05
9.996E-05 9.996E-05 9.996E-05 0.9995 9.996E-05 9.996E-05
0.0401522 0.27497 0.0423637 0.56386 0.0470735 0.0315813
0.00521542 0.0995544 0.840625 0.00719256 0.0285428 0.01887
9.996E-05 9.996E-05 9.996E-05 9.996E-05 9.996E-05 0.9995
9.996E-05 0.9995 9.996E-05 9.996E-05 9.996E-05 9.996E-05
0.0397012 0.123721 0.0233016 0.0409619 0.0234603 0.748854
0.0108317 0.983976 9.9982E-05 0.0028935 9.9982E-05 0.00209875
0.0720864 0.617602 0.0608881 0.0256429 0.142932 0.0808484
9.996E-05 0.9995 9.996E-05 9.996E-05 9.996E-05 9.996E-05
0.0419606 0.595563 0.0835316 0.0827738 0.109315 0.0868564
0.0555747 0.634541 0.0656604 0.0314864 0.141601 0.0711373
0.0488321 0.670028 0.0982273 0.0400314 0.0634045 0.0794767
0.0400341 0.710499 0.0716829 0.0144361 0.0744536 0.0888948
0.0379992 0.663673 0.0805051 0.0792324 0.0727154 0.0658752
0.0739081 0.619567 0.0986924 0.0434917 0.0718686 0.0924727
0.016032 0.0894495 0.0285416 0.0261967 0.836615 0.00316487
0.0349362 0.766779 0.0549475 0.0157981 0.0539245 0.0736145
0.0107565 0.0243798 0.00429598 0.0189513 0.93474 0.0068768
0.0176699 0.795046 0.0579063 0.000300302 0.0710581 0.058019
0.962425 0.00410837 9.9982E-05 0.0233037 0.00996286 9.9982E-05
0.9995 9.996E-05 9.996E-05 9.996E-05 9.996E-05 9.996E-05
9.996E-05 9.996E-05 9.996E-05 0.9995 9.996E-05 9.996E-05
0.00922541 0.0424851 0.00603342 0.923493 0.0104672 0.00829593
9.9964E-05 9.9964E-05 0.998614 9.9964E-05 9.9964E-05 0.000985673
9.996E-05 9.996E-05 9.996E-05 9.996E-05 9.996E-05 0.9995
9.996E-05 0.9995 9.996E-05 9.996E-05 9.996E-05 9.996E-05
9.996E-05 9.996E-05 9.996E-05 9.996E-05 9.996E-05 0.9995
0.00533942 0.992255 9.9973E-05 0.00210564 9.9973E-05 9.9973E-05
0.0729344 0.621158 0.0667542 0.0536364 0.0728692 0.112648
9.9964E-05 0.997241 9.9964E-05 9.9964E-05 9.9964E-05 0.00235953
0.0451878 0.585166 0.0815082 0.0887155 0.112968 0.0864542
0.0592055 0.592072 0.0756286 0.0453442 0.133385 0.0943642
0.0456024 0.714265 0.0834984 0.0306715 0.0556889 0.0702736
0.0340447 0.719522 0.0620036 0.0106975 0.0871497 0.0865823
0.00701419 0.801031 0.0619649 0.0514957 0.0458371 0.0326567
0.079559 0.576045 0.08177 0.0740182 0.0850087 0.103599
0.0187532 0.108034 0.0239001 0.03129 0.809213 0.00880955
0.0303008 0.782249 0.0480133 0.0344484 0.0548518 0.0501365
9.996E-05 9.996E-05 9.996E-05 9.996E-05 0.9995 9.996E-05
0.0190307 0.786694 0.0670847 9.9991E-05 0.0707628 0.0563282
0.965408 0.0162649 9.9991E-05 0.00694417 0.0108538 0.000429441
0.997569 9.9964E-05 0.00203131 9.9964E-05 9.9964E-05 9.9964E-05
9.996E-05 9.996E-05 9.996E-05 0.9995 9.996E-05 9.996E-05
9.996E-05 9.996E-05 9.996E-05 0.9995 9.996E-05 9.996E-05
9.9973E-05 9.9973E-05 0.974052 0.019266 0.00638225 9.9973E-05
0.00181001 0.00693509 0.00171182 0.0119321 9.9991E-05 0.977511
0.0460041 0.726964 0.0597437 0.0556821 0.0623754 0.0492307
0.00101372 0.00344357 0.00700675 0.0059696 0.00455365 0.978013
9.996E-05 0.9995 9.996E-05 9.996E-05 9.996E-05 9.996E-05
0.0773145 0.590901 0.0579541 0.0457803 0.17267 0.0553799
0.0406214 0.600841 0.0777719 0.0852641 0.108543 0.0869582
0.0801897 0.584867 0.0969854 0.0336096 0.110541 0.0938071
0.0514097 0.700785 0.0940021 0.0309465 0.0494709 0.0733854
0.0372962 0.688065 0.0789132 0.0312592 0.0697115 0.0947549
0.0182939 0.781781 0.0513888 0.0415565 0.0778423 0.0291378
0.00760713 0.787967 0.0533582 0.0573657 0.0535725 0.040129
0.0504694 0.599479 0.097098 0.0623585 0.0729577 0.117637
0.0128198 0.0661439 0.0282836 0.0340709 0.858582 9.9991E-05
0.0130067 0.827029 0.0487783 0.0264672 0.0391674 0.0455511
9.996E-05 9.996E-05 9.996E-05 9.996E-05 0.9995 9.996E-05
0.0256633 0.780018 0.0717543 9.9991E-05 0.0659293 0.0565347
0.99812 9.9964E-05 9.9964E-05 9.9964E-05 0.00147983 9.9964E-05
0.00627373 0.0222626 9.9982E-05 0.967033 9.9982E-05 0.00423111
9.996E-05 9.996E-05 0.9995 9.996E-05 9.996E-05 9.996E-05
0.0584654 0.272817 0.49957 0.0688592 0.0375237 0.0627643
0.0683716 0.698435 0.0416547 0.0686396 0.0727679 0.0501312
9.996E-05 9.996E-05 9.996E-05 9.996E-05 9.996E-05 0.9995
9.996E-05 0.9995 9.996E-05 9.996E-05 9.996E-05 9.996E-05
0.00820668 0.07297 0.0212312 0.0244882 0.0126985 0.860405
9.996E-05 0.9995 9.996E-05 9.996E-05 9.996E-05 9.996E-05
0.0563558 0.585533 0.0807915 0.0516349 0.15486 0.0708249
0.0628603 0.575493 0.0682749 0.0899656 0.116241 0.0871648
0.0624407 0.593537 0.0783106 0.0576377 0.126138 0.0819353
0.0254841 0.707624 0.0860366 0.0128171 0.0951148 0.0729237
0.0512516 0.744389 0.0481767 0.00426709 0.0655343 0.0863811
0.0156566 0.797059 0.0513776 0.0502184 0.0563676 0.0293213
0.0270697 0.69463 0.0728683 0.0841617 0.0719089 0.0493617
0.0487366 0.614812 0.0871636 0.0557683 0.0853722 0.108147
0.0176471 0.12308 0.0138674 0.0311274 0.797234 0.0170438
0.0248652 0.795937 0.0413059 0.0243765 0.0557781 0.0577372
9.996E-05 9.996E-05 9.996E-05 9.996E-05 0.9995 9.996E-05
0.9995 9.996E-05 9.996E-05 9.996E-05 9.996E-05 9.996E-05
