9.99101E-05 9.99101E-05 9.99101E-05 9.99101E-05 0.999001 9.99101E-05 9.99101E-05 9.99101E-05 9.99101E-05 9.99101E-05 9.99101E-05
9.9964E-05 0.00734773 9.9964E-05 9.9964E-05 0.00570713 0.942196 0.0060142 0.0274543 0.00223286 0.00864842 9.9964E-05
0.00377772 9.9955E-05 9.9955E-05 9.9955E-05 9.9955E-05 0.942767 0.0103679 0.0137302 0.00472791 0.0241294 9.9955E-05
0.999001 9.99101E-05 9.99101E-05 9.99101E-05 9.99101E-05 9.99101E-05 9.99101E-05 9.99101E-05 9.99101E-05 9.99101E-05 9.99101E-05
0.999001 9.99101E-05 9.99101E-05 9.99101E-05 9.99101E-05 9.99101E-05 9.99101E-05 9.99101E-05 9.99101E-05 9.99101E-05 9.99101E-05
0.0405181 0.101285 0.333422 0.117861 0.062713 0.065203 0.043706 0.0388775 0.0638937 0.104062 0.0284592
9.99101E-05 9.99101E-05 9.99101E-05 9.99101E-05 9.99101E-05 9.99101E-05 9.99101E-05 9.99101E-05 0.999001 9.99101E-05 9.99101E-05
9.99101E-05 9.99101E-05 0.999001 9.99101E-05 9.99101E-05 9.99101E-05 9.99101E-05 9.99101E-05 9.99101E-05 9.99101E-05 9.99101E-05
0.0426332 0.0982016 0.0323724 0.398252 0.053058 0.0352681 0.0358015 0.026218 0.0586824 0.113224 0.106288
0.00321157 9.9946E-05 9.9946E-05 9.9946E-05 9.9946E-05 0.00375124 9.9946E-05 0.984507 0.00119284 9.9946E-05 0.00673801
0.0736289 0.10576 0.0325888 0.250887 0.0641239 0.0558256 0.0434611 0.0689719 0.0591136 0.152708 0.0929313
0.0510416 0.118553 0.0426418 0.161059 0.0552805 0.0880813 0.0902254 0.0609518 0.0738771 0.15793 0.100358
0.000409906 9.99189E-05 9.99189E-05 0.998691 9.99189E-05 9.99189E-05 9.99189E-05 9.99189E-05 9.99189E-05 9.99189E-05 9.99189E-05
9.99101E-05 9.99101E-05 9.99101E-05 0.999001 9.99101E-05 9.99101E-05 9.99101E-05 9.99101E-05 9.99101E-05 9.99101E-05 9.99101E-05
0.0167419 0.116529 9.9991E-05 0.145608 0.0166721 0.0189096 0.0387656 0.0434863 0.532925 0.0595052 0.0107565
9.99101E-05 0.999001 9.99101E-05 9.99101E-05 9.99101E-05 9.99101E-05 9.99101E-05 9.99101E-05 9.99101E-05 9.99101E-05 9.99101E-05
9.99101E-05 9.99101E-05 9.99101E-05 9.99101E-05 9.99101E-05 9.99101E-05 0.999001 9.99101E-05 9.99101E-05 9.99101E-05 9.99101E-05
0.0583568 0.130152 0.0359877 0.220077 0.0554978 0.0665396 0.0778074 0.0415137 0.0706704 0.185763 0.0576347
0.020803 0.00418834 0.00797358 0.0214802 0.022279 0.0375315 0.0256503 0.0356656 9.9991E-05 0.0323175 0.792011
0.0440503 0.0285185 0.0287468 0.0277039 0.0266463 0.0326112 0.0141698 0.0190182 0.0205949 0.715323 0.0426174
9.9919E-05 0.0102786 9.9919E-05 9.9919E-05 9.9919E-05 9.9919E-05 9.9919E-05 9.9919E-05 9.9919E-05 9.9919E-05 0.988822
0.0244685 9.9955E-05 0.00492324 0.010267 9.9955E-05 9.9955E-05 0.0126954 9.9955E-05 9.9955E-05 0.938607 0.00853946
0.00959502 9.9973E-05 0.000936869 0.018023 0.914582 0.00488589 9.9973E-05 0.00148336 0.0126077 0.0375862 9.9973E-05
9.99101E-05 9.99101E-05 9.99101E-05 9.99101E-05 9.99101E-05 0.999001 9.99101E-05 9.99101E-05 9.99101E-05 9.99101E-05 9.99101E-05
9.9964E-05 9.9964E-05 9.9964E-05 0.0135784 0.0122192 0.917145 0.0116418 0.0134817 0.0151332 0.0164013 9.9964E-05
0.999001 9.99101E-05 9.99101E-05 9.99101E-05 9.99101E-05 9.99101E-05 9.99101E-05 9.99101E-05 9.99101E-05 9.99101E-05 9.99101E-05
9.99101E-05 9.99101E-05 9.99101E-05 9.99101E-05 9.99101E-05 9.99101E-05 9.99101E-05 9.99101E-05 0.999001 9.99101E-05 9.99101E-05
9.99101E-05 9.99101E-05 0.999001 9.99101E-05 9.99101E-05 9.99101E-05 9.99101E-05 9.99101E-05 9.99101E-05 9.99101E-05 9.99101E-05
0.0057827 0.0118871 0.0100023 9.9982E-05 0.0150406 0.00904886 0.00140972 9.9982E-05 0.924384 0.0170617 0.00518311
9.9955E-05 9.9955E-05 0.979812 9.9955E-05 0.0015395 9.9955E-05 0.00575499 0.00580933 0.00451179 0.00207229 9.9955E-05
0.0514818 0.121809 0.0346083 0.443662 0.0400535 0.0232615 0.0173641 0.00827065 0.0268051 0.12881 0.103874
9.99101E-05 9.99101E-05 9.99101E-05 9.99101E-05 9.99101E-05 9.99101E-05 9.99101E-05 0.999001 9.99101E-05 9.99101E-05 9.99101E-05
0.051074 0.096832 0.0532453 0.206485 0.081512 0.096185 0.0399246 0.0610148 0.0826317 0.127215 0.10388
9.99101E-05 9.99101E-05 9.99101E-05 0.999001 9.99101E-05 9.99101E-05 9.99101E-05 9.99101E-05 9.99101E-05 9.99101E-05 9.99101E-05
9.99101E-05 9.99101E-05 9.99101E-05 0.999001 9.99101E-05 9.99101E-05 9.99101E-05 9.99101E-05 9.99101E-05 9.99101E-05 9.99101E-05
0.0297888 0.159143 0.0111117 0.229672 0.0594354 0.0440831 0.116958 0.0579598 0.0494574 0.175836 0.0665554
9.99101E-05 0.999001 9.99101E-05 9.99101E-05 9.99101E-05 9.99101E-05 9.99101E-05 9.99101E-05 9.99101E-05 9.99101E-05 9.99101E-05
0.0373517 0.09982 0.0429031 0.083786 0.0301951 0.0131904 0.451266 0.0238464 0.0476417 0.121729 0.04827
9.9955E-05 9.9955E-05 0.00277777 9.9955E-05 9.9955E-05 9.9955E-05 0.00207668 0.0256116 0.00646424 0.946942 0.0156279
9.99101E-05 9.99101E-05 9.99101E-05 9.99101E-05 9.99101E-05 9.99101E-05 9.99101E-05 9.99101E-05 9.99101E-05 9.99101E-05 0.999001
0.0282831 0.024225 0.0281795 0.0407797 0.0440875 0.0359796 0.0256237 0.0286591 0.0195076 0.690685 0.0339901
9.99101E-05 9.99101E-05 9.99101E-05 9.99101E-05 0.999001 9.99101E-05 9.99101E-05 9.99101E-05 9.99101E-05 9.99101E-05 9.99101E-05
0.00561855 9.9955E-05 9.9955E-05 0.0101742 0.950009 9.9955E-05 9.9955E-05 9.9955E-05 0.00783346 0.0215342 0.00433091
9.99101E-05 9.99101E-05 9.99101E-05 9.99101E-05 9.99101E-05 0.999001 9.99101E-05 9.99101E-05 9.99101E-05 9.99101E-05 9.99101E-05
0.00964685 0.0105908 0.0101866 0.0206015 0.0110245 0.879573 0.0160068 0.00798051 0.0042294 0.0254962 0.00466374
0.999001 9.99101E-05 9.99101E-05 9.99101E-05 9.99101E-05 9.99101E-05 9.99101E-05 9.99101E-05 9.99101E-05 9.99101E-05 9.99101E-05
9.99101E-05 9.99101E-05 9.99101E-05 9.99101E-05 9.99101E-05 9.99101E-05 9.99101E-05 9.99101E-05 0.999001 9.99101E-05 9.99101E-05
9.9964E-05 0.745016 0.196726 0.0197319 0.0238027 9.9964E-05 0.00986743 9.9964E-05 0.00243586 0.00202021 9.9964E-05
9.99101E-05 9.99101E-05 9.99101E-05 9.99101E-05 9.99101E-05 9.99101E-05 9.99101E-05 9.99101E-05 0.999001 9.99101E-05 9.99101E-05
9.9955E-05 0.773859 0.192215 0.00844049 0.020938 0.00141027 9.9955E-05 9.9955E-05 0.00263713 9.9955E-05 9.9955E-05
0.0401761 0.102918 0.034796 0.401233 0.0563492 0.0290772 0.0159979 0.0379804 0.0581821 0.118129 0.105161
0.00447341 9.9955E-05 0.00694679 9.9955E-05 9.9955E-05 0.0035733 0.0063904 0.977845 9.9955E-05 9.9955E-05 0.000271172
0.0573215 0.0752881 0.0327694 0.30687 0.0589937 0.0453417 0.0546996 0.0432694 0.0503447 0.174017 0.101084
0.0132128 9.99595E-05 0.00714345 0.968698 9.99595E-05 0.00520904 9.99595E-05 0.000473157 0.00476369 9.99595E-05 9.99595E-05
9.99189E-05 9.99189E-05 9.99189E-05 0.997051 0.00204932 9.99189E-05 9.99189E-05 9.99189E-05 9.99189E-05 9.99189E-05 9.99189E-05
0.0632871 0.164651 0.0156757 0.205538 0.0566064 0.051165 0.0909838 0.0642155 0.0634824 0.163305 0.0610903
9.99101E-05 0.999001 9.99101E-05 9.99101E-05 9.99101E-05 9.99101E-05 9.99101E-05 9.99101E-05 9.99101E-05 9.99101E-05 9.99101E-05
0.0388296 0.0214693 0.0344586 0.15664 0.0465018 0.0696416 0.0352848 0.0544008 0.0387152 0.102745 0.401312
0.0136971 0.0244447 0.0100103 9.9982E-05 0.0165579 0.0239498 9.9982E-05 0.0248017 0.0322463 0.840711 0.0133817
9.99101E-05 9.99101E-05 9.99101E-05 9.99101E-05 9.99101E-05 9.99101E-05 9.99101E-05 9.99101E-05 9.99101E-05 9.99101E-05 0.999001
9.99101E-05 9.99101E-05 9.99101E-05 9.99101E-05 9.99101E-05 9.99101E-05 9.99101E-05 9.99101E-05 9.99101E-05 0.999001 9.99101E-05
9.9937E-05 9.9937E-05 0.00235531 9.9937E-05 0.984457 9.9937E-05 0.00608364 9.9937E-05 9.9937E-05 9.9937E-05 0.00640415
0.0112236 0.00400017 9.9964E-05 0.0102394 0.937829 9.9964E-05 9.9964E-05 0.000535117 0.0151865 0.0205865 9.9964E-05
9.99101E-05 9.99101E-05 9.99101E-05 9.99101E-05 9.99101E-05 0.999001 9.99101E-05 9.99101E-05 9.99101E-05 9.99101E-05 9.99101E-05
0.0278029 0.060225 0.0514668 0.0669711 0.0353174 0.563487 0.0216614 0.03166 0.0293863 0.0841194 0.0279032
0.969423 0.00771719 0.00579313 9.9964E-05 0.000861453 9.9964E-05 0.0015277 9.9964E-05 0.00726071 9.9964E-05 0.0070172
9.9955E-05 0.0121227 0.00293072 9.9955E-05 0.00450515 0.00493776 9.9955E-05 0.00368019 0.971324 9.9955E-05 9.9955E-05
0.00844696 9.9973E-05 0.942049 9.9973E-05 0.00385463 0.0176931 0.00558458 0.00436325 9.9973E-05 0.00357046 0.0141382
0.0128233 0.0108416 0.0206656 0.0230518 0.0186313 0.0170115 0.0121641 0.0199743 0.845722 0.0179781 0.00113633
9.99279E-05 0.790005 0.196537 9.99279E-05 0.0126588 9.99279E-05 9.99279E-05 9.99279E-05 9.99279E-05 9.99279E-05 9.99279E-05
0.0500008 0.10375 0.0539865 0.342564 0.0607052 0.0439541 0.0323854 0.0418817 0.0423305 0.122522 0.10592
9.99101E-05 9.99101E-05 9.99101E-05 9.99101E-05 9.99101E-05 9.99101E-05 9.99101E-05 0.999001 9.99101E-05 9.99101E-05 9.99101E-05
0.0495178 0.0775462 0.0302947 0.350581 0.0614654 0.0500177 0.0457679 0.0517959 0.0442059 0.128271 0.110536
0.0254658 0.0258531 0.0242594 0.659792 0.0298147 0.0243439 0.0373882 0.0158198 0.0328493 0.0889963 0.0354173
9.99101E-05 9.99101E-05 9.99101E-05 0.999001 9.99101E-05 9.99101E-05 9.99101E-05 9.99101E-05 9.99101E-05 9.99101E-05 9.99101E-05
9.99101E-05 9.99101E-05 9.99101E-05 9.99101E-05 9.99101E-05 9.99101E-05 0.999001 9.99101E-05 9.99101E-05 9.99101E-05 9.99101E-05
0.0734422 0.162459 0.0034322 0.198013 0.0610353 0.0569009 0.0795702 0.0711421 0.0650411 0.168673 0.0602913
0.0390579 0.0374107 0.0408036 0.145804 0.0652676 0.0711461 0.0467749 0.0555607 0.046212 0.106944 0.345018
0.0102713 0.00745665 9.9991E-05 0.00992371 0.00724968 0.0290209 0.00867518 0.0176633 0.0073226 0.895965 0.00635138
9.99101E-05 9.99101E-05 9.99101E-05 9.99101E-05 9.99101E-05 9.99101E-05 9.99101E-05 9.99101E-05 9.99101E-05 9.99101E-05 0.999001
0.0110267 0.0310547 0.0129976 0.0523794 0.0122985 0.0303193 0.0310474 0.0114773 0.005407 0.779897 0.0220954
9.99191E-05 9.99191E-05 9.99191E-05 9.99191E-05 0.998431 9.99191E-05 0.000669509 9.99191E-05 9.99191E-05 9.99191E-05 9.99191E-05
9.99101E-05 9.99101E-05 9.99101E-05 9.99101E-05 0.999001 9.99101E-05 9.99101E-05 9.99101E-05 9.99101E-05 9.99101E-05 9.99101E-05
9.99101E-05 9.99101E-05 9.99101E-05 9.99101E-05 9.99101E-05 0.999001 9.99101E-05 9.99101E-05 9.99101E-05 9.99101E-05 9.99101E-05
0.0201224 0.0599375 0.0361062 0.0563539 0.034435 0.571058 0.0299302 0.0389831 0.0251855 0.0907625 0.0371258
0.838177 0.0118987 0.00860756 0.0246051 0.00843792 0.0211551 0.00994592 0.0138087 0.0172994 0.0276036 0.0184606
9.99101E-05 9.99101E-05 9.99101E-05 9.99101E-05 9.99101E-05 9.99101E-05 9.99101E-05 9.99101E-05 0.999001 9.99101E-05 9.99101E-05
9.99101E-05 9.99101E-05 0.999001 9.99101E-05 9.99101E-05 9.99101E-05 9.99101E-05 9.99101E-05 9.99101E-05 9.99101E-05 9.99101E-05
0.0181252 0.0316785 0.00702897 0.0237795 0.0326779 0.0630979 0.00540275 0.0297434 0.739516 0.0336471 0.015303
9.9928E-05 0.792641 0.198214 9.9928E-05 0.00834599 9.9928E-05 9.9928E-05 9.9928E-05 9.9928E-05 9.9928E-05 9.9928E-05
0.0404962 0.100752 0.038094 0.421919 0.0499599 0.0232104 0.030618 0.025556 0.0354433 0.125191 0.108761
9.99101E-05 9.99101E-05 9.99101E-05 9.99101E-05 9.99101E-05 9.99101E-05 9.99101E-05 0.999001 9.99101E-05 9.99101E-05 9.99101E-05
0.0462074 0.162484 0.0212514 0.175605 0.0449763 0.0790928 0.115907 0.0662102 0.0628061 0.147986 0.0774731
0.0407978 0.0615558 0.0307157 0.396364 0.0435007 0.0349062 0.0493771 0.0603967 0.0404135 0.139319 0.102653
0.0364195 0.0665402 9.9991E-05 0.617244 0.0266649 0.0391061 0.0259511 0.0340119 0.0231086 0.107016 0.0238381
0.0146595 0.0158685 0.0108886 0.80733 0.0259778 0.00864495 0.015951 0.0278697 0.0229252 0.027999 0.0218861
0.0289416 0.0798487 0.0358738 0.0964309 0.036035 0.0411672 0.540094 0.0235166 0.042427 0.0439074 0.0317578
0.0743547 0.166501 0.00779062 0.192639 0.0585094 0.0527898 0.0880028 0.0746658 0.0634562 0.162409 0.0588824
0.0234254 9.9991E-05 0.000946708 0.0108024 0.010773 0.0262351 0.0153346 0.0225774 0.00450176 0.0577468 0.827557
9.9973E-05 0.00308309 0.00452435 9.9973E-05 0.00847418 0.0120022 9.9973E-05 0.0120193 0.0123847 0.940922 0.00628994
9.99837E-05 0.00684011 0.00863096 9.99837E-05 0.00537757 0.00620808 0.0114956 0.0101112 0.0134374 0.00666791 0.931031
9.99101E-05 9.99101E-05 9.99101E-05 9.99101E-05 9.99101E-05 9.99101E-05 9.99101E-05 9.99101E-05 9.99101E-05 0.999001 9.99101E-05
9.9973E-05 0.00581329 0.00580732 9.9973E-05 0.940282 0.0224169 0.0169796 0.00340633 9.9973E-05 0.00318079 0.00181339
9.99101E-05 9.99101E-05 9.99101E-05 9.99101E-05 0.999001 9.99101E-05 9.99101E-05 9.99101E-05 9.99101E-05 9.99101E-05 9.99101E-05
9.99101E-05 9.99101E-05 9.99101E-05 9.99101E-05 9.99101E-05 0.999001 9.99101E-05 9.99101E-05 9.99101E-05 9.99101E-05 9.99101E-05
9.9973E-05 0.00156506 9.9973E-05 9.9973E-05 0.00112261 0.920353 0.0198297 0.0131088 0.00761083 0.0241041 0.0120055
0.995727 9.9928E-05 0.00206082 9.9928E-05 0.00141325 9.9928E-05 9.9928E-05 9.9928E-05 9.9928E-05 9.9928E-05 9.9928E-05
9.99101E-05 9.99101E-05 9.99101E-05 9.99101E-05 9.99101E-05 9.99101E-05 9.99101E-05 9.99101E-05 0.999001 9.99101E-05 9.99101E-05
9.99101E-05 9.99101E-05 0.999001 9.99101E-05 9.99101E-05 9.99101E-05 9.99101E-05 9.99101E-05 9.99101E-05 9.99101E-05 9.99101E-05
9.99101E-05 9.99101E-05 9.99101E-05 9.99101E-05 9.99101E-05 9.99101E-05 9.99101E-05 9.99101E-05 0.999001 9.99101E-05 9.99101E-05
9.9937E-05 0.797508 0.197857 0.000846059 0.00308921 9.9937E-05 9.9937E-05 9.9937E-05 9.9937E-05 9.9937E-05 9.9937E-05
0.0474793 0.15207 9.9991E-05 0.265503 0.0572406 0.0422782 0.0708176 0.0520136 0.0923323 0.16566 0.0545055
0.00937203 9.9937E-05 9.9937E-05 9.9937E-05 9.9937E-05 9.9937E-05 9.9937E-05 0.978915 0.00445403 0.00655919 9.9937E-05
0.0486004 0.166672 0.0227641 0.159894 0.0329561 0.0830314 0.113299 0.0799969 0.0647704 0.137924 0.0900916
0.0571727 0.0865676 0.045822 0.317074 0.0506316 0.0434321 0.0406897 0.0386288 0.0586141 0.152771 0.108596
0.0342603 0.0656843 0.00727713 0.65165 0.0311185 0.0366775 0.0346926 0.0233414 0.0112508 0.0974545 0.00659306
0.00333574 0.0298845 0.0133401 0.785 0.0119746 0.0134599 0.0270643 0.0117469 0.0118118 0.0449968 0.0473855
9.99101E-05 9.99101E-05 9.99101E-05 9.99101E-05 9.99101E-05 9.99101E-05 0.999001 9.99101E-05 9.99101E-05 9.99101E-05 9.99101E-05
0.0615454 0.141614 0.0286785 0.19873 0.0552995 0.0542636 0.0880805 0.062877 0.0816899 0.155708 0.0715136
0.020085 0.0110469 0.0037975 0.0157161 0.0241662 0.033288 0.0196417 0.0288687 0.00687388 0.0215031 0.815013
9.99101E-05 9.99101E-05 9.99101E-05 9.99101E-05 9.99101E-05 9.99101E-05 9.99101E-05 9.99101E-05 9.99101E-05 0.999001 9.99101E-05
9.99101E-05 9.99101E-05 9.99101E-05 9.99101E-05 9.99101E-05 9.99101E-05 9.99101E-05 9.99101E-05 9.99101E-05 9.99101E-05 0.999001
9.99101E-05 9.99101E-05 9.99101E-05 9.99101E-05 9.99101E-05 9.99101E-05 9.99101E-05 9.99101E-05 9.99101E-05 0.999001 9.99101E-05
9.9955E-05 9.9955E-05 0.00975177 9.9955E-05 0.959632 9.9955E-05 0.0119126 0.0042762 0.00252963 9.9955E-05 0.0113979
0.00455386 9.9928E-05 9.9928E-05 9.9928E-05 0.994395 9.9928E-05 9.9928E-05 9.9928E-05 0.00025183 9.9928E-05 9.9928E-05
9.99101E-05 9.99101E-05 9.99101E-05 9.99101E-05 9.99101E-05 0.999001 9.99101E-05 9.99101E-05 9.99101E-05 9.99101E-05 9.99101E-05
9.99101E-05 9.99101E-05 9.99101E-05 9.99101E-05 9.99101E-05 0.999001 9.99101E-05 9.99101E-05 9.99101E-05 9.99101E-05 9.99101E-05
0.977229 0.00142439 9.9955E-05 9.9955E-05 0.00380133 0.00465917 0.00198566 9.9955E-05 0.0104006 9.9955E-05 9.9955E-05
0.0011307 0.000959335 0.00456413 0.00776487 9.9973E-05 0.0143832 9.9973E-05 0.00301922 0.962858 0.00502013 9.9973E-05
0.0489702 0.276155 0.252266 0.0986669 0.0498217 0.0476217 0.0421127 0.0157593 0.0347287 0.0884637 0.0454346
0.00710844 0.0105546 0.00860403 0.0156963 9.9964E-05 9.9964E-05 0.0040311 0.0109071 0.942699 9.9964E-05 9.9964E-05
0.00392089 9.9946E-05 9.9946E-05 9.9946E-05 0.00577452 0.00119093 9.9946E-05 0.986313 0.00220119 9.9946E-05 9.9946E-05
0.024665 0.0766866 0.0514599 0.360005 0.0681042 0.036714 0.048925 0.0403295 0.0276895 0.128747 0.136674
0.0524991 0.170253 0.016497 0.161622 0.0450861 0.0774171 0.112995 0.0729662 0.0603721 0.137518 0.0927738
0.0688954 0.11478 0.0515092 0.272614 0.076008 0.0344813 0.0529666 0.0325577 0.0740925 0.144446 0.0776486
0.041549 0.0676143 0.00708087 0.674857 0.027038 0.0383506 0.0113737 0.0276305 0.0182182 0.0861883 9.9991E-05
0.0325878 0.0295883 0.0367897 0.664165 0.0229895 0.0152701 0.0410141 0.028359 0.0400905 0.0676858 0.0214604
9.99101E-05 0.999001 9.99101E-05 9.99101E-05 9.99101E-05 9.99101E-05 9.99101E-05 9.99101E-05 9.99101E-05 9.99101E-05 9.99101E-05
9.99101E-05 9.99101E-05 9.99101E-05 9.99101E-05 9.99101E-05 9.99101E-05 0.999001 9.99101E-05 9.99101E-05 9.99101E-05 9.99101E-05
0.0644533 0.199835 0.0138294 0.244142 0.0320975 0.0461586 0.0818723 0.0339107 0.0901047 0.146702 0.0468954
0.0185702 9.9973E-05 9.9973E-05 9.9973E-05 0.017444 0.0248889 0.0220089 0.0248406 0.000645739 0.0326027 0.858699
9.99101E-05 9.99101E-05 9.99101E-05 9.99101E-05 9.99101E-05 9.99101E-05 9.99101E-05 9.99101E-05 9.99101E-05 0.999001 9.99101E-05
9.99101E-05 9.99101E-05 9.99101E-05 9.99101E-05 9.99101E-05 9.99101E-05 9.99101E-05 9.99101E-05 9.99101E-05 9.99101E-05 0.999001
0.0056158 9.9937E-05 9.9937E-05 0.0089592 9.9937E-05 9.9937E-05 0.00229572 9.9937E-05 9.9937E-05 0.98243 9.9937E-05
9.99347E-05 9.99347E-05 9.99347E-05 9.99347E-05 0.993831 9.99347E-05 0.00497183 9.99347E-05 9.99347E-05 9.99347E-05 0.00039759
9.9955E-05 9.9955E-05 9.9955E-05 9.9955E-05 0.00330347 0.958713 0.0178149 0.0144659 0.00288294 0.00231981 9.9955E-05
0.999001 9.99101E-05 9.99101E-05 9.99101E-05 9.99101E-05 9.99101E-05 9.99101E-05 9.99101E-05 9.99101E-05 9.99101E-05 9.99101E-05
0.47912 0.0484333 0.0284468 0.114767 0.0535608 0.0619698 0.0288808 0.0318192 0.0310216 0.109141 0.0128395
0.0334081 0.206199 0.209039 0.154837 0.0638586 0.0643122 0.0383579 0.0367579 0.0359569 0.116117 0.0411552
9.99101E-05 9.99101E-05 9.99101E-05 9.99101E-05 9.99101E-05 9.99101E-05 9.99101E-05 9.99101E-05 0.999001 9.99101E-05 9.99101E-05
9.99101E-05 9.99101E-05 0.999001 9.99101E-05 9.99101E-05 9.99101E-05 9.99101E-05 9.99101E-05 9.99101E-05 9.99101E-05 9.99101E-05
0.0126005 0.0117562 0.00654563 0.0280077 0.0149192 0.0236094 0.0161279 0.00967876 0.851896 0.0109787 0.0138803
9.99101E-05 9.99101E-05 9.99101E-05 9.99101E-05 9.99101E-05 9.99101E-05 9.99101E-05 0.999001 9.99101E-05 9.99101E-05 9.99101E-05
0.0510788 0.0644127 0.0455989 0.319572 0.0503433 0.0581704 0.0664341 0.0425758 0.0490306 0.135002 0.117782
0.0456312 0.121443 0.0442379 0.170539 0.0536707 0.0863236 0.0958084 0.0586072 0.0731383 0.152439 0.0981619
0.0498271 0.0805624 0.0438001 0.3037 0.062201 0.0495467 0.0728524 0.0559089 0.0596505 0.131688 0.0902627
0.0346612 0.0308547 0.0323936 0.726243 0.0111019 0.0097247 0.0411133 0.0154116 0.0148503 0.0435719 0.0400735
9.9973E-05 0.00116512 0.0173341 0.927267 0.0146966 0.00272178 0.00202291 0.0200031 0.0144891 9.9973E-05 9.9973E-05
9.99101E-05 0.999001 9.99101E-05 9.99101E-05 9.99101E-05 9.99101E-05 9.99101E-05 9.99101E-05 9.99101E-05 9.99101E-05 9.99101E-05
0.0155064 0.00435038 0.0101266 0.0235596 0.0164283 0.0247076 0.85233 0.0088786 0.0112324 0.0100419 0.0228381
0.0621703 0.199455 0.00130244 0.246152 0.0333082 0.0352495 0.0870093 0.0468771 0.0904541 0.159788 0.0382338
0.0281266 0.0112965 0.00538562 0.0194459 0.0305136 0.0285985 0.0190502 0.0282704 0.016284 0.0234541 0.789574
9.99101E-05 9.99101E-05 9.99101E-05 9.99101E-05 9.99101E-05 9.99101E-05 9.99101E-05 9.99101E-05 9.99101E-05 0.999001 9.99101E-05
9.99101E-05 9.99101E-05 9.99101E-05 9.99101E-05 9.99101E-05 9.99101E-05 9.99101E-05 9.99101E-05 9.99101E-05 9.99101E-05 0.999001
9.99101E-05 9.99101E-05 9.99101E-05 9.99101E-05 0.999001 9.99101E-05 9.99101E-05 9.99101E-05 9.99101E-05 9.99101E-05 9.99101E-05
