9.99101E-05 9.99101E-05 9.99101E-05 9.99101E-05 9.99101E-05 9.99101E-05 9.99101E-05 9.99101E-05 0.999001 9.99101E-05 9.99101E-05
9.9964E-05 0.948738 9.9964E-05 0.0024927 0.00312737 9.9964E-05 0.0160253 0.0151982 0.00673765 0.00728048 9.9964E-05
9.9955E-05 0.950519 0.00064871 0.00546247 9.9955E-05 9.9955E-05 0.0179814 0.0098364 9.9955E-05 0.0150526 9.9955E-05
0.999001 9.99101E-05 9.99101E-05 9.99101E-05 9.99101E-05 9.99101E-05 9.99101E-05 9.99101E-05 9.99101E-05 9.99101E-05 9.99101E-05
0.999001 9.99101E-05 9.99101E-05 9.99101E-05 9.99101E-05 9.99101E-05 9.99101E-05 9.99101E-05 9.99101E-05 9.99101E-05 9.99101E-05
0.0445825 0.0604713 0.0182442 0.12835 0.0621867 0.30869 0.0902728 0.0382232 0.0618443 0.0975131 0.0896222
9.99101E-05 9.99101E-05 9.99101E-05 9.99101E-05 0.999001 9.99101E-05 9.99101E-05 9.99101E-05 9.99101E-05 9.99101E-05 9.99101E-05
9.99101E-05 9.99101E-05 9.99101E-05 9.99101E-05 9.99101E-05 0.999001 9.99101E-05 9.99101E-05 9.99101E-05 9.99101E-05 9.99101E-05
0.0284898 0.0359341 0.094419 0.433842 0.0484229 0.0218257 0.071032 0.0326422 0.0514738 0.126872 0.0550464
9.9946E-05 0.000944111 0.00222816 9.9946E-05 0.000892597 9.9946E-05 9.9946E-05 0.989598 9.9946E-05 9.9946E-05 0.00573728
0.0670291 0.0473829 0.0906325 0.283235 0.0500205 0.0322461 0.117185 0.0563348 0.0722249 0.131556 0.0521521
0.0481758 0.0889719 0.0882717 0.15587 0.0746718 0.042653 0.198789 0.0618127 0.0418587 0.148607 0.0503187
9.99369E-05 9.99369E-05 9.99369E-05 0.983025 0.00392748 0.0076813 9.99369E-05 9.99369E-05 0.00466634 9.99369E-05 9.99369E-05
9.99101E-05 9.99101E-05 9.99101E-05 0.999001 9.99101E-05 9.99101E-05 9.99101E-05 9.99101E-05 9.99101E-05 9.99101E-05 9.99101E-05
0.0126875 0.0173475 0.00747753 0.141961 0.532061 9.9991E-05 0.141918 0.0409075 0.000539899 0.0676908 0.0373087
9.99101E-05 9.99101E-05 9.99101E-05 9.99101E-05 9.99101E-05 9.99101E-05 0.999001 9.99101E-05 9.99101E-05 9.99101E-05 9.99101E-05
9.9946E-05 0.0193495 9.9946E-05 9.9946E-05 0.00276127 9.9946E-05 0.954945 9.9946E-05 9.9946E-05 0.00595134 0.016393
0.0641664 0.0750629 0.0467643 0.209279 0.0800307 0.0317736 0.179036 0.0448964 0.0568399 0.163526 0.0486258
0.0159809 0.0386562 0.787679 0.00171825 0.00862029 9.9991E-05 0.051007 0.030805 0.0351517 0.0264298 0.00385185
0.0415098 0.0352026 0.0475571 0.00296645 0.0289705 0.0168075 0.0415908 0.0240229 0.023208 0.718027 0.0201377
9.9946E-05 0.00484991 0.976311 9.9946E-05 0.00882028 0.00560085 0.00381801 9.9946E-05 9.9946E-05 9.9946E-05 9.9946E-05
0.0153704 9.9964E-05 0.00333232 0.0266634 9.9964E-05 9.9964E-05 0.00725405 9.9964E-05 0.00317576 0.931111 0.0126934
0.00863939 0.00250965 9.9955E-05 0.0186454 0.0120704 9.9955E-05 9.9955E-05 9.9955E-05 0.919214 0.0384214 9.9955E-05
9.99101E-05 0.999001 9.99101E-05 9.99101E-05 9.99101E-05 9.99101E-05 9.99101E-05 9.99101E-05 9.99101E-05 9.99101E-05 9.99101E-05
0.00487127 0.908867 9.9973E-05 0.00754739 0.00928083 9.9973E-05 0.024321 0.0123976 0.0175382 0.0148773 9.9973E-05
0.999001 9.99101E-05 9.99101E-05 9.99101E-05 9.99101E-05 9.99101E-05 9.99101E-05 9.99101E-05 9.99101E-05 9.99101E-05 9.99101E-05
9.9928E-05 9.9928E-05 9.9928E-05 9.9928E-05 0.996368 0.00162841 9.9928E-05 9.9928E-05 0.00120419 9.9928E-05 9.9928E-05
9.99101E-05 9.99101E-05 9.99101E-05 9.99101E-05 9.99101E-05 0.999001 9.99101E-05 9.99101E-05 9.99101E-05 9.99101E-05 9.99101E-05
0.00819939 0.00736578 0.00938683 0.00124014 0.918445 0.00344829 0.0205507 0.00501428 0.00703652 0.00658951 0.0127235
0.00156395 0.00282923 0.0047403 9.9973E-05 0.0055226 0.975845 0.000373619 9.9973E-05 0.00734337 9.9973E-05 0.00148212
0.0342692 0.0171989 0.0976891 0.48667 0.0244661 0.0205551 0.0698772 0.00432625 0.0426939 0.142393 0.0598615
9.99101E-05 9.99101E-05 9.99101E-05 9.99101E-05 9.99101E-05 9.99101E-05 9.99101E-05 0.999001 9.99101E-05 9.99101E-05 9.99101E-05
0.0665421 0.100851 0.091079 0.185755 0.103352 0.0405698 0.11666 0.0570174 0.0797573 0.108843 0.0495734
9.99143E-05 9.99143E-05 9.99143E-05 0.999001 9.99143E-05 9.99143E-05 9.99143E-05 9.99143E-05 9.99143E-05 9.99143E-05 9.99143E-05
9.99101E-05 9.99101E-05 9.99101E-05 0.999001 9.99101E-05 9.99101E-05 9.99101E-05 9.99101E-05 9.99101E-05 9.99101E-05 9.99101E-05
0.0500791 0.0387861 0.0548228 0.251445 0.0507031 0.0186744 0.240619 0.0542172 0.0551646 0.156918 0.0285705
9.99101E-05 9.99101E-05 9.99101E-05 9.99101E-05 9.99101E-05 9.99101E-05 0.999001 9.99101E-05 9.99101E-05 9.99101E-05 9.99101E-05
0.0392163 0.0146751 0.0604603 0.0938174 0.0428703 0.0317963 0.504047 0.036769 0.0323841 0.104023 0.0399418
9.9946E-05 9.9946E-05 0.00445767 9.9946E-05 9.9946E-05 0.00241862 9.9946E-05 0.0125801 9.9946E-05 0.963246 0.0166979
9.99101E-05 9.99101E-05 0.999001 9.99101E-05 9.99101E-05 9.99101E-05 9.99101E-05 9.99101E-05 9.99101E-05 9.99101E-05 9.99101E-05
0.0342622 0.0339107 0.0340619 0.0305564 0.016849 0.0141226 0.0547909 0.0201 0.0305354 0.709058 0.0217525
9.99101E-05 9.99101E-05 9.99101E-05 9.99101E-05 9.99101E-05 9.99101E-05 9.99101E-05 9.99101E-05 0.999001 9.99101E-05 9.99101E-05
0.0121865 9.9955E-05 9.9955E-05 0.0144324 0.0034001 9.9955E-05 9.9955E-05 0.00203523 0.943275 0.0241713 9.9955E-05
9.99101E-05 0.999001 9.99101E-05 9.99101E-05 9.99101E-05 9.99101E-05 9.99101E-05 9.99101E-05 9.99101E-05 9.99101E-05 9.99101E-05
0.0065674 0.871091 0.00737342 0.017028 0.0116559 0.0118132 0.0352461 0.00492115 0.0153208 0.0188831 9.9991E-05
0.999001 9.99101E-05 9.99101E-05 9.99101E-05 9.99101E-05 9.99101E-05 9.99101E-05 9.99101E-05 9.99101E-05 9.99101E-05 9.99101E-05
9.99101E-05 9.99101E-05 9.99101E-05 9.99101E-05 0.999001 9.99101E-05 9.99101E-05 9.99101E-05 9.99101E-05 9.99101E-05 9.99101E-05
9.9955E-05 0.00188668 0.00260347 9.9955E-05 0.00426503 9.9955E-05 9.9955E-05 9.9955E-05 0.00309171 0.0116555 0.975998
9.99101E-05 9.99101E-05 9.99101E-05 9.99101E-05 0.999001 9.99101E-05 9.99101E-05 9.99101E-05 9.99101E-05 9.99101E-05 9.99101E-05
9.99101E-05 9.99101E-05 9.99101E-05 9.99101E-05 9.99101E-05 9.99101E-05 9.99101E-05 9.99101E-05 9.99101E-05 9.99101E-05 0.999001
0.0368719 0.0268447 0.0926372 0.441663 0.0521076 0.0299884 0.0735143 0.0217291 0.0546659 0.121403 0.0485754
0.0132162 9.9937E-05 9.9937E-05 9.9937E-05 0.000195291 0.00410865 9.9937E-05 0.98178 9.9937E-05 9.9937E-05 9.9937E-05
0.0487385 0.0390656 0.105029 0.316517 0.051356 0.0379392 0.0944639 0.0447012 0.0474012 0.169928 0.04486
0.0138051 0.00512075 9.99459E-05 0.964099 9.99459E-05 0.0119286 9.99459E-05 9.99459E-05 0.00444705 9.99459E-05 9.99459E-05
9.99101E-05 9.99101E-05 9.99101E-05 0.999001 9.99101E-05 9.99101E-05 9.99101E-05 9.99101E-05 9.99101E-05 9.99101E-05 9.99101E-05
0.0661254 0.0524081 0.0555948 0.205882 0.073018 0.0110043 0.205525 0.0760162 0.0559111 0.138429 0.060086
9.99101E-05 9.99101E-05 9.99101E-05 9.99101E-05 9.99101E-05 9.99101E-05 0.999001 9.99101E-05 9.99101E-05 9.99101E-05 9.99101E-05
0.0416519 0.0672808 0.394657 0.151554 0.0470914 0.0306984 0.0727049 0.0469587 0.0398945 0.0894663 0.0180422
0.012501 0.029015 0.0183654 9.9991E-05 0.0238839 0.0105245 0.0255456 0.0227823 0.0155342 0.840821 0.00092676
9.99101E-05 9.99101E-05 0.999001 9.99101E-05 9.99101E-05 9.99101E-05 9.99101E-05 9.99101E-05 9.99101E-05 9.99101E-05 9.99101E-05
9.99101E-05 9.99101E-05 9.99101E-05 9.99101E-05 9.99101E-05 9.99101E-05 9.99101E-05 9.99101E-05 9.99101E-05 0.999001 9.99101E-05
9.9937E-05 0.0127585 0.00183276 9.9937E-05 9.9937E-05 9.9937E-05 0.000459087 9.9937E-05 0.98425 9.9937E-05 9.9937E-05
0.0133421 0.00136315 9.9964E-05 0.0166792 0.0035468 9.9964E-05 9.9964E-05 0.00318874 0.943895 0.0175855 9.9964E-05
9.99101E-05 0.999001 9.99101E-05 9.99101E-05 9.99101E-05 9.99101E-05 9.99101E-05 9.99101E-05 9.99101E-05 9.99101E-05 9.99101E-05
0.0292961 0.552194 0.0389525 0.0737341 0.0301342 0.0434335 0.0650365 0.036377 0.0292802 0.0799793 0.0215826
0.952737 9.9973E-05 0.00387351 0.00969158 9.9973E-05 0.0064433 0.0105456 0.00727926 0.00902978 9.9973E-05 9.9973E-05
9.9955E-05 0.000943256 9.9955E-05 9.9955E-05 0.974931 0.00454579 9.9955E-05 0.00179363 0.0149528 0.00233407 9.9955E-05
0.0020558 0.015713 0.0174538 0.0041793 9.9973E-05 0.93536 9.9973E-05 0.00539613 0.00995665 0.00958561 9.9973E-05
0.00957795 0.0167519 0.00866771 0.0154352 0.845574 0.00755838 0.0151049 0.0269906 0.0206823 0.0318102 0.00184695
9.99101E-05 9.99101E-05 9.99101E-05 9.99101E-05 9.99101E-05 9.99101E-05 9.99101E-05 9.99101E-05 9.99101E-05 9.99101E-05 0.999001
0.0503514 0.0360674 0.0890471 0.385047 0.0486266 0.0380341 0.0895699 0.0304285 0.0520826 0.125637 0.0551083
9.99101E-05 9.99101E-05 9.99101E-05 9.99101E-05 9.99101E-05 9.99101E-05 9.99101E-05 0.999001 9.99101E-05 9.99101E-05 9.99101E-05
0.0606273 0.0530162 0.102075 0.368742 0.0451906 0.0251046 0.0969056 0.0577221 0.0575882 0.107415 0.0256136
0.027476 0.0333639 0.0224785 0.643161 0.0381257 0.0290962 0.0608033 0.0179563 0.036272 0.0846357 0.00663127
9.99101E-05 9.99101E-05 9.99101E-05 0.999001 9.99101E-05 9.99101E-05 9.99101E-05 9.99101E-05 9.99101E-05 9.99101E-05 9.99101E-05
0.0017819 0.00530155 0.00651786 0.00966616 0.00407747 9.9982E-05 0.932974 0.00128791 0.010592 9.9982E-05 0.0276017
0.0555363 0.0515971 0.0400017 0.217822 0.0722727 0.00894749 0.206345 0.080188 0.0559523 0.162389 0.048949
0.0420559 0.0737772 0.346777 0.155998 0.0460351 0.0406521 0.0771186 0.045853 0.0649752 0.0944143 0.0123436
9.9982E-05 0.0164048 0.006664 9.9982E-05 0.00205336 0.0125697 0.00810171 0.0121709 0.00634482 0.921541 0.0139495
9.99101E-05 9.99101E-05 0.999001 9.99101E-05 9.99101E-05 9.99101E-05 9.99101E-05 9.99101E-05 9.99101E-05 9.99101E-05 9.99101E-05
0.0172699 0.0318081 0.0159464 0.0573134 0.00386179 0.0182368 0.043355 0.00513494 0.0221758 0.763893 0.0210046
9.99101E-05 9.99101E-05 9.99101E-05 9.99101E-05 9.99101E-05 9.99101E-05 9.99101E-05 9.99101E-05 0.999001 9.99101E-05 9.99101E-05
9.99101E-05 9.99101E-05 9.99101E-05 9.99101E-05 9.99101E-05 9.99101E-05 9.99101E-05 9.99101E-05 0.999001 9.99101E-05 9.99101E-05
9.99101E-05 0.999001 9.99101E-05 9.99101E-05 9.99101E-05 9.99101E-05 9.99101E-05 9.99101E-05 9.99101E-05 9.99101E-05 9.99101E-05
0.0291736 0.56955 0.0431585 0.0507774 0.0397717 0.0342302 0.0641063 0.03473 0.02473 0.0822517 0.0275206
0.840216 0.0161807 0.0235561 0.016644 0.0187584 0.0131884 0.00972575 0.0157855 0.0130078 0.0238213 0.00911571
9.99101E-05 9.99101E-05 9.99101E-05 9.99101E-05 0.999001 9.99101E-05 9.99101E-05 9.99101E-05 9.99101E-05 9.99101E-05 9.99101E-05
9.99101E-05 9.99101E-05 9.99101E-05 9.99101E-05 9.99101E-05 0.999001 9.99101E-05 9.99101E-05 9.99101E-05 9.99101E-05 9.99101E-05
0.0242028 0.0202236 0.0214413 0.034012 0.739125 0.015888 0.0236787 0.0252355 0.0282588 0.0561395 0.0117952
9.99101E-05 9.99101E-05 9.99101E-05 9.99101E-05 9.99101E-05 9.99101E-05 9.99101E-05 9.99101E-05 9.99101E-05 9.99101E-05 0.999001
0.0314363 0.021214 0.104851 0.439661 0.0418748 0.0421479 0.0628241 0.0266828 0.0427518 0.138434 0.0481216
9.99101E-05 9.99101E-05 9.99101E-05 9.99101E-05 9.99101E-05 9.99101E-05 9.99101E-05 0.999001 9.99101E-05 9.99101E-05 9.99101E-05
0.0468445 0.0728697 0.0736725 0.172727 0.0574202 0.0193881 0.223263 0.0684798 0.048161 0.142338 0.0748361
0.0452486 0.0295202 0.101954 0.411061 0.0358881 0.0339832 0.0866295 0.0587935 0.041052 0.12266 0.0332096
0.0324507 0.0363542 0.0176211 0.637631 0.0162263 0.00205842 0.0850251 0.0168928 0.0328298 0.0934859 0.0294247
0.0259271 0.00610989 0.0195352 0.804991 0.0241418 9.9991E-05 0.0303684 0.025909 0.026254 0.0305912 0.00607214
0.0307558 0.0376638 0.0247451 0.0941302 0.0401691 0.0375857 0.563928 0.0313668 0.0318567 0.0581743 0.0496241
0.0717004 0.0512972 0.0450427 0.20447 0.0712877 0.0306307 0.198172 0.0676257 0.0540053 0.159915 0.0458532
0.0192007 0.0199914 0.819477 0.0112529 0.00315638 0.00912437 0.02954 0.0262921 0.0184043 0.0434614 9.9991E-05
9.9955E-05 9.9955E-05 9.9955E-05 9.9955E-05 0.00878274 9.9955E-05 0.00652267 0.015679 0.00262367 0.953359 0.0125332
9.9955E-05 0.0134753 0.938947 0.0106823 0.0145176 0.0102869 9.9955E-05 9.9955E-05 0.011591 9.9955E-05 9.9955E-05
0.00447407 9.9919E-05 9.9919E-05 9.9919E-05 9.9919E-05 9.9919E-05 9.9919E-05 9.9919E-05 9.9919E-05 0.994627 9.9919E-05
9.9955E-05 0.0162847 0.0117286 9.9955E-05 9.9955E-05 0.0042795 0.0179128 9.9955E-05 0.942354 9.9955E-05 0.00694103
9.99101E-05 9.99101E-05 9.99101E-05 9.99101E-05 9.99101E-05 9.99101E-05 9.99101E-05 9.99101E-05 0.999001 9.99101E-05 9.99101E-05
9.99101E-05 0.999001 9.99101E-05 9.99101E-05 9.99101E-05 9.99101E-05 9.99101E-05 9.99101E-05 9.99101E-05 9.99101E-05 9.99101E-05
0.00411389 0.925002 0.00121749 9.9973E-05 0.00544068 0.00103541 0.0342583 0.00643341 9.9973E-05 0.0221984 9.9973E-05
0.999001 9.99101E-05 9.99101E-05 9.99101E-05 9.99101E-05 9.99101E-05 9.99101E-05 9.99101E-05 9.99101E-05 9.99101E-05 9.99101E-05
9.99101E-05 9.99101E-05 9.99101E-05 9.99101E-05 0.999001 9.99101E-05 9.99101E-05 9.99101E-05 9.99101E-05 9.99101E-05 9.99101E-05
9.99101E-05 9.99101E-05 9.99101E-05 9.99101E-05 9.99101E-05 0.999001 9.99101E-05 9.99101E-05 9.99101E-05 9.99101E-05 9.99101E-05
9.99101E-05 9.99101E-05 9.99101E-05 9.99101E-05 0.999001 9.99101E-05 9.99101E-05 9.99101E-05 9.99101E-05 9.99101E-05 9.99101E-05
9.99101E-05 9.99101E-05 9.99101E-05 9.99101E-05 9.99101E-05 9.99101E-05 9.99101E-05 9.99101E-05 9.99101E-05 9.99101E-05 0.999001
0.0413889 0.0442086 0.0398529 0.271899 0.0859609 0.0084552 0.203214 0.0637068 0.0515117 0.150947 0.038855
9.9946E-05 9.9946E-05 9.9946E-05 0.0134292 0.00495196 9.9946E-05 0.00190953 0.977516 9.9946E-05 9.9946E-05 0.00159379
0.0481755 0.0819619 0.0841755 0.159369 0.0605301 0.0201517 0.218682 0.0617619 0.0410222 0.14007 0.0841001
0.0570194 0.0462391 0.0977069 0.331837 0.0678094 0.0223674 0.0900986 0.0391712 0.0401348 0.135525 0.0720916
0.0380959 0.0235615 0.00205468 0.658732 0.0148569 0.00258599 0.0918294 0.0176678 0.032972 0.0889258 0.0287181
0.0111301 0.0197746 0.0340053 0.767474 0.0264125 9.9991E-05 0.0475031 0.0146701 0.0192802 0.0397158 0.0199339
9.9928E-05 0.00208761 9.9928E-05 9.9928E-05 9.9928E-05 9.9928E-05 0.979836 9.9928E-05 9.9928E-05 9.9928E-05 0.017277
0.0538001 0.0611252 0.0498271 0.227219 0.0985505 0.0227291 0.203484 0.0625976 0.0584053 0.141194 0.0210693
0.0185031 0.0346444 0.814537 0.0137351 0.0109866 0.00530164 0.0242177 0.0161341 0.0217668 0.0252172 0.0149558
9.99101E-05 9.99101E-05 9.99101E-05 9.99101E-05 9.99101E-05 9.99101E-05 9.99101E-05 9.99101E-05 9.99101E-05 0.999001 9.99101E-05
9.99101E-05 9.99101E-05 0.999001 9.99101E-05 9.99101E-05 9.99101E-05 9.99101E-05 9.99101E-05 9.99101E-05 9.99101E-05 9.99101E-05
0.000414756 9.9928E-05 9.9928E-05 0.0124793 9.9928E-05 9.9928E-05 9.9928E-05 9.9928E-05 9.9928E-05 0.986307 9.9928E-05
9.9964E-05 0.00869627 0.00142228 9.9964E-05 0.00304544 0.0093891 0.0122423 0.0101335 0.954671 9.9964E-05 9.9964E-05
0.000379425 9.9919E-05 9.9919E-05 9.9919E-05 9.9919E-05 9.9919E-05 9.9919E-05 9.9919E-05 0.998721 9.9919E-05 9.9919E-05
9.99101E-05 0.999001 9.99101E-05 9.99101E-05 9.99101E-05 9.99101E-05 9.99101E-05 9.99101E-05 9.99101E-05 9.99101E-05 9.99101E-05
9.99101E-05 0.999001 9.99101E-05 9.99101E-05 9.99101E-05 9.99101E-05 9.99101E-05 9.99101E-05 9.99101E-05 9.99101E-05 9.99101E-05
0.965039 0.00991493 0.00627571 0.0046453 9.9964E-05 0.000950627 9.9964E-05 9.9964E-05 0.00874632 9.9964E-05 0.00402787
0.0096502 0.00212478 0.00275598 9.9964E-05 0.977482 0.00151402 0.00377301 9.9964E-05 9.9964E-05 9.9964E-05 0.00230036
0.0601954 0.0399828 0.0458658 0.0816361 0.0363906 0.172265 0.0841703 0.00740658 0.0431363 0.0990222 0.329929
0.00821713 0.00962159 9.9955E-05 0.000910719 0.965489 0.00539542 9.9955E-05 0.00986621 9.9955E-05 9.9955E-05 9.9955E-05
0.00094752 0.00095904 0.00124243 9.9955E-05 9.9955E-05 9.9955E-05 9.9955E-05 0.984804 0.00769243 0.00385505 9.9955E-05
0.0350756 0.0508189 0.127206 0.370791 0.0361984 0.047998 0.0793573 0.0379396 0.0563836 0.12384 0.0343916
0.0531325 0.0824364 0.0929803 0.150669 0.0616686 0.0198109 0.220388 0.0685509 0.0387447 0.135712 0.0759057
0.0663304 0.030571 0.072428 0.283881 0.0649452 0.0551203 0.136852 0.0504966 0.0657281 0.119882 0.053766
0.0421797 0.0296165 9.9991E-05 0.67383 0.0211174 0.0129925 0.0665905 0.0129321 0.0328848 0.0787752 0.028981
0.0383417 0.0269004 0.0259022 0.635635 0.0450927 0.0419987 0.0683012 0.0202633 0.0204727 0.0590357 0.0180569
9.99101E-05 9.99101E-05 9.99101E-05 9.99101E-05 9.99101E-05 9.99101E-05 0.999001 9.99101E-05 9.99101E-05 9.99101E-05 9.99101E-05
9.9919E-05 9.9919E-05 9.9919E-05 9.9919E-05 9.9919E-05 9.9919E-05 0.97593 9.9919E-05 9.9919E-05 9.9919E-05 0.0231711
0.0562044 0.050285 0.0385159 0.255573 0.0877744 0.0074204 0.228795 0.0388378 0.0394072 0.147637 0.0495495
0.0176804 0.0261881 0.846687 9.9991E-05 0.00117241 0.00820812 0.0324467 0.0171235 0.0243471 0.0253952 0.000651671
9.99101E-05 9.99101E-05 9.99101E-05 9.99101E-05 9.99101E-05 9.99101E-05 9.99101E-05 9.99101E-05 9.99101E-05 0.999001 9.99101E-05
9.99101E-05 9.99101E-05 0.999001 9.99101E-05 9.99101E-05 9.99101E-05 9.99101E-05 9.99101E-05 9.99101E-05 9.99101E-05 9.99101E-05
0.00727425 9.99281E-05 9.99281E-05 0.00290218 9.99281E-05 9.99281E-05 9.99281E-05 9.99281E-05 9.99281E-05 0.989024 9.99281E-05
9.99101E-05 9.99101E-05 9.99101E-05 9.99101E-05 9.99101E-05 9.99101E-05 9.99101E-05 9.99101E-05 0.999001 9.99101E-05 9.99101E-05
9.9955E-05 0.962257 9.9955E-05 9.9955E-05 0.00636166 9.9955E-05 0.0126293 0.00644589 0.00337509 0.00843144 9.9955E-05
0.999001 9.99101E-05 9.99101E-05 9.99101E-05 9.99101E-05 9.99101E-05 9.99101E-05 9.99101E-05 9.99101E-05 9.99101E-05 9.99101E-05
0.475341 0.0591802 0.0151199 0.13413 0.0348359 0.0325831 0.0524311 0.0153308 0.0430946 0.127351 0.0106029
0.0398977 0.0617499 0.0391216 0.148464 0.0381097 0.162468 0.11048 0.0382887 0.0610548 0.111717 0.188648
9.99101E-05 9.99101E-05 9.99101E-05 9.99101E-05 0.999001 9.99101E-05 9.99101E-05 9.99101E-05 9.99101E-05 9.99101E-05 9.99101E-05
9.99101E-05 9.99101E-05 9.99101E-05 9.99101E-05 9.99101E-05 0.999001 9.99101E-05 9.99101E-05 9.99101E-05 9.99101E-05 9.99101E-05
0.0156509 0.0238231 0.00495675 0.0182031 0.865238 0.0175605 0.0162071 0.0118489 0.0145192 0.0112957 0.000696857
9.99101E-05 9.99101E-05 9.99101E-05 9.99101E-05 9.99101E-05 9.99101E-05 9.99101E-05 0.999001 9.99101E-05 9.99101E-05 9.99101E-05
0.0447259 0.0523565 0.119253 0.333756 0.0428722 0.0404629 0.105096 0.0325087 0.0460183 0.141451 0.0415003
0.0442591 0.0832937 0.0924429 0.158727 0.0704493 0.0398778 0.213452 0.0526395 0.0505045 0.142608 0.0517457
0.0337907 0.0472047 0.0846708 0.339768 0.0617381 0.0406962 0.12765 0.0536216 0.0655557 0.12586 0.0194451
0.0416126 0.0051738 0.0315958 0.700481 0.0146922 0.0447816 0.0695892 0.0227398 0.00897484 0.0602595 9.9991E-05
9.9973E-05 0.00469712 9.9973E-05 0.917179 0.0103092 0.0204787 0.00378489 0.021811 0.0161996 9.9973E-05 0.00524093
9.99101E-05 9.99101E-05 9.99101E-05 9.99101E-05 9.99101E-05 9.99101E-05 0.999001 9.99101E-05 9.99101E-05 9.99101E-05 9.99101E-05
0.0265399 0.0332522 0.0175329 0.0188877 0.0216836 0.0124009 0.795054 0.011864 0.0213656 0.0141546 0.0272645
0.0590613 0.0375966 0.0305391 0.262869 0.0762076 0.0117387 0.241383 0.0521277 0.0263379 0.140911 0.0612276
0.0227886 0.0324567 0.786993 0.0174587 0.0105073 0.0228766 0.0310596 0.032682 0.0245721 0.018505 9.9991E-05
9.99101E-05 9.99101E-05 9.99101E-05 9.99101E-05 9.99101E-05 9.99101E-05 9.99101E-05 9.99101E-05 9.99101E-05 0.999001 9.99101E-05
9.99101E-05 9.99101E-05 0.999001 9.99101E-05 9.99101E-05 9.99101E-05 9.99101E-05 9.99101E-05 9.99101E-05 9.99101E-05 9.99101E-05
9.99101E-05 9.99101E-05 9.99101E-05 9.99101E-05 9.99101E-05 9.99101E-05 9.99101E-05 9.99101E-05 0.999001 9.99101E-05 9.99101E-05
