9.999E-05 9.999E-05 0.9998
0.992274 9.9991E-05 0.00762634
0.9998 9.999E-05 9.999E-05
0.991715 0.00551948 0.00276534
0.982883 0.00751329 0.00960325
0.840807 0.0795569 0.0796365
9.999E-05 0.9998 9.999E-05
0.991191 9.9991E-05 0.00870882
0.822877 0.103846 0.0732768
0.949802 0.0265659 0.0236321
0.84391 0.0906267 0.0654634
0.830743 0.102131 0.0671258
0.846589 0.104454 0.0489572
0.871964 0.0979709 0.0300647
0.417154 0.563794 0.0190523
0.921092 0.052836 0.0260721
0.934622 0.0477294 0.0176487
0.811346 0.116874 0.0717802
0.979512 9.9991E-05 0.0203885
0.852722 0.0887429 0.0585348
0.9998 9.999E-05 9.999E-05
0.892213 0.0731238 0.0346635
0.0579064 0.0142457 0.927848
0.9998 9.999E-05 9.999E-05
0.981376 0.00430869 0.0143154
0.983428 0.00659498 0.00997744
9.999E-05 0.9998 9.999E-05
0.986302 9.9991E-05 0.0135984
0.0672362 0.932664 9.9991E-05
0.979841 0.00714591 0.0130131
0.850415 0.088111 0.061474
0.959933 0.0230246 0.0170426
0.760502 0.13019 0.109308
0.844149 0.109103 0.0467476
0.864434 0.107467 0.0280996
0.847497 0.0882261 0.0642771
0.926785 0.0430039 0.0302113
0.852873 0.0892484 0.057879
0.888577 0.0732893 0.038134
0.9998 9.999E-05 9.999E-05
0.855061 0.0725617 0.0723773
9.999E-05 9.999E-05 0.9998
0.0249044 0.0153604 0.959735
0.9998 9.999E-05 9.999E-05
0.991602 0.00290156 0.00549678
0.970107 0.0205098 0.00938329
9.999E-05 0.9998 9.999E-05
0.915647 0.0421091 0.0422438
9.999E-05 0.9998 9.999E-05
0.913607 0.0409226 0.0454708
0.836093 0.0986895 0.0652178
0.963013 0.0211182 0.0158686
0.840044 0.093643 0.0663134
0.842871 0.0992323 0.057897
0.860338 0.0875618 0.0521002
0.823216 0.10369 0.073094
0.941995 0.0426731 0.0153315
0.894424 0.0631432 0.0424327
0.872766 0.0786528 0.0485813
0.9998 9.999E-05 9.999E-05
0.893271 0.0651558 0.0415731
0.00254642 9.9991E-05 0.997354
0.0349112 0.00773818 0.957351
0.9998 9.999E-05 9.999E-05
0.929979 0.0377696 0.0322517
0.956329 0.0242703 0.0194003
0.0146662 0.977742 0.00759189
0.986954 9.9991E-05 0.0129462
0.13344 0.84891 0.0176498
0.920679 0.0359922 0.0433285
0.836586 0.0942101 0.0692036
0.948025 0.0262449 0.0257302
0.845655 0.0854127 0.0689322
0.828037 0.11001 0.0619539
0.876679 0.0978283 0.0254924
0.926507 0.0541984 0.0192946
0.818005 0.1072 0.0747955
0.870018 0.0654853 0.0644968
0.884144 0.0768507 0.0390052
0.9998 9.999E-05 9.999E-05
0.875687 0.0675568 0.0567565
9.999E-05 9.999E-05 0.9998
9.999E-05 9.999E-05 0.9998
0.9998 9.999E-05 9.999E-05
0.923929 0.0354291 0.0406419
0.945328 0.0452387 0.00943324
9.999E-05 0.9998 9.999E-05
0.992775 9.9991E-05 0.00712512
0.216798 0.749931 0.0332704
0.921677 0.0319159 0.0464068
0.842463 0.087884 0.0696529
0.948795 0.0313404 0.0198649
0.849267 0.0960253 0.0547073
0.862015 0.0788417 0.0591438
0.840964 0.0862141 0.0728216
0.825971 0.104299 0.0697304
0.864895 0.0784854 0.0566193
0.811205 0.107211 0.0815836
0.997934 9.9991E-05 0.00196646
0.871888 0.0818475 0.0462642
0.996438 0.00346218 9.9991E-05
0.892088 0.0851006 0.0228113
0.052091 9.9991E-05 0.947809
9.999E-05 9.999E-05 0.9998
0.9998 9.999E-05 9.999E-05
0.993136 9.9991E-05 0.00676411
0.975496 0.00940854 0.0150956
9.999E-05 0.9998 9.999E-05
0.999518 9.9991E-05 0.000381986
9.999E-05 0.9998 9.999E-05
0.925303 0.0344041 0.0402924
0.795776 0.132167 0.0720571
0.932683 0.0430481 0.0242691
0.856668 0.0888751 0.0544573
0.82904 0.0980908 0.0728688
0.854971 0.0833262 0.0617032
0.848099 0.103742 0.0481595
0.943232 0.0390832 0.0176846
0.815847 0.113149 0.0710042
0.993628 9.9991E-05 0.00627195
0.894864 0.0673585 0.0377775
0.9998 9.999E-05 9.999E-05
0.906839 0.0684795 0.0246816
0.0297079 0.00502207 0.96527
9.999E-05 9.999E-05 0.9998
0.996675 9.9991E-05 0.00322451
0.9998 9.999E-05 9.999E-05
0.959491 0.02374 0.0167685
0.0174912 0.982409 9.9991E-05
0.878964 0.0569882 0.0640474
0.0318188 0.964341 0.00384046
0.945084 0.0309263 0.0239897
0.847002 0.074429 0.0785686
0.848582 0.100536 0.0508816
0.80889 0.107277 0.0838332
0.842645 0.0905808 0.0667744
0.82975 0.112617 0.0576326
0.939584 0.0405741 0.0198422
0.931315 0.048239 0.0204462
0.831796 0.118673 0.0495313
0.9998 9.999E-05 9.999E-05
0.89752 0.0723844 0.0300957
0.9998 9.999E-05 9.999E-05
0.888795 0.0771872 0.0340173
9.999E-05 9.999E-05 0.9998
0.994476 9.9991E-05 0.00542367
0.976816 0.0176316 0.00555272
0.873894 0.0633764 0.0627297
0.856803 0.0674391 0.0757582
9.999E-05 0.9998 9.999E-05
0.997541 9.9991E-05 0.00235895
0.119387 0.868211 0.0124016
0.969989 0.0119526 0.0180589
0.857199 0.0842009 0.0586006
0.837437 0.101417 0.0611463
0.825124 0.098941 0.075935
0.861386 0.09087 0.0477438
0.829139 0.110192 0.0606694
0.944694 0.0386857 0.0166205
0.900287 0.0570056 0.0427077
0.824763 0.129973 0.0452637
0.979871 0.0132396 0.0068894
0.907182 0.0637038 0.0291139
0.9998 9.999E-05 9.999E-05
9.999E-05 9.999E-05 0.9998
