9.996E-05 0.9995 9.996E-05 9.996E-05 9.996E-05 9.996E-05
9.9982E-05 0.00544308 0.954167 9.9982E-05 0.0320409 0.00814878
9.99739E-05 9.99739E-05 0.959979 9.99739E-05 0.0372421 0.00247854
9.996E-05 9.996E-05 9.996E-05 9.996E-05 0.9995 9.996E-05
9.996E-05 9.996E-05 9.996E-05 9.996E-05 0.9995 9.996E-05
0.0479215 0.077007 0.0839418 0.443553 0.276554 0.0710234
9.996E-05 9.996E-05 9.996E-05 9.996E-05 9.996E-05 0.9995
9.996E-05 9.996E-05 9.996E-05 0.9995 9.996E-05 9.996E-05
0.138007 0.0903589 0.0758936 0.132189 0.470737 0.0928149
9.9964E-05 9.9964E-05 0.0389473 9.9964E-05 0.960653 9.9964E-05
0.125082 0.0816464 0.083309 0.127281 0.465853 0.116829
0.123448 0.0727712 0.113776 0.136275 0.441919 0.111811
0.0682505 0.0496343 0.0460624 0.0928031 0.640994 0.102256
0.110043 0.0276596 0.0307129 0.0672331 0.661086 0.103265
0.0337125 0.0222538 0.0400316 0.036352 0.300494 0.567156
0.0932229 0.0254201 0.0793624 0.118161 0.632241 0.0515921
0.0809095 0.0236743 0.107667 0.141061 0.594862 0.0518265
0.0949938 0.0781325 0.0984501 0.112028 0.497966 0.118429
0.805059 0.0354495 0.0450207 0.0129866 0.0962723 0.00521189
0.100433 0.0570991 0.0661012 0.0874821 0.612945 0.0759397
0.996354 9.9973E-05 9.9973E-05 9.9973E-05 0.000333521 0.00301231
0.0948353 0.0374567 0.0482018 0.0772392 0.685405 0.056862
9.999E-05 0.927701 0.0025401 0.00565458 0.0452669 0.0187376
9.996E-05 9.996E-05 0.9995 9.996E-05 9.996E-05 9.996E-05
9.9982E-05 0.00984403 0.920422 9.9982E-05 0.0621599 0.00737391
9.996E-05 9.996E-05 9.996E-05 9.996E-05 0.9995 9.996E-05
9.996E-05 9.996E-05 9.996E-05 9.996E-05 9.996E-05 0.9995
9.996E-05 9.996E-05 9.996E-05 0.9995 9.996E-05 9.996E-05
0.00647621 0.0102102 0.0137581 0.00644095 0.0316649 0.93145
9.996E-05 9.996E-05 9.996E-05 0.9995 9.996E-05 9.996E-05
0.155033 0.0693086 0.0472335 0.141709 0.489333 0.097383
9.9964E-05 9.9964E-05 0.0151293 9.9964E-05 0.984471 9.9964E-05
0.121922 0.0899932 0.104982 0.130711 0.430145 0.122247
0.0890184 0.0431914 0.0334131 0.0959838 0.641891 0.0965023
0.0977281 0.0334878 0.0374932 0.0762713 0.65966 0.0953594
0.120185 0.0760149 0.0768114 0.0942504 0.540315 0.0924238
0.110572 0.0318523 0.0696982 0.112118 0.630923 0.0448372
0.109684 0.0492355 0.0673214 0.153084 0.527932 0.0927431
0.0861699 0.0400209 0.0648428 0.0847818 0.657615 0.0665699
0.9995 9.996E-05 9.996E-05 9.996E-05 9.996E-05 9.996E-05
0.106554 0.0600929 0.0695103 0.0887289 0.601783 0.073331
9.996E-05 0.9995 9.996E-05 9.996E-05 9.996E-05 9.996E-05
0.00662605 0.958109 0.0076053 9.9982E-05 0.0274601 9.9982E-05
9.996E-05 9.996E-05 0.9995 9.996E-05 9.996E-05 9.996E-05
0.00454185 0.0170964 0.880987 0.0207087 0.0652498 0.0114164
9.996E-05 9.996E-05 9.996E-05 9.996E-05 0.9995 9.996E-05
9.996E-05 9.996E-05 9.996E-05 9.996E-05 9.996E-05 0.9995
0.0182227 0.0362381 0.0368315 0.654119 0.220269 0.0343199
9.996E-05 9.996E-05 9.996E-05 9.996E-05 9.996E-05 0.9995
0.00145394 0.0416342 0.0419404 0.67208 0.208531 0.0343605
0.154553 0.0876697 0.0516833 0.121242 0.48125 0.103602
9.9964E-05 9.9964E-05 0.0306587 9.9964E-05 0.968941 9.9964E-05
0.149485 0.0758551 0.0695145 0.120286 0.493977 0.0908825
0.081642 0.0481305 0.0506607 0.0938619 0.629524 0.0961807
0.110929 0.0502856 0.0427515 0.0866469 0.630675 0.0787111
0.0977107 0.0736367 0.0903731 0.121103 0.526352 0.0908241
0.102341 0.0209522 0.0778392 0.121181 0.626223 0.0514635
0.433489 0.0563371 0.0787138 0.0760528 0.290052 0.0653549
0.0924872 0.0438425 0.0880193 0.0850702 0.61688 0.073701
0.9995 9.996E-05 9.996E-05 9.996E-05 9.996E-05 9.996E-05
0.0717158 0.0405765 0.0593626 0.0600659 0.720032 0.0482474
0.000967769 0.996884 0.00184869 9.9973E-05 9.9973E-05 9.9973E-05
9.9982E-05 0.959677 0.00256402 9.9982E-05 0.0293817 0.00817743
9.996E-05 9.996E-05 0.9995 9.996E-05 9.996E-05 9.996E-05
0.0634583 0.0413158 0.578223 0.0710015 0.207987 0.0380138
9.996E-05 9.996E-05 9.996E-05 9.996E-05 0.9995 9.996E-05
9.9982E-05 0.00875663 0.000731239 0.0071227 9.9982E-05 0.983189
0.000137619 9.9973E-05 0.00153646 0.998026 9.9973E-05 9.9973E-05
0.0123048 0.0184512 0.0202058 0.0262096 0.0669915 0.855837
0.00779899 0.0298433 0.023014 0.693926 0.201865 0.0435528
0.156257 0.0900448 0.0596044 0.126019 0.4776 0.0904749
9.9964E-05 9.9964E-05 0.0178294 9.9964E-05 0.981771 9.9964E-05
0.15424 0.0850177 0.0752807 0.117549 0.486914 0.0809986
0.103409 0.063762 0.0681745 0.102754 0.552522 0.109379
0.108065 0.0251969 0.0307856 0.0823278 0.664883 0.0887414
0.0786122 0.0194846 0.107996 0.138573 0.601715 0.0536196
0.0896582 0.0843057 0.0945261 0.0939644 0.540157 0.0973887
0.38431 0.0742745 0.0858765 0.0937415 0.302116 0.0596816
0.0886417 0.0424849 0.0684072 0.0950472 0.633402 0.0720174
0.9995 9.996E-05 9.996E-05 9.996E-05 9.996E-05 9.996E-05
0.0946112 0.0510309 0.0772452 0.0862245 0.63076 0.0601281
9.996E-05 0.9995 9.996E-05 9.996E-05 9.996E-05 9.996E-05
9.996E-05 0.9995 9.996E-05 9.996E-05 9.996E-05 9.996E-05
9.996E-05 9.996E-05 0.9995 9.996E-05 9.996E-05 9.996E-05
0.0467251 0.0389805 0.577842 0.0709839 0.219707 0.0457605
0.0142812 0.00207319 9.9991E-05 0.00990423 0.963835 0.00980651
9.996E-05 9.996E-05 9.996E-05 9.996E-05 9.996E-05 0.9995
9.996E-05 9.996E-05 9.996E-05 0.9995 9.996E-05 9.996E-05
0.0231661 0.0438903 0.0407197 0.025841 0.114268 0.752115
0.00364818 0.030381 0.025642 0.694791 0.214159 0.0313785
0.152387 0.0865596 0.0437736 0.137891 0.487458 0.0919303
9.99639E-05 9.99639E-05 0.0141501 9.99639E-05 0.98545 9.99639E-05
0.125339 0.0592215 0.101702 0.120866 0.496018 0.0968536
0.143753 0.0730434 0.0638719 0.112017 0.533931 0.073383
0.0862967 0.0554496 0.084864 0.0776283 0.613445 0.082316
0.10198 0.0631764 0.0451404 0.0888608 0.600648 0.100194
0.0852453 0.0510103 0.118418 0.159109 0.512123 0.0740946
0.0991849 0.0793857 0.0770748 0.110999 0.543359 0.0899964
0.839067 0.017037 0.0330946 0.0104022 0.0824497 0.0179494
0.0792634 0.0432779 0.0645497 0.0885626 0.655504 0.0688422
0.942086 0.00975297 0.0125287 0.0122503 0.00661658 0.0167659
0.0911167 0.0316416 0.0374936 0.0717475 0.708163 0.0598375
0.0139476 0.952487 0.00525035 0.0121817 0.0160336 9.9991E-05
9.996E-05 0.9995 9.996E-05 9.996E-05 9.996E-05 9.996E-05
9.996E-05 9.996E-05 0.9995 9.996E-05 9.996E-05 9.996E-05
9.9982E-05 0.0174596 0.921603 9.9982E-05 0.0555636 0.00517404
9.996E-05 9.996E-05 9.996E-05 9.996E-05 0.9995 9.996E-05
9.996E-05 9.996E-05 9.996E-05 9.996E-05 9.996E-05 0.9995
9.996E-05 9.996E-05 9.996E-05 0.9995 9.996E-05 9.996E-05
9.996E-05 9.996E-05 9.996E-05 9.996E-05 9.996E-05 0.9995
9.9991E-05 0.0306551 0.0276263 0.70651 0.211466 0.0236425
0.104819 0.0786176 0.0659456 0.0798357 0.541342 0.12944
9.9973E-05 0.0048967 0.023826 9.9973E-05 0.970977 9.9973E-05
0.132533 0.0523477 0.112447 0.122278 0.481252 0.0991423
0.153697 0.0655298 0.0787949 0.118612 0.489122 0.0942443
0.0855318 0.0657859 0.0661596 0.092271 0.608309 0.0819428
0.112406 0.0467214 0.0561602 0.0927506 0.588482 0.10348
0.0719431 0.0118336 0.0974421 0.146429 0.628295 0.0440571
0.101599 0.0790152 0.104055 0.0969909 0.504754 0.113586
0.835245 0.023612 0.0329747 0.0166628 0.0914059 9.9991E-05
0.0725146 0.0345242 0.0741203 0.0665408 0.687537 0.0647633
0.9995 9.996E-05 9.996E-05 9.996E-05 9.996E-05 9.996E-05
0.0935251 0.0230095 0.0319529 0.0693122 0.713864 0.068336
0.0212822 0.960294 0.00799118 0.00287591 0.00200989 0.00554684
9.996E-05 0.9995 9.996E-05 9.996E-05 9.996E-05 9.996E-05
9.996E-05 9.996E-05 0.9995 9.996E-05 9.996E-05 9.996E-05
9.996E-05 9.996E-05 0.9995 9.996E-05 9.996E-05 9.996E-05
9.996E-05 9.996E-05 9.996E-05 9.996E-05 0.9995 9.996E-05
9.9991E-05 0.00610436 0.00474043 0.0205368 0.000329774 0.968189
0.0753615 0.0628916 0.0651691 0.457501 0.275249 0.0638279
0.00109658 0.00196765 9.9991E-05 0.00251812 0.0308836 0.963434
9.9973E-05 0.00743553 0.0258303 9.9973E-05 0.966434 9.9973E-05
0.189607 0.0857788 0.0725403 0.108117 0.467114 0.0768436
0.118426 0.0668964 0.108773 0.113701 0.494825 0.0973795
0.117805 0.091946 0.0660271 0.13693 0.479306 0.107986
0.0730388 0.0685428 0.0733682 0.0997042 0.606892 0.078454
0.0978749 0.0678655 0.0440431 0.106636 0.578153 0.105427
0.109993 0.0248555 0.0779705 0.108749 0.621976 0.0564563
0.0785881 0.0226689 0.0968149 0.155477 0.596341 0.0501097
0.0965002 0.0549757 0.0713689 0.095565 0.552849 0.128742
0.866924 0.0280648 0.0328601 0.00754027 0.064511 9.9991E-05
0.0727722 0.0332243 0.0657705 0.0557566 0.722232 0.050244
0.9995 9.996E-05 9.996E-05 9.996E-05 9.996E-05 9.996E-05
0.0839379 0.0390749 0.0328516 0.083778 0.692684 0.0676736
9.996E-05 0.9995 9.996E-05 9.996E-05 9.996E-05 9.996E-05
9.9973E-05 0.00475438 0.973083 9.9973E-05 0.0218632 9.9973E-05
9.996E-05 9.996E-05 9.996E-05 9.996E-05 0.9995 9.996E-05
0.030558 0.0571691 0.0567033 0.0550832 0.751172 0.0493141
0.0787684 0.0830338 0.0880367 0.347666 0.34352 0.0589753
9.996E-05 9.996E-05 9.996E-05 9.996E-05 9.996E-05 0.9995
9.996E-05 9.996E-05 9.996E-05 0.9995 9.996E-05 9.996E-05
0.0294215 0.0169983 0.0221777 0.0165271 0.0536085 0.861267
9.9964E-05 9.9964E-05 0.0104861 9.9964E-05 0.989114 9.9964E-05
0.176108 0.0680588 0.0921825 0.116395 0.465312 0.081944
0.133567 0.0656337 0.106541 0.138601 0.452129 0.103528
0.146744 0.0798257 0.0665894 0.1297 0.46921 0.107931
0.113997 0.0521348 0.0321609 0.116259 0.596613 0.088835
0.0853226 0.0532501 0.045572 0.110708 0.605733 0.0994144
0.0929274 0.0269526 0.0935942 0.123358 0.61907 0.0440975
0.0963289 0.0387564 0.105167 0.129289 0.561667 0.0687912
0.0946064 0.0531283 0.068058 0.104422 0.560302 0.119483
0.807767 0.025005 0.0365736 0.00155663 0.110536 0.0185618
0.0816029 0.0381632 0.0690397 0.0669017 0.695994 0.0482981
0.9995 9.996E-05 9.996E-05 9.996E-05 9.996E-05 9.996E-05
9.996E-05 0.9995 9.996E-05 9.996E-05 9.996E-05 9.996E-05
