9.99101E-05 0.999001 9.99101E-05 9.99101E-05 9.99101E-05 9.99101E-05 9.99101E-05 9.99101E-05 9.99101E-05 9.99101E-05 9.99101E-05
9.9955E-05 9.9955E-05 0.00309572 9.9955E-05 0.00332415 9.9955E-05 0.0120763 0.00953717 0.948398 9.9955E-05 0.0230694
9.9946E-05 0.000780218 9.9946E-05 0.00481249 9.9946E-05 9.9946E-05 9.9946E-05 0.0213083 0.95 9.9946E-05 0.0224993
9.99101E-05 9.99101E-05 9.99101E-05 9.99101E-05 9.99101E-05 0.999001 9.99101E-05 9.99101E-05 9.99101E-05 9.99101E-05 9.99101E-05
9.99101E-05 9.99101E-05 9.99101E-05 9.99101E-05 9.99101E-05 0.999001 9.99101E-05 9.99101E-05 9.99101E-05 9.99101E-05 9.99101E-05
0.315174 0.0625763 0.11246 0.0284614 0.0570656 0.0363572 0.0411721 0.0959346 0.0726032 0.0872144 0.0909807
9.99101E-05 9.99101E-05 9.99101E-05 9.99101E-05 0.999001 9.99101E-05 9.99101E-05 9.99101E-05 9.99101E-05 9.99101E-05 9.99101E-05
0.999001 9.99101E-05 9.99101E-05 9.99101E-05 9.99101E-05 9.99101E-05 9.99101E-05 9.99101E-05 9.99101E-05 9.99101E-05 9.99101E-05
0.0296208 0.0497019 0.456818 0.0960276 0.0567888 0.0344586 0.0302321 0.0966791 0.0305241 0.0380609 0.0810878
9.9946E-05 9.9946E-05 9.9946E-05 0.00329437 0.00428731 9.9946E-05 0.976446 9.9946E-05 0.0107753 0.00459719 9.9946E-05
0.0289576 0.0621152 0.271003 0.0975732 0.0528469 0.0778881 0.0507266 0.118904 0.0665461 0.0606607 0.112778
0.0451068 0.0582045 0.167994 0.0850631 0.0634479 0.042259 0.0607599 0.154572 0.0930139 0.0622154 0.167364
0.00405753 9.99189E-05 0.995043 9.99189E-05 9.99189E-05 9.99189E-05 9.99189E-05 9.99189E-05 9.99189E-05 9.99189E-05 9.99189E-05
9.99101E-05 9.99101E-05 0.999001 9.99101E-05 9.99101E-05 9.99101E-05 9.99101E-05 9.99101E-05 9.99101E-05 9.99101E-05 9.99101E-05
9.9982E-05 0.0134997 0.145934 9.9982E-05 0.532238 0.0135515 0.0260862 0.0666759 0.0272743 0.036862 0.137679
9.99101E-05 9.99101E-05 9.99101E-05 9.99101E-05 9.99101E-05 9.99101E-05 9.99101E-05 9.99101E-05 9.99101E-05 9.99101E-05 0.999001
9.9982E-05 9.9982E-05 0.0164404 0.00274002 0.00198804 0.00137582 0.00117174 0.000632326 0.0177316 0.00600921 0.951711
0.0225737 0.0598097 0.229382 0.0478527 0.0783595 0.0634007 0.0276948 0.178903 0.057108 0.0543329 0.180583
0.00836271 0.0250404 0.0170296 0.786966 0.0109916 0.0198583 0.0328336 0.0280149 0.0259916 9.9991E-05 0.044811
0.00775145 0.032235 0.0150001 0.0475098 0.0296119 0.0407485 0.0118819 0.72007 0.0404809 0.0236849 0.0310257
0.00588231 9.9955E-05 9.9955E-05 0.978061 0.00557688 9.9955E-05 9.9955E-05 0.000885298 0.0074051 9.9955E-05 0.00168925
0.00558756 0.00801923 0.0207272 0.0101344 9.9973E-05 0.0138313 9.9973E-05 0.938738 9.9973E-05 0.0011789 0.00148335
9.9964E-05 0.920134 0.0128826 9.9964E-05 0.0119866 0.0117903 0.00188544 0.0400866 9.9964E-05 0.000834234 9.9964E-05
9.99101E-05 9.99101E-05 9.99101E-05 9.99101E-05 9.99101E-05 9.99101E-05 9.99101E-05 9.99101E-05 0.999001 9.99101E-05 9.99101E-05
9.9964E-05 0.00766761 9.9964E-05 9.9964E-05 0.0145175 0.00552262 0.00989195 0.0172253 0.916942 9.9964E-05 0.0278329
9.99101E-05 9.99101E-05 9.99101E-05 9.99101E-05 9.99101E-05 0.999001 9.99101E-05 9.99101E-05 9.99101E-05 9.99101E-05 9.99101E-05
9.99101E-05 9.99101E-05 9.99101E-05 9.99101E-05 0.999001 9.99101E-05 9.99101E-05 9.99101E-05 9.99101E-05 9.99101E-05 9.99101E-05
0.999001 9.99101E-05 9.99101E-05 9.99101E-05 9.99101E-05 9.99101E-05 9.99101E-05 9.99101E-05 9.99101E-05 9.99101E-05 9.99101E-05
0.000470164 0.0142475 9.9991E-05 0.00724506 0.924189 0.00763205 0.0102432 0.00694198 0.00710731 0.0100512 0.0117728
0.978115 0.000637315 9.9964E-05 9.9964E-05 9.9964E-05 0.0024689 0.00170524 0.00649515 0.00907084 0.00110816 9.9964E-05
0.028982 0.0426434 0.502486 0.0966989 0.0251086 0.0338669 0.0157908 0.121512 0.0143176 0.0498953 0.0686983
9.99101E-05 9.99101E-05 9.99101E-05 9.99101E-05 9.99101E-05 9.99101E-05 0.999001 9.99101E-05 9.99101E-05 9.99101E-05 9.99101E-05
0.0402002 0.0845758 0.189002 0.0794663 0.0911765 0.0710382 0.0698271 0.12846 0.0935013 0.0535861 0.0991664
9.99101E-05 9.99101E-05 0.999001 9.99101E-05 9.99101E-05 9.99101E-05 9.99101E-05 9.99101E-05 9.99101E-05 9.99101E-05 9.99101E-05
9.99101E-05 9.99101E-05 0.999001 9.99101E-05 9.99101E-05 9.99101E-05 9.99101E-05 9.99101E-05 9.99101E-05 9.99101E-05 9.99101E-05
0.00756775 0.0509549 0.262167 0.051236 0.0397234 0.0347965 0.0548887 0.172181 0.0464738 0.0370765 0.242935
9.99101E-05 9.99101E-05 9.99101E-05 9.99101E-05 9.99101E-05 9.99101E-05 9.99101E-05 9.99101E-05 9.99101E-05 9.99101E-05 0.999001
0.0475357 0.0319625 0.102462 0.0608397 0.0428873 0.0324444 0.0215596 0.121142 0.0223264 0.0388261 0.478014
9.9946E-05 0.000294797 9.9946E-05 0.0135258 9.9946E-05 9.9946E-05 0.0093653 0.95769 9.9946E-05 0.0185245 9.9946E-05
9.99101E-05 9.99101E-05 9.99101E-05 0.999001 9.99101E-05 9.99101E-05 9.99101E-05 9.99101E-05 9.99101E-05 9.99101E-05 9.99101E-05
0.0169287 0.0396087 0.0705297 0.0313535 0.0108261 0.0227915 0.00791968 0.698159 0.0259815 0.021488 0.0544135
9.99101E-05 0.999001 9.99101E-05 9.99101E-05 9.99101E-05 9.99101E-05 9.99101E-05 9.99101E-05 9.99101E-05 9.99101E-05 9.99101E-05
9.9964E-05 0.950789 0.00976237 0.0043342 0.0147156 0.0126108 0.00364297 0.00374526 9.9964E-05 9.9964E-05 9.9964E-05
9.99101E-05 9.99101E-05 9.99101E-05 9.99101E-05 9.99101E-05 9.99101E-05 9.99101E-05 9.99101E-05 0.999001 9.99101E-05 9.99101E-05
0.0065577 0.0103816 0.00295183 0.0102787 0.0106738 9.9991E-05 0.0141205 0.021684 0.874821 0.0134765 0.034954
9.99101E-05 9.99101E-05 9.99101E-05 9.99101E-05 9.99101E-05 0.999001 9.99101E-05 9.99101E-05 9.99101E-05 9.99101E-05 9.99101E-05
9.9919E-05 9.9919E-05 9.9919E-05 0.00315961 0.995941 9.9919E-05 9.9919E-05 9.9919E-05 9.9919E-05 9.9919E-05 9.9919E-05
9.9964E-05 9.9964E-05 0.00298118 0.00382276 0.00116703 0.00273633 0.00692549 0.0075492 9.9964E-05 0.974418 9.9964E-05
9.99101E-05 9.99101E-05 9.99101E-05 9.99101E-05 0.999001 9.99101E-05 9.99101E-05 9.99101E-05 9.99101E-05 9.99101E-05 9.99101E-05
9.9928E-05 0.00298589 9.9928E-05 9.9928E-05 0.00319592 9.9928E-05 9.9928E-05 9.9928E-05 9.9928E-05 0.993019 9.9928E-05
0.040867 0.0562464 0.456809 0.0926713 0.046136 0.0449542 0.0254748 0.110414 0.0190093 0.0452663 0.0621512
0.00419309 0.00199147 9.9964E-05 0.000458825 0.00821069 9.9964E-05 0.980055 0.00218286 9.9964E-05 9.9964E-05 0.00250833
0.032927 0.0476878 0.337037 0.106699 0.0492981 0.0547234 0.0427953 0.155368 0.0379419 0.0483451 0.0871767
0.00587013 9.99369E-05 0.982856 9.99369E-05 9.99369E-05 0.00531255 9.99369E-05 9.99369E-05 0.00526214 9.99369E-05 9.99369E-05
9.99189E-05 9.99189E-05 0.995901 9.99189E-05 9.99189E-05 9.99189E-05 0.00319973 9.99189E-05 9.99189E-05 9.99189E-05 9.99189E-05
0.0210029 0.0541302 0.224789 0.0437136 0.0733276 0.0547336 0.0640581 0.147044 0.0492012 0.0595862 0.208413
9.99101E-05 9.99101E-05 9.99101E-05 9.99101E-05 9.99101E-05 9.99101E-05 9.99101E-05 9.99101E-05 9.99101E-05 9.99101E-05 0.999001
0.0322536 0.041559 0.158372 0.400554 0.0425552 0.0409623 0.0462438 0.0862797 0.071442 0.0192532 0.0605249
0.0116764 0.0132229 9.9991E-05 0.0251661 0.01463 0.0144692 0.0251747 0.831704 0.031123 0.0132044 0.0195292
9.99101E-05 9.99101E-05 9.99101E-05 0.999001 9.99101E-05 9.99101E-05 9.99101E-05 9.99101E-05 9.99101E-05 9.99101E-05 9.99101E-05
9.99101E-05 9.99101E-05 9.99101E-05 9.99101E-05 9.99101E-05 9.99101E-05 9.99101E-05 0.999001 9.99101E-05 9.99101E-05 9.99101E-05
9.9937E-05 0.986867 9.9937E-05 9.9937E-05 9.9937E-05 9.9937E-05 0.00430582 9.9937E-05 0.00322921 9.9937E-05 0.00489882
9.9964E-05 0.945988 0.0151769 0.00137499 0.00262673 0.0118236 9.9964E-05 0.0214816 0.00112785 9.9964E-05 9.9964E-05
9.99101E-05 9.99101E-05 9.99101E-05 9.99101E-05 9.99101E-05 9.99101E-05 9.99101E-05 9.99101E-05 0.999001 9.99101E-05 9.99101E-05
0.0352971 0.0276479 0.0732721 0.0378078 0.0266101 0.0321412 0.033561 0.0917135 0.563534 0.025321 0.0530945
9.9955E-05 0.0174918 9.9955E-05 0.0104625 0.00609872 0.957122 0.00201701 9.9955E-05 9.9955E-05 9.9955E-05 0.00630826
0.000919503 0.00872756 9.9955E-05 9.9955E-05 0.975901 9.9955E-05 0.00275822 9.9955E-05 9.9955E-05 0.00387401 0.00732042
0.938439 0.00836184 9.9964E-05 0.0154611 0.00746042 9.9964E-05 0.00317707 0.0103429 0.0163581 9.9964E-05 9.9964E-05
0.0165369 0.017726 0.0356585 0.00231515 0.842213 0.0100948 0.0239229 0.0127457 0.0200323 0.0126055 0.00614883
9.99101E-05 9.99101E-05 9.99101E-05 9.99101E-05 9.99101E-05 9.99101E-05 9.99101E-05 9.99101E-05 9.99101E-05 0.999001 9.99101E-05
0.046957 0.0522621 0.414327 0.0981324 0.043904 0.0436483 0.0326248 0.125992 0.0317968 0.0415172 0.0688385
9.99101E-05 9.99101E-05 9.99101E-05 9.99101E-05 9.99101E-05 9.99101E-05 0.999001 9.99101E-05 9.99101E-05 9.99101E-05 9.99101E-05
0.0350022 0.0674274 0.368433 0.105386 0.0418052 0.0516508 0.0591924 0.109986 0.0469129 0.0344718 0.0797329
0.0271424 0.0377043 0.650674 0.0324752 0.0361437 0.0212039 0.0131552 0.0966528 0.0232802 0.00288093 0.058687
9.99101E-05 9.99101E-05 0.999001 9.99101E-05 9.99101E-05 9.99101E-05 9.99101E-05 9.99101E-05 9.99101E-05 9.99101E-05 9.99101E-05
9.9982E-05 0.00495114 0.0217918 0.00601555 0.00427999 0.0035396 9.9982E-05 0.0104364 0.0119406 0.0119295 0.924915
0.0193052 0.054011 0.237861 0.0390148 0.0659772 0.0696738 0.0572699 0.136415 0.065882 0.06513 0.18946
0.0369238 0.053492 0.171723 0.352385 0.04028 0.0330396 0.0512745 0.0977907 0.0605605 0.0287742 0.073756
0.00143641 0.00374247 9.9991E-05 0.0185143 0.000769798 0.0086613 0.00498022 0.908866 0.0222875 0.0194977 0.0111439
9.99101E-05 9.99101E-05 9.99101E-05 0.999001 9.99101E-05 9.99101E-05 9.99101E-05 9.99101E-05 9.99101E-05 9.99101E-05 9.99101E-05
0.0190397 0.0102338 0.0668416 0.025406 0.0090024 0.0172933 0.00239551 0.761152 0.014673 0.0127402 0.0612222
9.99101E-05 0.999001 9.99101E-05 9.99101E-05 9.99101E-05 9.99101E-05 9.99101E-05 9.99101E-05 9.99101E-05 9.99101E-05 9.99101E-05
9.99101E-05 0.999001 9.99101E-05 9.99101E-05 9.99101E-05 9.99101E-05 9.99101E-05 9.99101E-05 9.99101E-05 9.99101E-05 9.99101E-05
9.99101E-05 9.99101E-05 9.99101E-05 9.99101E-05 9.99101E-05 9.99101E-05 9.99101E-05 9.99101E-05 0.999001 9.99101E-05 9.99101E-05
0.0342795 0.0337143 0.0643475 0.0263006 0.0272002 0.0303823 0.0385207 0.0851807 0.56922 0.0221221 0.0687323
0.0123755 0.00940948 0.0290343 0.0218631 0.0270786 0.845053 0.0136807 0.0335524 0.00775347 9.9982E-05 9.9982E-05
9.99101E-05 9.99101E-05 9.99101E-05 9.99101E-05 0.999001 9.99101E-05 9.99101E-05 9.99101E-05 9.99101E-05 9.99101E-05 9.99101E-05
0.999001 9.99101E-05 9.99101E-05 9.99101E-05 9.99101E-05 9.99101E-05 9.99101E-05 9.99101E-05 9.99101E-05 9.99101E-05 9.99101E-05
0.0247815 0.0372006 0.00777381 0.014732 0.745914 0.0103997 0.0311497 0.0438067 0.0475488 0.0140113 0.0226823
9.99101E-05 9.99101E-05 9.99101E-05 9.99101E-05 9.99101E-05 9.99101E-05 9.99101E-05 9.99101E-05 9.99101E-05 0.999001 9.99101E-05
0.0354283 0.0581405 0.473403 0.0989347 0.0311022 0.037639 0.0232058 0.105633 0.0264331 0.0402886 0.0697922
9.99101E-05 9.99101E-05 9.99101E-05 9.99101E-05 9.99101E-05 9.99101E-05 0.999001 9.99101E-05 9.99101E-05 9.99101E-05 9.99101E-05
0.0196227 0.0453583 0.165937 0.0833612 0.0561426 0.0594374 0.0616321 0.147919 0.0824314 0.0786925 0.199466
0.0301837 0.0477289 0.439367 0.102328 0.0379108 0.0470936 0.0523158 0.107271 0.0281252 0.0360189 0.0716568
9.999E-05 0.0314418 0.648718 0.0210614 0.0134636 0.0299965 0.0225908 0.102639 0.0323715 0.025627 0.0719906
0.00868893 0.0212923 0.817802 0.0162397 0.0157051 0.0236999 0.026403 0.025548 0.0130067 9.9991E-05 0.0315145
0.0368605 0.0320171 0.12027 0.0256394 0.0270486 0.035015 0.0290114 0.0533226 0.0478078 0.0341845 0.558823
0.017348 0.0525765 0.229231 0.039463 0.0609216 0.0811522 0.0522878 0.143842 0.0600031 0.0635092 0.199666
0.00477946 0.0187878 0.0200929 0.827329 9.9982E-05 0.0198576 0.0173648 0.0339318 0.029768 9.9982E-05 0.0278881
0.00281618 0.00927908 9.9982E-05 0.00255356 0.0169576 0.00122374 0.0141009 0.932739 0.000283183 0.0198469 9.9982E-05
9.9973E-05 0.00164591 9.9973E-05 0.936689 0.017324 9.9973E-05 0.00487912 0.0181699 0.00140306 0.0170751 0.00251441
9.99101E-05 9.99101E-05 9.99101E-05 9.99101E-05 9.99101E-05 9.99101E-05 9.99101E-05 0.999001 9.99101E-05 9.99101E-05 9.99101E-05
0.0110227 0.94196 9.9964E-05 0.00456824 9.9964E-05 9.9964E-05 9.9964E-05 0.00735588 0.0130392 0.00571018 0.0159442
9.99101E-05 0.999001 9.99101E-05 9.99101E-05 9.99101E-05 9.99101E-05 9.99101E-05 9.99101E-05 9.99101E-05 9.99101E-05 9.99101E-05
9.99101E-05 9.99101E-05 9.99101E-05 9.99101E-05 9.99101E-05 9.99101E-05 9.99101E-05 9.99101E-05 0.999001 9.99101E-05 9.99101E-05
0.00225589 0.00439469 0.00825209 0.00248391 0.00587709 0.00362944 0.00117511 0.0323981 0.911545 9.9991E-05 0.0278883
9.9919E-05 9.9919E-05 9.9919E-05 9.9919E-05 9.9919E-05 0.993993 9.9919E-05 9.9919E-05 9.9919E-05 0.00510782 9.9919E-05
9.99101E-05 9.99101E-05 9.99101E-05 9.99101E-05 0.999001 9.99101E-05 9.99101E-05 9.99101E-05 9.99101E-05 9.99101E-05 9.99101E-05
0.999001 9.99101E-05 9.99101E-05 9.99101E-05 9.99101E-05 9.99101E-05 9.99101E-05 9.99101E-05 9.99101E-05 9.99101E-05 9.99101E-05
9.99101E-05 9.99101E-05 9.99101E-05 9.99101E-05 0.999001 9.99101E-05 9.99101E-05 9.99101E-05 9.99101E-05 9.99101E-05 9.99101E-05
9.99101E-05 9.99101E-05 9.99101E-05 9.99101E-05 9.99101E-05 9.99101E-05 9.99101E-05 9.99101E-05 9.99101E-05 0.999001 9.99101E-05
0.00131661 0.0579861 0.281904 0.040525 0.0850688 0.050635 0.0475031 0.146593 0.0374849 0.0507442 0.200239
0.0066722 9.99511E-05 9.99511E-05 9.99511E-05 0.0043189 0.00495094 0.982968 0.00049042 9.99511E-05 9.99511E-05 9.99511E-05
0.00782926 0.038979 0.165393 0.0931177 0.0499614 0.0502602 0.0709479 0.145816 0.0744907 0.0885576 0.214648
0.0298078 0.0404227 0.33258 0.104789 0.0572355 0.0531042 0.0358909 0.146119 0.0577025 0.0646801 0.0776688
9.999E-05 0.0285038 0.670603 0.00981165 0.00125277 0.0323201 0.0112893 0.115883 0.0261963 0.0328023 0.0712375
9.999E-05 0.0170288 0.781567 0.0447341 0.0160449 0.00954851 0.0085861 0.0350729 0.0144199 0.0181343 0.0547635
9.9919E-05 9.9919E-05 9.9919E-05 9.9919E-05 9.9919E-05 9.9919E-05 9.9919E-05 9.9919E-05 9.9919E-05 0.0109958 0.988105
0.0172041 0.0569793 0.24711 0.0456408 0.0761374 0.0644164 0.0532568 0.151747 0.0777005 0.0331462 0.176661
0.0060851 0.0198816 0.0222228 0.817962 0.00357933 0.0250176 0.0336855 0.017131 0.0271242 0.014897 0.0124135
9.99101E-05 9.99101E-05 9.99101E-05 9.99101E-05 9.99101E-05 9.99101E-05 9.99101E-05 0.999001 9.99101E-05 9.99101E-05 9.99101E-05
9.99101E-05 9.99101E-05 9.99101E-05 0.999001 9.99101E-05 9.99101E-05 9.99101E-05 9.99101E-05 9.99101E-05 9.99101E-05 9.99101E-05
9.99101E-05 9.99101E-05 9.99101E-05 9.99101E-05 9.99101E-05 9.99101E-05 9.99101E-05 0.999001 9.99101E-05 9.99101E-05 9.99101E-05
0.00405058 0.956398 9.9964E-05 0.0139315 0.00325112 9.9964E-05 9.9964E-05 9.9964E-05 0.00638466 0.00220685 0.0133774
9.9928E-05 0.989857 0.00796056 9.9928E-05 9.9928E-05 9.9928E-05 9.9928E-05 0.0013827 9.9928E-05 9.9928E-05 9.9928E-05
9.99101E-05 9.99101E-05 9.99101E-05 9.99101E-05 9.99101E-05 9.99101E-05 9.99101E-05 9.99101E-05 0.999001 9.99101E-05 9.99101E-05
9.99101E-05 9.99101E-05 9.99101E-05 9.99101E-05 9.99101E-05 9.99101E-05 9.99101E-05 9.99101E-05 0.999001 9.99101E-05 9.99101E-05
9.9955E-05 0.00111487 9.9955E-05 9.9955E-05 0.000750844 0.972198 0.00391783 9.9955E-05 0.00861291 9.9955E-05 0.0129053
0.005527 9.9964E-05 0.0116908 0.000762797 0.974991 0.00316245 9.9964E-05 9.9964E-05 0.000830053 9.9964E-05 0.00263562
0.187687 0.0387222 0.0907303 0.0610289 0.0392305 0.0471726 0.0143448 0.0958896 0.0339925 0.322503 0.0686993
0.00497857 0.00170599 0.00534754 0.00478735 0.955385 0.000168273 0.00993546 9.9991E-05 0.00429743 0.00620905 0.00708577
9.9928E-05 0.00824486 9.9928E-05 9.9928E-05 9.9928E-05 9.9928E-05 0.987845 9.9928E-05 0.00311091 9.9928E-05 9.9928E-05
0.0550824 0.066483 0.38289 0.128759 0.0276444 0.026084 0.0506522 0.10624 0.0522576 0.0247717 0.0791359
0.0234409 0.0425297 0.155645 0.0843429 0.0584773 0.0583711 0.0678712 0.140363 0.086243 0.0745007 0.208215
0.0385939 0.0676858 0.292293 0.0721886 0.0593434 0.079083 0.0457376 0.136025 0.0311447 0.0710616 0.106843
9.9991E-05 0.032555 0.681715 0.00948271 0.00502749 0.0297907 0.0172364 0.0943535 0.0395557 0.0319609 0.0582229
0.0376779 0.0291716 0.666029 0.0282471 0.0322809 0.0309318 0.0313713 0.059595 0.0120029 0.0149859 0.0577068
9.99101E-05 9.99101E-05 9.99101E-05 9.99101E-05 9.99101E-05 9.99101E-05 9.99101E-05 9.99101E-05 9.99101E-05 9.99101E-05 0.999001
9.9946E-05 9.9946E-05 0.0122055 9.9946E-05 9.9946E-05 9.9946E-05 9.9946E-05 0.000274438 0.00430978 0.0110455 0.971565
0.0118099 0.0266076 0.266452 0.0420043 0.0812916 0.0597234 0.0380624 0.149662 0.0440784 0.0540194 0.226289
9.9982E-05 0.0130097 0.0102965 0.850145 0.000309442 0.0204557 0.0176419 0.0273745 0.035935 9.9982E-05 0.0246324
9.99101E-05 9.99101E-05 9.99101E-05 9.99101E-05 9.99101E-05 9.99101E-05 9.99101E-05 0.999001 9.99101E-05 9.99101E-05 9.99101E-05
9.99101E-05 9.99101E-05 9.99101E-05 0.999001 9.99101E-05 9.99101E-05 9.99101E-05 9.99101E-05 9.99101E-05 9.99101E-05 9.99101E-05
9.9937E-05 9.9937E-05 0.00591831 9.9937E-05 0.00469294 0.00254253 9.9937E-05 0.986147 9.9937E-05 9.9937E-05 9.9937E-05
9.99269E-05 0.997994 9.99269E-05 9.99269E-05 9.99269E-05 9.99269E-05 9.99269E-05 9.99269E-05 9.99269E-05 9.99269E-05 0.00110684
9.9946E-05 0.00380001 9.9946E-05 9.9946E-05 0.000811416 9.9946E-05 9.9946E-05 0.0113512 0.960001 9.9946E-05 0.0234371
9.99101E-05 9.99101E-05 9.99101E-05 9.99101E-05 9.99101E-05 0.999001 9.99101E-05 9.99101E-05 9.99101E-05 9.99101E-05 9.99101E-05
0.0204007 0.0449825 0.11044 0.0165409 0.0398284 0.49073 0.0206377 0.112103 0.0637691 0.0197773 0.0607906
0.162118 0.0649128 0.156191 0.0468301 0.037271 0.0350824 0.037106 0.11257 0.058442 0.188162 0.101315
9.99101E-05 9.99101E-05 9.99101E-05 9.99101E-05 0.999001 9.99101E-05 9.99101E-05 9.99101E-05 9.99101E-05 9.99101E-05 9.99101E-05
0.999001 9.99101E-05 9.99101E-05 9.99101E-05 9.99101E-05 9.99101E-05 9.99101E-05 9.99101E-05 9.99101E-05 9.99101E-05 9.99101E-05
0.0207723 0.0174623 0.019304 0.0195022 0.855261 0.0145961 0.0188696 0.00630268 0.0200539 9.9991E-05 0.00777572
9.99101E-05 9.99101E-05 9.99101E-05 9.99101E-05 9.99101E-05 9.99101E-05 0.999001 9.99101E-05 9.99101E-05 9.99101E-05 9.99101E-05
0.032707 0.0509085 0.361416 0.120604 0.0459445 0.0577719 0.0415952 0.120367 0.053454 0.0320507 0.0831809
0.045698 0.0584233 0.173571 0.0850074 0.0639787 0.0476413 0.0584748 0.16209 0.0804027 0.0544231 0.170289
0.0389755 0.0587165 0.357652 0.0797353 0.0517278 0.0519566 0.0488722 0.125443 0.0573419 0.0135864 0.115993
0.0329318 0.00837268 0.733509 0.0387735 0.0097442 0.0364702 0.0348231 0.0478809 9.9991E-05 0.00620507 0.0511893
0.0142933 0.0264734 0.899354 0.00512359 0.0137935 0.0027717 0.0204046 9.9991E-05 0.0059263 0.0112088 0.000550934
9.99101E-05 9.99101E-05 9.99101E-05 9.99101E-05 9.99101E-05 9.99101E-05 9.99101E-05 9.99101E-05 9.99101E-05 9.99101E-05 0.999001
0.00877698 0.0283417 0.0313203 0.029035 0.0235776 0.0215454 0.00251792 0.0266483 0.0354321 0.025198 0.767607
0.0116076 0.0340345 0.255002 0.0318291 0.0886376 0.0626137 0.0511904 0.128606 0.0422093 0.0504248 0.243845
0.013003 0.025789 0.0250582 0.783988 0.011295 0.0306809 0.0263304 0.0240345 0.0176476 9.9991E-05 0.0420735
9.99101E-05 9.99101E-05 9.99101E-05 9.99101E-05 9.99101E-05 9.99101E-05 9.99101E-05 0.999001 9.99101E-05 9.99101E-05 9.99101E-05
9.99101E-05 9.99101E-05 9.99101E-05 0.999001 9.99101E-05 9.99101E-05 9.99101E-05 9.99101E-05 9.99101E-05 9.99101E-05 9.99101E-05
9.99101E-05 0.999001 9.99101E-05 9.99101E-05 9.99101E-05 9.99101E-05 9.99101E-05 9.99101E-05 9.99101E-05 9.99101E-05 9.99101E-05
