9.99101E-05 0.999001 9.99101E-05 9.99101E-05 9.99101E-05 9.99101E-05 9.99101E-05 9.99101E-05 9.99101E-05 9.99101E-05 9.99101E-05
9.9973E-05 0.00950427 0.00185246 0.941193 0.016594 0.0161219 9.9973E-05 0.00956678 9.9973E-05 0.00294951 0.00191802
0.00238488 0.00156384 0.00394701 0.941046 0.0228262 0.00604281 9.9964E-05 0.0217891 9.9964E-05 9.9964E-05 9.9964E-05
9.99101E-05 9.99101E-05 9.99101E-05 9.99101E-05 9.99101E-05 9.99101E-05 9.99101E-05 9.99101E-05 9.99101E-05 0.999001 9.99101E-05
9.99101E-05 9.99101E-05 9.99101E-05 9.99101E-05 9.99101E-05 9.99101E-05 9.99101E-05 9.99101E-05 9.99101E-05 0.999001 9.99101E-05
0.0407245 0.0544905 0.0604448 0.0537335 0.109724 0.0302371 0.322232 0.0869988 0.090394 0.0343276 0.116692
9.99101E-05 9.99101E-05 0.999001 9.99101E-05 9.99101E-05 9.99101E-05 9.99101E-05 9.99101E-05 9.99101E-05 9.99101E-05 9.99101E-05
9.99101E-05 9.99101E-05 9.99101E-05 9.99101E-05 9.99101E-05 9.99101E-05 0.999001 9.99101E-05 9.99101E-05 9.99101E-05 9.99101E-05
0.0946057 0.07086 0.0545323 0.0297792 0.113357 0.0239477 0.0298256 0.0661613 0.0475369 0.037651 0.431744
9.9955E-05 9.9955E-05 0.00289423 0.0125654 9.9955E-05 0.971293 0.000573713 0.00299364 0.00918048 9.9955E-05 9.9955E-05
0.100975 0.0563688 0.0612808 0.0587886 0.128536 0.0499034 0.0256371 0.117355 0.0526954 0.0659603 0.2825
0.0881513 0.0499221 0.0827933 0.0875055 0.152255 0.0588522 0.0486582 0.165112 0.0498778 0.0502225 0.16665
9.99369E-05 0.000114768 0.000725452 9.99369E-05 9.99369E-05 9.99369E-05 0.00741635 9.99369E-05 9.99369E-05 9.99369E-05 0.991044
9.99101E-05 9.99101E-05 9.99101E-05 9.99101E-05 9.99101E-05 9.99101E-05 9.99101E-05 9.99101E-05 9.99101E-05 9.99101E-05 0.999001
9.9982E-05 0.011954 0.533093 0.00997757 0.0659968 0.0255034 9.9982E-05 0.134084 0.0456195 0.00882876 0.164743
9.99101E-05 9.99101E-05 9.99101E-05 9.99101E-05 9.99101E-05 9.99101E-05 9.99101E-05 0.999001 9.99101E-05 9.99101E-05 9.99101E-05
9.9973E-05 0.000478279 0.0020682 0.0201367 0.00473859 0.00125039 9.9973E-05 0.951804 0.0148639 0.00435982 9.9973E-05
0.0415604 0.0514205 0.0812511 0.0543567 0.183001 0.0212955 0.0340512 0.173481 0.0571477 0.0647584 0.237676
0.793826 0.0207819 0.0157724 0.0294421 0.0318895 0.0287492 0.00508058 0.031816 0.00637046 0.0225606 0.0137108
0.0482453 0.0277141 0.0300368 0.0324041 0.699888 0.0196104 0.0206531 0.0385713 0.0179334 0.0362644 0.0286795
0.989259 9.99429E-05 9.99429E-05 9.99429E-05 9.99429E-05 9.99429E-05 9.99429E-05 0.00138486 0.00780995 0.000846168 9.99429E-05
0.0047087 0.000245893 9.9973E-05 9.9973E-05 0.938362 9.9973E-05 0.00835837 0.00858787 0.00150455 0.0123842 0.0255487
0.00120049 0.920462 0.0202648 9.9973E-05 0.0348623 0.000660049 9.9973E-05 9.9973E-05 0.00187226 0.00482649 0.0155514
9.99101E-05 9.99101E-05 9.99101E-05 0.999001 9.99101E-05 9.99101E-05 9.99101E-05 9.99101E-05 9.99101E-05 9.99101E-05 9.99101E-05
9.9964E-05 0.00910414 0.0192223 0.91599 0.00948645 0.0205352 9.9964E-05 0.0177702 9.9964E-05 9.9964E-05 0.00749217
9.99101E-05 9.99101E-05 9.99101E-05 9.99101E-05 9.99101E-05 9.99101E-05 9.99101E-05 9.99101E-05 9.99101E-05 0.999001 9.99101E-05
9.99101E-05 9.99101E-05 0.999001 9.99101E-05 9.99101E-05 9.99101E-05 9.99101E-05 9.99101E-05 9.99101E-05 9.99101E-05 9.99101E-05
9.99101E-05 9.99101E-05 9.99101E-05 9.99101E-05 9.99101E-05 9.99101E-05 0.999001 9.99101E-05 9.99101E-05 9.99101E-05 9.99101E-05
0.000809011 0.00789465 0.926607 0.0143851 0.00935388 0.0171759 0.00544735 0.00887579 0.00788384 0.00146707 9.9991E-05
9.99587E-05 0.00713507 0.00130557 9.99587E-05 0.0212008 0.00326713 0.963564 0.00302716 9.99587E-05 9.99587E-05 9.99587E-05
0.0990787 0.044295 0.0304101 0.0127675 0.141175 0.00705133 0.0261324 0.0813568 0.0427459 0.0321107 0.482876
9.99101E-05 9.99101E-05 9.99101E-05 9.99101E-05 9.99101E-05 0.999001 9.99101E-05 9.99101E-05 9.99101E-05 9.99101E-05 9.99101E-05
0.101811 0.0645498 0.093719 0.0938713 0.120923 0.0680879 0.0477518 0.0940123 0.0552601 0.0709165 0.189098
9.99189E-05 9.99189E-05 0.000531406 9.99189E-05 9.99189E-05 9.99189E-05 9.99189E-05 9.99189E-05 9.99189E-05 9.99189E-05 0.998569
9.99101E-05 9.99101E-05 9.99101E-05 9.99101E-05 9.99101E-05 9.99101E-05 9.99101E-05 9.99101E-05 9.99101E-05 9.99101E-05 0.999001
0.0550117 0.0538219 0.0489185 0.0391222 0.163494 0.0362269 0.0222515 0.244582 0.0317464 0.041621 0.263204
9.99101E-05 9.99101E-05 9.99101E-05 9.99101E-05 9.99101E-05 9.99101E-05 9.99101E-05 0.999001 9.99101E-05 9.99101E-05 9.99101E-05
0.0526962 0.0333049 0.0456425 0.0173055 0.09 0.0355196 0.0261272 0.507021 0.0390548 0.0489734 0.104354
0.00768364 9.9946E-05 9.9946E-05 0.00863371 0.963375 0.0118344 9.9946E-05 9.9946E-05 0.00787325 9.9946E-05 9.9946E-05
0.999001 9.99101E-05 9.99101E-05 9.99101E-05 9.99101E-05 9.99101E-05 9.99101E-05 9.99101E-05 9.99101E-05 9.99101E-05 9.99101E-05
0.0472316 0.0471267 0.0115663 0.0312006 0.678111 0.0164738 0.0159655 0.0518186 0.02577 0.0205916 0.0541441
9.99101E-05 0.999001 9.99101E-05 9.99101E-05 9.99101E-05 9.99101E-05 9.99101E-05 9.99101E-05 9.99101E-05 9.99101E-05 9.99101E-05
0.0046259 0.949784 0.0104934 9.9964E-05 0.00931183 0.00159088 9.9964E-05 9.9964E-05 9.9964E-05 0.00907856 0.0147159
9.99101E-05 9.99101E-05 9.99101E-05 0.999001 9.99101E-05 9.99101E-05 9.99101E-05 9.99101E-05 9.99101E-05 9.99101E-05 9.99101E-05
9.999E-05 0.0194124 0.0104577 0.867111 0.0202445 0.0103126 0.00881168 0.0237508 0.0137821 0.00561302 0.0204042
9.99101E-05 9.99101E-05 9.99101E-05 9.99101E-05 9.99101E-05 9.99101E-05 9.99101E-05 9.99101E-05 9.99101E-05 0.999001 9.99101E-05
9.9919E-05 9.9919E-05 0.998922 9.9919E-05 9.9919E-05 9.9919E-05 0.000178834 9.9919E-05 9.9919E-05 9.9919E-05 9.9919E-05
0.00718228 0.00177184 9.9946E-05 9.9946E-05 0.00877296 9.9946E-05 9.9946E-05 9.9946E-05 0.978525 9.9946E-05 0.00314844
9.99101E-05 9.99101E-05 0.999001 9.99101E-05 9.99101E-05 9.99101E-05 9.99101E-05 9.99101E-05 9.99101E-05 9.99101E-05 9.99101E-05
9.99101E-05 9.99101E-05 9.99101E-05 9.99101E-05 9.99101E-05 9.99101E-05 9.99101E-05 9.99101E-05 0.999001 9.99101E-05 9.99101E-05
0.0936847 0.0599448 0.0387662 0.031365 0.124487 0.0302896 0.0406907 0.0743478 0.0317543 0.036682 0.437987
9.9946E-05 0.00525414 0.00397373 9.9946E-05 9.9946E-05 0.97677 0.0109501 9.9946E-05 0.00245232 9.9946E-05 9.9946E-05
0.112312 0.0591805 0.0454862 0.0409141 0.175166 0.0433334 0.027005 0.0757051 0.0420288 0.0550321 0.323836
9.99549E-05 0.000811798 0.00554409 9.99549E-05 9.99549E-05 9.99549E-05 0.0072893 9.99549E-05 0.00407612 0.00274355 0.979035
9.99101E-05 9.99101E-05 9.99101E-05 9.99101E-05 9.99101E-05 9.99101E-05 9.99101E-05 9.99101E-05 9.99101E-05 9.99101E-05 0.999001
0.0512478 0.0475724 0.0659807 0.0533336 0.158916 0.0727394 0.0178644 0.177018 0.0656584 0.0553575 0.234312
9.99101E-05 9.99101E-05 9.99101E-05 9.99101E-05 9.99101E-05 9.99101E-05 9.99101E-05 0.999001 9.99101E-05 9.99101E-05 9.99101E-05
0.398298 0.0346125 0.0380752 0.066317 0.108758 0.0423941 0.0280156 0.0589008 0.0121845 0.0390158 0.173428
0.0215796 0.00611567 0.0202573 0.0300956 0.83261 0.0266417 0.0148598 0.0208054 0.0216964 0.00523837 9.9991E-05
0.999001 9.99101E-05 9.99101E-05 9.99101E-05 9.99101E-05 9.99101E-05 9.99101E-05 9.99101E-05 9.99101E-05 9.99101E-05 9.99101E-05
9.99101E-05 9.99101E-05 9.99101E-05 9.99101E-05 0.999001 9.99101E-05 9.99101E-05 9.99101E-05 9.99101E-05 9.99101E-05 9.99101E-05
0.00467076 0.976695 9.9946E-05 0.00543928 9.9946E-05 9.9946E-05 9.9946E-05 0.00975655 0.00283902 9.9946E-05 9.9946E-05
9.9946E-05 0.950094 9.9946E-05 9.9946E-05 0.0220753 0.00517973 9.9946E-05 9.9946E-05 9.9946E-05 0.0102851 0.0117664
9.99101E-05 9.99101E-05 9.99101E-05 0.999001 9.99101E-05 9.99101E-05 9.99101E-05 9.99101E-05 9.99101E-05 9.99101E-05 9.99101E-05
0.0361686 0.0303968 0.0345885 0.556909 0.0757102 0.0333369 0.0314705 0.0766489 0.0186072 0.0356617 0.0705013
0.000916991 0.0103748 9.9955E-05 9.9955E-05 0.012279 9.9955E-05 0.00407091 0.0113571 9.9955E-05 0.960501 9.9955E-05
0.00845963 0.00380287 0.976058 9.9955E-05 9.9955E-05 0.00430336 0.00421317 0.00266353 9.9955E-05 9.9955E-05 9.9955E-05
0.0218065 0.0101485 9.9973E-05 0.00954362 0.00994416 0.0068724 0.930629 0.00400419 9.9973E-05 0.0067521 9.9973E-05
0.0245186 0.0177925 0.845293 0.0132855 0.0274177 0.0223273 0.0145907 9.9991E-05 0.0144021 0.0137238 0.00654862
9.99101E-05 9.99101E-05 9.99101E-05 9.99101E-05 9.99101E-05 9.99101E-05 9.99101E-05 9.99101E-05 0.999001 9.99101E-05 9.99101E-05
0.107542 0.0704228 0.0535829 0.0310625 0.11631 0.0314907 0.0318318 0.0883175 0.03685 0.0462515 0.386338
9.99101E-05 9.99101E-05 9.99101E-05 9.99101E-05 9.99101E-05 0.999001 9.99101E-05 9.99101E-05 9.99101E-05 9.99101E-05 9.99101E-05
0.1131 0.0571903 0.0559467 0.0450566 0.120579 0.0553584 0.029421 0.0877354 0.0287343 0.0507993 0.356078
0.0272727 0.0351926 0.0360277 0.0232886 0.084351 0.0096393 0.0283535 0.0671031 0.00325757 0.0262518 0.659262
9.99101E-05 9.99101E-05 9.99101E-05 9.99101E-05 9.99101E-05 9.99101E-05 9.99101E-05 9.99101E-05 9.99101E-05 9.99101E-05 0.999001
9.9973E-05 0.00322563 9.9973E-05 0.0147237 0.0116738 0.00364266 9.9973E-05 0.928269 0.0277772 0.00340506 0.0069829
0.0494451 0.0634289 0.0635462 0.0664719 0.163518 0.0660897 0.00650065 0.173225 0.0613769 0.0685532 0.217844
0.364532 0.0523593 0.0390563 0.0769076 0.100996 0.0507336 0.022782 0.0703225 0.0243514 0.0403238 0.157636
0.0157664 0.00422447 0.00834162 0.0171611 0.9256 0.00388128 0.0158619 0.000436657 0.00727616 0.00135023 9.9991E-05
0.999001 9.99101E-05 9.99101E-05 9.99101E-05 9.99101E-05 9.99101E-05 9.99101E-05 9.99101E-05 9.99101E-05 9.99101E-05 9.99101E-05
0.0263349 0.0173475 9.9991E-05 0.0223384 0.764429 0.00707163 0.0178327 0.0584962 0.0107688 0.0156141 0.0596669
9.99101E-05 0.999001 9.99101E-05 9.99101E-05 9.99101E-05 9.99101E-05 9.99101E-05 9.99101E-05 9.99101E-05 9.99101E-05 9.99101E-05
9.99101E-05 0.999001 9.99101E-05 9.99101E-05 9.99101E-05 9.99101E-05 9.99101E-05 9.99101E-05 9.99101E-05 9.99101E-05 9.99101E-05
9.99101E-05 9.99101E-05 9.99101E-05 0.999001 9.99101E-05 9.99101E-05 9.99101E-05 9.99101E-05 9.99101E-05 9.99101E-05 9.99101E-05
0.0341106 0.0298461 0.0259175 0.561921 0.0895468 0.0343466 0.0413659 0.0638125 0.0205114 0.0292449 0.0693767
0.0227741 0.00860414 0.0141449 0.0122998 0.0223698 0.0149424 0.00631019 0.0217095 0.0145727 0.842075 0.0201977
9.99101E-05 9.99101E-05 0.999001 9.99101E-05 9.99101E-05 9.99101E-05 9.99101E-05 9.99101E-05 9.99101E-05 9.99101E-05 9.99101E-05
9.99101E-05 9.99101E-05 9.99101E-05 9.99101E-05 9.99101E-05 9.99101E-05 0.999001 9.99101E-05 9.99101E-05 9.99101E-05 9.99101E-05
0.015485 0.0229809 0.73748 0.0385848 0.0466149 0.0269405 0.0227342 0.0244407 0.0160792 0.0202308 0.0284291
9.99101E-05 9.99101E-05 9.99101E-05 9.99101E-05 9.99101E-05 9.99101E-05 9.99101E-05 9.99101E-05 0.999001 9.99101E-05 9.99101E-05
0.0982849 0.0532778 0.0453823 0.0263842 0.121941 0.019863 0.0361421 0.0717838 0.037198 0.0341648 0.455578
9.99101E-05 9.99101E-05 9.99101E-05 9.99101E-05 9.99101E-05 0.999001 9.99101E-05 9.99101E-05 9.99101E-05 9.99101E-05 9.99101E-05
0.073433 0.0442231 0.0638442 0.0744771 0.134664 0.0561533 0.00977268 0.222102 0.0898613 0.0538498 0.17762
0.107376 0.0472492 0.0306995 0.0286451 0.128749 0.0621084 0.0286979 0.0900464 0.0296195 0.0375694 0.40924
0.0089925 0.0238397 0.0187118 0.04343 0.0998555 0.0281981 9.9991E-05 0.076461 0.0275105 0.0302329 0.642668
0.0261086 0.0308898 0.0172638 0.00639339 0.0154955 0.0292605 0.00767112 0.0181583 0.0123206 0.0228978 0.813541
0.0251659 0.0346519 0.0330303 0.0456285 0.0607764 0.0263861 0.0286995 0.56904 0.0489713 0.0313934 0.0962562
0.0461228 0.0549926 0.0618676 0.0586277 0.170315 0.0603901 0.0167358 0.178651 0.0540188 0.0748066 0.223472
0.822537 0.0163231 0.0102567 0.0339199 0.0235492 0.0209631 0.0113051 0.0320302 9.9991E-05 0.0267979 0.00221796
0.00150093 9.9955E-05 0.00970155 0.00754412 0.945689 0.0169505 9.9955E-05 9.9955E-05 0.0181146 9.9955E-05 9.9955E-05
0.930812 0.00665732 0.0168087 0.00728236 0.0118004 0.00101804 9.9982E-05 0.0116299 0.00427813 9.9982E-05 0.00951274
9.9919E-05 9.9919E-05 9.9919E-05 9.9919E-05 0.993745 9.9919E-05 9.9919E-05 9.9919E-05 9.9919E-05 0.00535607 9.9919E-05
0.00747892 0.949021 9.9973E-05 0.0134947 9.9973E-05 0.00475927 0.00636632 0.0111667 0.00467079 0.00274289 9.9973E-05
9.99101E-05 0.999001 9.99101E-05 9.99101E-05 9.99101E-05 9.99101E-05 9.99101E-05 9.99101E-05 9.99101E-05 9.99101E-05 9.99101E-05
9.99101E-05 9.99101E-05 9.99101E-05 0.999001 9.99101E-05 9.99101E-05 9.99101E-05 9.99101E-05 9.99101E-05 9.99101E-05 9.99101E-05
9.9982E-05 0.0147981 0.00671028 0.912874 0.0103214 0.00941658 9.9982E-05 0.030986 0.00238272 0.00302731 0.00928339
9.9919E-05 9.9919E-05 9.9919E-05 9.9919E-05 9.9919E-05 9.9919E-05 9.9919E-05 9.9919E-05 0.00804733 0.991053 9.9919E-05
9.99101E-05 9.99101E-05 0.999001 9.99101E-05 9.99101E-05 9.99101E-05 9.99101E-05 9.99101E-05 9.99101E-05 9.99101E-05 9.99101E-05
9.99101E-05 9.99101E-05 9.99101E-05 9.99101E-05 9.99101E-05 9.99101E-05 0.999001 9.99101E-05 9.99101E-05 9.99101E-05 9.99101E-05
9.99101E-05 9.99101E-05 0.999001 9.99101E-05 9.99101E-05 9.99101E-05 9.99101E-05 9.99101E-05 9.99101E-05 9.99101E-05 9.99101E-05
9.99101E-05 9.99101E-05 9.99101E-05 9.99101E-05 9.99101E-05 9.99101E-05 9.99101E-05 9.99101E-05 0.999001 9.99101E-05 9.99101E-05
0.0473602 0.0535328 0.0860203 0.0420467 0.15587 0.0446516 0.00281405 0.191231 0.052359 0.0410248 0.28309
9.9964E-05 9.9964E-05 0.00733903 0.00114195 0.00318138 0.973652 0.00506805 9.9964E-05 0.00205063 9.9964E-05 0.00716689
0.08527 0.0389794 0.0676207 0.0720805 0.138429 0.0568656 0.0128354 0.221817 0.0894587 0.0537265 0.162917
0.0963662 0.0472486 0.0566501 0.0459321 0.160216 0.0339578 0.025246 0.075494 0.07656 0.0511597 0.33117
0.000985736 0.0256082 0.016006 0.0258926 0.106306 0.0212995 0.0017091 0.0623042 0.0415028 0.0358522 0.662533
0.0386375 0.010683 0.0194782 0.0183394 0.0376046 0.00469481 9.9991E-05 0.0555755 0.0101834 0.0119494 0.792754
9.9937E-05 9.9937E-05 9.9937E-05 9.9937E-05 9.9937E-05 9.9937E-05 9.9937E-05 0.97753 0.0111314 0.00111211 0.00952706
0.0623313 0.0600085 0.0809597 0.0768989 0.137488 0.0442247 0.0211434 0.181486 0.0469721 0.0580639 0.230423
0.817452 0.0259926 0.00443978 0.0277846 0.0311651 0.0251921 9.9991E-05 0.0331734 0.00479215 0.0187815 0.0111274
9.99101E-05 9.99101E-05 9.99101E-05 9.99101E-05 0.999001 9.99101E-05 9.99101E-05 9.99101E-05 9.99101E-05 9.99101E-05 9.99101E-05
0.999001 9.99101E-05 9.99101E-05 9.99101E-05 9.99101E-05 9.99101E-05 9.99101E-05 9.99101E-05 9.99101E-05 9.99101E-05 9.99101E-05
9.9919E-05 9.9919E-05 9.9919E-05 9.9919E-05 0.992697 9.9919E-05 9.9919E-05 9.9919E-05 9.9919E-05 0.00640388 9.9919E-05
0.0206467 0.960294 0.000854003 9.9946E-05 9.9946E-05 0.00594634 9.9946E-05 0.0116594 9.9946E-05 9.9946E-05 9.9946E-05
9.9937E-05 0.98915 9.9937E-05 9.9937E-05 0.000832541 9.9937E-05 9.9937E-05 9.9937E-05 9.9937E-05 0.00711907 0.00219836
9.99101E-05 9.99101E-05 9.99101E-05 0.999001 9.99101E-05 9.99101E-05 9.99101E-05 9.99101E-05 9.99101E-05 9.99101E-05 9.99101E-05
9.99101E-05 9.99101E-05 9.99101E-05 0.999001 9.99101E-05 9.99101E-05 9.99101E-05 9.99101E-05 9.99101E-05 9.99101E-05 9.99101E-05
0.00409013 9.9946E-05 0.00292479 0.00466639 9.9946E-05 9.9946E-05 9.9946E-05 9.9946E-05 0.00472529 0.982994 9.9946E-05
9.99605E-05 9.99605E-05 0.969897 0.0107423 0.00783957 0.000598794 9.99605E-05 9.99605E-05 9.99605E-05 0.00114773 0.00927518
0.0602869 0.0448591 0.0370312 0.0451681 0.0901757 0.0106696 0.182936 0.0751478 0.322398 0.0482348 0.083093
9.9955E-05 9.9955E-05 0.958939 0.0113712 9.9955E-05 0.00517769 9.9955E-05 0.00890441 9.9955E-05 0.0121908 0.00291664
9.99458E-05 0.00038901 9.99458E-05 0.00419731 9.99458E-05 0.987885 9.99458E-05 9.99458E-05 9.99458E-05 0.00682866 9.99458E-05
0.130635 0.0616331 0.0255106 0.037371 0.12159 0.0436835 0.0461843 0.0979498 0.0222729 0.036851 0.376318
0.0864046 0.0429261 0.0502699 0.0809697 0.143122 0.0680102 0.0229542 0.22178 0.0799367 0.0454154 0.158211
0.0705549 0.0660148 0.068328 0.0345581 0.137747 0.0412314 0.0430945 0.125029 0.0599779 0.0730712 0.280393
0.00524566 0.0311843 0.00700076 0.0205441 0.0760208 0.0210185 0.00664492 0.0574544 0.0327231 0.0492045 0.692959
0.0240909 0.0265495 0.040909 0.00984044 0.0594812 0.0279743 0.0420983 0.055155 0.0124642 0.0340087 0.667428
9.99101E-05 9.99101E-05 9.99101E-05 9.99101E-05 9.99101E-05 9.99101E-05 9.99101E-05 0.999001 9.99101E-05 9.99101E-05 9.99101E-05
9.9928E-05 9.9928E-05 9.9928E-05 9.9928E-05 0.000971952 9.9928E-05 9.9928E-05 0.974147 0.0240813 9.9928E-05 9.9928E-05
0.050306 0.035396 0.0823291 0.0403689 0.140973 0.0243285 0.00337286 0.235093 0.0654141 0.0571403 0.265278
0.851717 0.0112948 9.9973E-05 0.0290142 0.0376249 0.0169398 0.0038666 0.0318396 9.9973E-05 0.0174029 9.9973E-05
9.99101E-05 9.99101E-05 9.99101E-05 9.99101E-05 0.999001 9.99101E-05 9.99101E-05 9.99101E-05 9.99101E-05 9.99101E-05 9.99101E-05
0.999001 9.99101E-05 9.99101E-05 9.99101E-05 9.99101E-05 9.99101E-05 9.99101E-05 9.99101E-05 9.99101E-05 9.99101E-05 9.99101E-05
9.9928E-05 9.9928E-05 0.00060302 9.9928E-05 0.98034 9.9928E-05 9.9928E-05 9.9928E-05 9.9928E-05 0.0182573 9.9928E-05
9.9919E-05 0.988093 9.9919E-05 9.9919E-05 9.9919E-05 9.9919E-05 9.9919E-05 0.0110076 9.9919E-05 9.9919E-05 9.9919E-05
9.9955E-05 0.00406162 9.9955E-05 0.960402 0.00240467 0.0125254 9.9955E-05 0.0184079 9.9955E-05 9.9955E-05 0.00169834
9.99101E-05 9.99101E-05 9.99101E-05 9.99101E-05 9.99101E-05 9.99101E-05 9.99101E-05 9.99101E-05 9.99101E-05 0.999001 9.99101E-05
0.0211825 0.0486721 0.0357305 0.0703429 0.104084 0.0104624 0.0160395 0.0659149 0.0214179 0.490527 0.115627
0.0509801 0.0595336 0.0364477 0.0590623 0.107858 0.0350563 0.167034 0.101247 0.198554 0.0376007 0.146626
9.99101E-05 9.99101E-05 0.999001 9.99101E-05 9.99101E-05 9.99101E-05 9.99101E-05 9.99101E-05 9.99101E-05 9.99101E-05 9.99101E-05
9.99101E-05 9.99101E-05 9.99101E-05 9.99101E-05 9.99101E-05 9.99101E-05 0.999001 9.99101E-05 9.99101E-05 9.99101E-05 9.99101E-05
0.00879926 0.0102635 0.861823 0.0168297 0.00208981 0.0167107 0.00308735 0.0248953 0.00805314 0.0223855 0.025063
9.99101E-05 9.99101E-05 9.99101E-05 9.99101E-05 9.99101E-05 0.999001 9.99101E-05 9.99101E-05 9.99101E-05 9.99101E-05 9.99101E-05
0.123411 0.0485775 0.0386398 0.0525805 0.144993 0.0388621 0.032308 0.0949551 0.0312224 0.0511841 0.343267
0.0849941 0.0486389 0.0715521 0.0909603 0.143518 0.0647138 0.0452867 0.168707 0.053515 0.0511891 0.176925
0.0767153 0.0647532 0.0527879 0.0546253 0.137146 0.0382651 0.0504228 0.118435 0.0192683 0.0488392 0.338741
0.0344523 0.00731618 0.0122447 0.0134622 0.0500815 0.0182398 0.0349307 0.054459 0.00712759 0.042113 0.725573
9.9964E-05 0.0236891 0.00994119 0.00855778 9.9964E-05 0.0209365 0.0278193 9.9964E-05 0.000904225 9.9964E-05 0.907752
9.99101E-05 9.99101E-05 9.99101E-05 9.99101E-05 9.99101E-05 9.99101E-05 9.99101E-05 0.999001 9.99101E-05 9.99101E-05 9.99101E-05
0.0333907 0.0212711 0.0279151 0.0247364 0.00593319 0.0059566 0.0167893 0.781846 0.0312671 0.02026 0.0306345
0.0412548 0.0339877 0.0848789 0.0382517 0.148378 0.028541 0.00636008 0.23659 0.0658442 0.0549511 0.260962
0.789547 0.0134953 0.0104051 0.0328035 0.0225119 0.0353367 0.0120825 0.0520106 0.00520411 0.0234268 0.00317662
9.99101E-05 9.99101E-05 9.99101E-05 9.99101E-05 0.999001 9.99101E-05 9.99101E-05 9.99101E-05 9.99101E-05 9.99101E-05 9.99101E-05
0.999001 9.99101E-05 9.99101E-05 9.99101E-05 9.99101E-05 9.99101E-05 9.99101E-05 9.99101E-05 9.99101E-05 9.99101E-05 9.99101E-05
9.99101E-05 0.999001 9.99101E-05 9.99101E-05 9.99101E-05 9.99101E-05 9.99101E-05 9.99101E-05 9.99101E-05 9.99101E-05 9.99101E-05
