9.994E-05 9.994E-05 9.994E-05 9.994E-05 9.994E-05 0.9993 9.994E-05 9.994E-05
9.9982E-05 9.9982E-05 0.951053 0.020918 0.00920909 0.00102245 0.00208326 0.0155143
9.9973E-05 9.9973E-05 0.951598 0.0203148 0.00630929 0.00295935 9.9973E-05 0.0185185
0.9993 9.994E-05 9.994E-05 9.994E-05 9.994E-05 9.994E-05 9.994E-05 9.994E-05
0.9993 9.994E-05 9.994E-05 9.994E-05 9.994E-05 9.994E-05 9.994E-05 9.994E-05
0.0378661 0.0202837 0.0673346 0.0429775 0.0542571 0.0669554 0.404203 0.306122
9.994E-05 9.994E-05 9.994E-05 9.994E-05 0.9993 9.994E-05 9.994E-05 9.994E-05
9.994E-05 9.994E-05 9.994E-05 9.994E-05 9.994E-05 9.994E-05 0.9993 9.994E-05
0.0303776 0.0965355 0.0263861 0.021652 0.0439971 0.0600526 0.0503687 0.670631
0.000312733 9.9955E-05 0.0140999 0.985088 9.9955E-05 9.9955E-05 9.9955E-05 9.9955E-05
0.0575067 0.0926844 0.064226 0.0501201 0.0672343 0.0620763 0.0792229 0.526929
0.0460758 0.0909618 0.100671 0.065099 0.0661424 0.0530868 0.0855982 0.492365
0.000831948 9.9973E-05 9.9973E-05 9.9973E-05 0.0211133 0.0131862 0.0123464 0.952222
9.994E-05 9.994E-05 9.994E-05 9.994E-05 9.994E-05 9.994E-05 9.994E-05 0.9993
0.0130515 9.9991E-05 0.0335044 0.0361724 0.537946 0.00975038 0.00479957 0.364676
0.0211395 0.0293592 0.0332185 0.0614856 9.9991E-05 0.00348574 0.0637504 0.787461
0.0169926 0.00748016 0.0594419 0.0459217 0.00516717 9.9991E-05 0.0512944 0.813602
0.0435784 0.0471241 0.0684096 0.0339554 0.0690731 0.0652773 0.0672918 0.60529
0.0334125 0.78996 0.026606 0.0275279 0.00648386 0.0320872 0.0104144 0.0735085
0.0345728 0.0354121 0.0395574 0.0254276 0.0323018 0.0397032 0.0255302 0.767495
0.00790822 0.979394 0.00806822 9.9964E-05 9.9964E-05 9.9964E-05 0.0042296 9.9964E-05
0.00968391 0.0093947 0.00414235 9.9973E-05 9.9973E-05 9.9973E-05 0.00587775 0.970601
0.0151381 0.000109046 0.00827013 9.9991E-05 0.0170745 0.925902 0.008303 0.0251032
9.994E-05 9.994E-05 0.9993 9.994E-05 9.994E-05 9.994E-05 9.994E-05 9.994E-05
9.9973E-05 9.9973E-05 0.916759 0.0194044 0.0188518 0.0106623 9.9973E-05 0.0340228
0.9993 9.994E-05 9.994E-05 9.994E-05 9.994E-05 9.994E-05 9.994E-05 9.994E-05
9.9946E-05 9.9946E-05 9.9946E-05 9.9946E-05 0.997613 9.9946E-05 0.0017876 9.9946E-05
9.994E-05 9.994E-05 9.994E-05 9.994E-05 9.994E-05 9.994E-05 0.9993 9.994E-05
0.0137337 0.00290774 9.9991E-05 0.0122064 0.932084 0.0075501 0.00991269 0.0215057
9.994E-05 9.994E-05 9.994E-05 9.994E-05 9.994E-05 9.994E-05 0.9993 9.994E-05
0.0227636 0.0888143 0.00336027 9.9991E-05 0.0326189 0.0410872 0.0626346 0.748621
9.994E-05 9.994E-05 9.994E-05 0.9993 9.994E-05 9.994E-05 9.994E-05 9.994E-05
0.0629345 0.086807 0.0955883 0.064172 0.107936 0.0784702 0.0803841 0.423709
0.000711324 9.9973E-05 9.9973E-05 9.9973E-05 0.0201102 0.00293708 0.00247799 0.973463
9.9946E-05 9.9946E-05 9.9946E-05 9.9946E-05 0.00596101 9.9946E-05 9.9946E-05 0.993439
0.0315177 0.045609 0.0508933 0.0527211 0.0431933 0.0584644 0.0339542 0.683647
0.012816 0.0388472 0.0339746 0.0628974 9.9991E-05 0.00429481 0.0473535 0.799716
0.0488771 0.0706367 0.0322727 0.0543981 0.0425322 0.0270878 0.0821361 0.642059
9.9982E-05 0.0154282 0.0121916 0.0175672 9.9982E-05 0.00320228 0.0101043 0.941306
9.994E-05 0.9993 9.994E-05 9.994E-05 9.994E-05 9.994E-05 9.994E-05 9.994E-05
0.0314969 0.0351849 0.033545 0.0122352 0.0190045 0.0325525 0.0388702 0.797111
9.994E-05 9.994E-05 9.994E-05 9.994E-05 9.994E-05 0.9993 9.994E-05 9.994E-05
0.0118634 0.000948256 9.9982E-05 0.00193917 0.00581756 0.953157 9.9982E-05 0.0260746
9.994E-05 9.994E-05 0.9993 9.994E-05 9.994E-05 9.994E-05 9.994E-05 9.994E-05
0.0120435 9.9991E-05 0.874344 0.0105966 0.01938 0.0118607 0.012107 0.0595678
0.9993 9.994E-05 9.994E-05 9.994E-05 9.994E-05 9.994E-05 9.994E-05 9.994E-05
9.994E-05 9.994E-05 9.994E-05 9.994E-05 0.9993 9.994E-05 9.994E-05 9.994E-05
0.0222811 0.00668062 0.018769 0.032044 0.028663 0.0229902 0.600294 0.268278
9.994E-05 9.994E-05 9.994E-05 9.994E-05 0.9993 9.994E-05 9.994E-05 9.994E-05
0.0175641 0.000100783 0.00532676 0.0197527 0.0258282 0.0300762 0.619454 0.281897
0.0278291 0.088381 0.0312151 0.0238082 0.0459565 0.0656256 0.0550671 0.662117
0.00473912 0.000246737 0.00694311 0.978693 0.00521539 0.00189752 0.00216474 9.9991E-05
0.0485587 0.111598 0.0406346 0.0416176 0.0415659 0.0463076 0.0522453 0.617472
0.0203112 9.9973E-05 9.9973E-05 9.9973E-05 0.0253931 0.0158647 0.0077369 0.930394
9.9982E-05 0.0140955 9.9982E-05 0.00126207 0.0125105 0.00257321 0.0148907 0.954468
0.0635814 0.0495739 0.0627393 0.057434 0.06278 0.0578081 0.0557132 0.59037
0.0143191 0.0405832 0.0430143 0.0551174 9.9982E-05 9.9982E-05 0.0628013 0.783965
0.0430221 0.384279 0.0686533 0.0387294 0.0377248 0.039746 0.0557467 0.332099
0.00624488 0.0192069 0.0309339 0.0160767 0.0125488 0.0126653 0.0326283 0.869695
9.994E-05 0.9993 9.994E-05 9.994E-05 9.994E-05 9.994E-05 9.994E-05 9.994E-05
9.9946E-05 9.9946E-05 0.0031095 9.9946E-05 9.9946E-05 9.9946E-05 9.9946E-05 0.996291
9.9964E-05 0.00279726 0.0040757 9.9964E-05 9.9964E-05 0.991971 0.000755748 9.9964E-05
0.00701582 9.9964E-05 9.9964E-05 9.9964E-05 0.00506128 0.95412 9.9964E-05 0.0334034
9.994E-05 9.994E-05 0.9993 9.994E-05 9.994E-05 9.994E-05 9.994E-05 9.994E-05
0.0341494 0.0505257 0.566798 0.0384729 0.0242598 0.0351115 0.0381722 0.21251
0.959931 0.00450409 0.000672621 9.9973E-05 9.9973E-05 0.00624847 9.9973E-05 0.0283435
9.9982E-05 0.0131743 0.00590088 0.0011059 0.970072 0.00872591 0.000820971 9.9982E-05
9.9964E-05 0.00646929 0.00955325 9.9964E-05 9.9964E-05 0.00497984 0.978598 9.9964E-05
0.0155253 0.0083545 0.0165095 0.0124414 0.838347 0.0142929 0.0385902 0.0559388
0.00503625 0.00227409 0.0109062 0.0226869 0.0177934 0.031267 0.643995 0.266041
0.0442534 0.0908297 0.0344379 0.020254 0.0522038 0.0580152 0.0677312 0.632275
9.994E-05 9.994E-05 9.994E-05 0.9993 9.994E-05 9.994E-05 9.994E-05 9.994E-05
0.0439462 0.0894258 0.0395625 0.0521194 0.0447326 0.0614838 0.0533014 0.615428
0.0305941 0.0358233 0.0300524 0.0120141 0.0382255 0.0323011 0.0370494 0.78394
9.9946E-05 0.0120553 9.9946E-05 9.9946E-05 9.9946E-05 9.9946E-05 9.9946E-05 0.987345
0.0173766 0.0293572 0.0721553 0.0503313 9.9982E-05 9.9982E-05 0.0361815 0.794398
0.057031 0.0346748 0.0687231 0.0742358 0.0531645 0.0612816 0.0416456 0.609244
0.0481396 0.344976 0.0729791 0.0379122 0.0469885 0.0561836 0.0629215 0.329899
9.9991E-05 0.0151324 0.0249127 0.0119865 0.00491853 0.0118182 0.00647108 0.924661
9.994E-05 0.9993 9.994E-05 9.994E-05 9.994E-05 9.994E-05 9.994E-05 9.994E-05
0.0225404 0.0186979 0.0225192 0.00520626 0.00761344 0.0104935 0.0178083 0.895121
9.994E-05 9.994E-05 9.994E-05 9.994E-05 9.994E-05 0.9993 9.994E-05 9.994E-05
9.994E-05 9.994E-05 9.994E-05 9.994E-05 9.994E-05 0.9993 9.994E-05 9.994E-05
9.994E-05 9.994E-05 0.9993 9.994E-05 9.994E-05 9.994E-05 9.994E-05 9.994E-05
0.0252888 0.0321791 0.569661 0.0436984 0.0288411 0.0265289 0.0416307 0.232172
0.821739 0.0279229 0.00761734 0.0166628 0.0156607 0.00825842 0.0262777 0.0758614
9.994E-05 9.994E-05 9.994E-05 9.994E-05 0.9993 9.994E-05 9.994E-05 9.994E-05
9.994E-05 9.994E-05 9.994E-05 9.994E-05 9.994E-05 9.994E-05 0.9993 9.994E-05
0.0264334 0.0217684 0.0347692 0.0330049 0.739861 0.0384447 0.0237463 0.0819724
0.0103725 9.9991E-05 0.00717468 0.0231874 0.0149791 0.0184657 0.651483 0.274238
0.0364554 0.0968098 0.0182289 0.021227 0.0393664 0.0531083 0.0544085 0.680396
9.994E-05 9.994E-05 9.994E-05 0.9993 9.994E-05 9.994E-05 9.994E-05 9.994E-05
0.0484173 0.0783715 0.0840881 0.0701721 0.0640492 0.0449094 0.0711761 0.538816
0.0345245 0.0872052 0.0342278 0.0512981 0.0326612 0.048718 0.0497805 0.661585
0.0303969 0.0126214 0.0281503 0.0180104 0.0245933 0.0283 0.0261468 0.831781
0.0201558 0.0425716 0.00226683 0.0179069 0.0292943 0.0313759 0.0140041 0.842425
0.0433644 0.0322494 0.0753384 0.0475264 0.0330016 0.0353571 0.0860915 0.647071
0.0649374 0.0398456 0.0592741 0.0592854 0.0653186 0.0622273 0.0480681 0.601044
0.0120373 0.826853 0.0295171 0.014712 0.00533371 0.0267947 0.0116316 0.0731208
9.9982E-05 9.9982E-05 0.0108576 0.0070867 0.012066 0.00431448 0.0204108 0.945064
0.00573155 0.923945 0.00868906 0.00697306 0.00641222 0.0110999 0.00912023 0.0280289
9.994E-05 9.994E-05 9.994E-05 9.994E-05 9.994E-05 9.994E-05 9.994E-05 0.9993
9.9982E-05 0.00489591 0.0175426 0.00683088 0.00426353 0.955931 0.0103366 9.9982E-05
9.994E-05 9.994E-05 9.994E-05 9.994E-05 9.994E-05 0.9993 9.994E-05 9.994E-05
9.994E-05 9.994E-05 0.9993 9.994E-05 9.994E-05 9.994E-05 9.994E-05 9.994E-05
9.9982E-05 9.9982E-05 0.910434 0.0122357 0.007532 0.011985 0.00617023 0.0514426
0.998591 9.9946E-05 9.9946E-05 0.000809736 9.9946E-05 9.9946E-05 9.9946E-05 9.9946E-05
9.994E-05 9.994E-05 9.994E-05 9.994E-05 0.9993 9.994E-05 9.994E-05 9.994E-05
9.994E-05 9.994E-05 9.994E-05 9.994E-05 9.994E-05 9.994E-05 0.9993 9.994E-05
9.994E-05 9.994E-05 9.994E-05 9.994E-05 0.9993 9.994E-05 9.994E-05 9.994E-05
0.0136995 9.9991E-05 0.0144404 0.0272674 0.0104067 0.0196071 0.649699 0.26478
0.0396496 0.0368184 0.0451875 0.0534692 0.0792705 0.0579816 0.0280875 0.659536
9.9964E-05 9.9964E-05 9.9964E-05 0.981334 0.0111063 0.0036532 9.9964E-05 0.00350713
0.0502511 0.0906853 0.0842978 0.0760841 0.0716993 0.0335382 0.0701827 0.523261
0.0422612 0.0932235 0.0539468 0.0272224 0.0560922 0.0425055 0.0837837 0.600965
0.0319858 0.00188701 0.0227184 0.0205666 0.0181083 0.0281209 0.0276785 0.848934
0.0105517 0.040163 0.0125798 0.00254814 0.0398932 0.023316 0.00895749 0.861991
0.0176664 9.9973E-05 0.0507182 0.0392407 9.9973E-05 9.9973E-05 0.0410293 0.851045
0.0544996 0.0600875 0.0655612 0.0529346 0.0734182 0.0636089 0.0423007 0.587589
0.0150011 0.809461 0.0274456 0.0271424 0.00972199 0.02205 0.0136431 0.0755344
9.9946E-05 9.9946E-05 0.0100462 9.9946E-05 9.9946E-05 9.9946E-05 9.9946E-05 0.989354
9.994E-05 0.9993 9.994E-05 9.994E-05 9.994E-05 9.994E-05 9.994E-05 9.994E-05
9.994E-05 9.994E-05 9.994E-05 9.994E-05 9.994E-05 9.994E-05 9.994E-05 0.9993
9.9982E-05 0.0081414 0.0128217 0.00738116 0.00353283 0.959122 0.00880083 9.9982E-05
0.00135447 9.9946E-05 9.9946E-05 9.9946E-05 9.9946E-05 0.998046 9.9946E-05 9.9946E-05
9.994E-05 9.994E-05 0.9993 9.994E-05 9.994E-05 9.994E-05 9.994E-05 9.994E-05
9.994E-05 9.994E-05 0.9993 9.994E-05 9.994E-05 9.994E-05 9.994E-05 9.994E-05
0.971981 9.9982E-05 0.0118553 9.9982E-05 0.00477199 0.00637017 0.00152322 0.00329877
0.00932577 0.00396025 9.9982E-05 0.000148227 0.975534 9.9982E-05 0.00392817 0.00690394
0.0544951 0.0443699 0.0564942 0.0167517 0.0470909 0.0433372 0.398597 0.338864
0.000539698 9.9982E-05 0.0125195 0.00291596 0.969691 9.9982E-05 0.00390079 0.0102336
0.0017838 0.000787182 9.9973E-05 0.987338 0.00106611 0.00872458 9.9973E-05 9.9973E-05
0.0320036 0.120328 0.0420051 0.0411415 0.0261745 0.0720987 0.055947 0.610301
0.0543885 0.0933081 0.0830717 0.0860326 0.0617092 0.0543568 0.0533903 0.513743
0.0657846 0.0781359 0.0349397 0.0495056 0.0619912 0.0602259 0.0719709 0.577446
0.0354911 0.00320543 0.0217487 0.0196531 0.0271402 0.0325844 0.0249359 0.835241
0.0323246 0.0317192 0.0125004 0.0239655 0.055368 0.0203778 0.0607764 0.762968
0.011237 0.0409051 0.0337418 0.0572918 9.9991E-05 0.00232479 0.0423247 0.812075
0.0117311 0.0167144 0.0569479 0.0436864 9.9982E-05 9.9982E-05 0.0437694 0.826951
0.0557778 0.0337999 0.0463231 0.0370184 0.0861002 0.0277551 0.0324433 0.680782
0.0159461 0.850801 0.01928 0.02125 9.9991E-05 0.0152982 0.00585109 0.0714737
9.994E-05 9.994E-05 9.994E-05 9.994E-05 9.994E-05 9.994E-05 9.994E-05 0.9993
9.994E-05 0.9993 9.994E-05 9.994E-05 9.994E-05 9.994E-05 9.994E-05 9.994E-05
0.00211463 9.9964E-05 9.9964E-05 0.000172406 9.9964E-05 9.9964E-05 0.00829947 0.989014
9.9946E-05 9.9946E-05 9.9946E-05 0.00270388 9.9946E-05 0.996696 9.9946E-05 9.9946E-05
9.9973E-05 9.9973E-05 0.962388 0.0146631 0.00417886 0.00436928 9.9973E-05 0.0141009
0.9993 9.994E-05 9.994E-05 9.994E-05 9.994E-05 9.994E-05 9.994E-05 9.994E-05
0.492347 0.00946142 0.0666703 0.0227836 0.0402377 0.0555964 0.0349352 0.277968
0.0249427 0.051709 0.059389 0.0436281 0.0385776 0.0648704 0.295151 0.421732
9.994E-05 9.994E-05 9.994E-05 9.994E-05 0.9993 9.994E-05 9.994E-05 9.994E-05
9.994E-05 9.994E-05 9.994E-05 9.994E-05 9.994E-05 9.994E-05 0.9993 9.994E-05
0.0196734 0.0197067 0.0229011 0.0169675 0.852097 0.0235146 0.0134836 0.031656
9.994E-05 9.994E-05 9.994E-05 0.9993 9.994E-05 9.994E-05 9.994E-05 9.994E-05
0.0478293 0.119101 0.0589372 0.0432943 0.0428649 0.0450773 0.0540092 0.588887
0.0476355 0.0874857 0.100084 0.0673136 0.069168 0.0522015 0.0808382 0.495274
0.037994 0.0887603 0.0398823 0.0493757 0.0406673 0.0565848 0.0667185 0.620017
0.0373568 0.0469669 0.00343263 0.0138335 0.0249769 0.0172565 0.0407195 0.815457
9.9982E-05 0.00844602 9.9982E-05 0.0243611 0.0335433 0.0271179 0.0256383 0.880693
0.0116266 0.0251093 0.0525675 0.0594696 9.9982E-05 9.9982E-05 0.0698042 0.781223
0.0275233 0.0415239 0.0782925 0.0517106 0.0240559 0.0332064 0.0540836 0.689604
0.0555954 0.0406088 0.0350713 0.0423298 0.0691308 0.0329673 0.0355833 0.688713
0.0224042 0.793704 0.0332748 0.0300645 0.0145921 0.0269832 0.00657788 0.0723994
9.9946E-05 9.9946E-05 0.013409 9.9946E-05 9.9946E-05 9.9946E-05 9.9946E-05 0.985991
9.994E-05 0.9993 9.994E-05 9.994E-05 9.994E-05 9.994E-05 9.994E-05 9.994E-05
9.994E-05 9.994E-05 9.994E-05 9.994E-05 9.994E-05 0.9993 9.994E-05 9.994E-05
