0.9994 9.995E-05 9.995E-05 9.995E-05 9.995E-05 9.995E-05 9.995E-05
0.000513686 0.00585805 0.000377717 9.9982E-05 0.946 0.0470502 9.9982E-05
0.00355989 9.9973E-05 9.9973E-05 9.9973E-05 0.943846 0.0428708 0.00942297
9.995E-05 9.995E-05 0.9994 9.995E-05 9.995E-05 9.995E-05 9.995E-05
9.995E-05 9.995E-05 0.9994 9.995E-05 9.995E-05 9.995E-05 9.995E-05
0.0674152 0.0632712 0.0437463 0.424318 0.0635849 0.293745 0.0439188
9.995E-05 0.9994 9.995E-05 9.995E-05 9.995E-05 9.995E-05 9.995E-05
9.995E-05 9.995E-05 9.995E-05 0.9994 9.995E-05 9.995E-05 9.995E-05
0.0652775 0.0783715 0.0665712 0.0804863 0.032413 0.549841 0.127039
9.995E-05 9.995E-05 9.995E-05 9.995E-05 9.995E-05 0.9994 9.995E-05
0.0656637 0.0742141 0.0931754 0.0997942 0.066423 0.487227 0.113503
0.0576416 0.0869173 0.0553368 0.0917165 0.101166 0.497672 0.10955
0.0254603 0.0604599 0.059933 0.0615647 0.00275845 0.747386 0.0424378
0.00768343 0.0608839 0.0225072 0.0202931 9.9991E-05 0.829036 0.0594969
0.00953197 0.538987 0.0182341 0.0270402 0.0320931 0.354762 0.0193519
0.00451156 0.0198943 0.0419749 0.0704739 0.0485813 0.761054 0.0535099
0.0109068 0.0162216 0.0422415 0.0731823 0.0702195 0.738372 0.0488568
0.0642134 0.103882 0.0789931 0.0815727 0.0790827 0.506039 0.0862166
0.0213194 0.00785298 0.0269805 0.0198373 0.0410479 0.0893904 0.793571
0.0434997 0.053665 0.0705436 0.0699025 0.0400581 0.647675 0.0746562
9.9973E-05 0.00434506 9.9973E-05 0.000900075 0.00981896 9.9973E-05 0.984636
0.0158521 0.027672 0.0494301 0.0356481 0.00608289 0.803833 0.061482
0.923599 0.0152798 0.00981199 0.0032156 0.00787246 0.0401214 9.9991E-05
9.995E-05 9.995E-05 9.995E-05 9.995E-05 0.9994 9.995E-05 9.995E-05
0.0181673 0.0190031 9.9973E-05 9.9973E-05 0.912237 0.0502927 9.9973E-05
9.995E-05 9.995E-05 0.9994 9.995E-05 9.995E-05 9.995E-05 9.995E-05
9.995E-05 0.9994 9.995E-05 9.995E-05 9.995E-05 9.995E-05 9.995E-05
9.995E-05 9.995E-05 9.995E-05 0.9994 9.995E-05 9.995E-05 9.995E-05
0.0111042 0.929535 9.9982E-05 0.0127466 0.0120414 0.0343731 9.9982E-05
9.995E-05 9.995E-05 9.995E-05 0.9994 9.995E-05 9.995E-05 9.995E-05
0.048666 0.0639367 0.0550718 0.0938299 0.0186577 0.579912 0.139926
9.995E-05 9.995E-05 9.995E-05 9.995E-05 9.995E-05 0.9994 9.995E-05
0.100439 0.118635 0.0700272 0.102934 0.0877458 0.411536 0.108683
0.0289204 0.064885 0.0471368 0.0505691 0.00490761 0.751117 0.052464
0.00502286 0.0624458 0.0312588 0.0219637 9.9991E-05 0.814806 0.0644028
0.0570942 0.0725712 0.0636508 0.0703172 0.0544364 0.595719 0.086211
0.0102607 0.0279692 0.0352551 0.0680965 0.0387201 0.763492 0.0562067
0.03776 0.0614267 0.0691037 0.118883 0.0384227 0.591761 0.0826429
0.0207956 0.0326851 0.0361838 0.0449163 0.0290644 0.782231 0.0541237
9.995E-05 9.995E-05 9.995E-05 9.995E-05 9.995E-05 9.995E-05 0.9994
0.0403955 0.0445132 0.0597891 0.06461 0.0415063 0.66703 0.0821562
0.9994 9.995E-05 9.995E-05 9.995E-05 9.995E-05 9.995E-05 9.995E-05
0.951847 0.00464372 0.00986819 9.9982E-05 9.9982E-05 0.0305548 0.00288587
9.995E-05 9.995E-05 9.995E-05 9.995E-05 0.9994 9.995E-05 9.995E-05
0.0238564 0.0107418 0.00214094 0.0195867 0.875766 0.0591102 0.00879817
9.995E-05 9.995E-05 0.9994 9.995E-05 9.995E-05 9.995E-05 9.995E-05
9.9955E-05 0.999135 0.000365713 9.9955E-05 9.9955E-05 9.9955E-05 9.9955E-05
0.0363515 0.0267197 0.0259249 0.610183 0.0238295 0.264561 0.0124296
9.995E-05 0.9994 9.995E-05 9.995E-05 9.995E-05 9.995E-05 9.995E-05
0.0301148 0.0366836 0.0202056 0.627763 0.0262469 0.258886 9.9991E-05
0.055645 0.0766115 0.0490928 0.0916838 0.027034 0.579585 0.120348
9.995E-05 9.995E-05 9.995E-05 9.995E-05 9.995E-05 0.9994 9.995E-05
0.0657332 0.0763369 0.0767476 0.0874966 0.0436209 0.514815 0.13525
0.0328803 0.0658224 0.0594849 0.0566213 0.0106908 0.722018 0.0524825
0.0248295 0.0622528 0.0322276 0.0592633 0.00935947 0.750907 0.0611599
0.0692749 0.089393 0.0846896 0.0734144 0.0631676 0.551717 0.0683439
0.00146914 0.017105 0.0420837 0.0579874 0.0525421 0.755188 0.0736248
0.0413673 0.0637777 0.0465879 0.0617312 0.0683497 0.31231 0.405876
0.0291769 0.0464897 0.0481011 0.0580821 0.0465075 0.726446 0.0451967
9.995E-05 9.995E-05 9.995E-05 9.995E-05 9.995E-05 9.995E-05 0.9994
0.0125073 0.0211536 0.020215 0.027601 0.0231729 0.848774 0.0465758
0.979117 9.9973E-05 9.9973E-05 0.00239961 0.00848849 9.9973E-05 0.00969479
0.956334 0.00487692 0.0119967 9.9982E-05 0.00100447 0.0255876 9.9982E-05
9.995E-05 9.995E-05 9.995E-05 9.995E-05 0.9994 9.995E-05 9.995E-05
0.0221115 0.0308474 0.0343927 0.0610422 0.56721 0.235086 0.0493099
0.0040451 0.00686395 0.968334 9.9982E-05 0.00499668 0.0155602 9.9982E-05
0.000900842 0.975975 9.9991E-05 0.00871412 0.00125796 0.00236369 0.0106887
9.9973E-05 0.00285391 9.9973E-05 0.976287 0.0121055 9.9973E-05 0.00845339
0.0105462 0.862396 0.00566322 0.0226413 0.0228028 0.0612764 0.0146736
0.0271581 0.0236905 0.0249536 0.64681 0.0155027 0.249685 0.0121996
0.0662054 0.0731838 0.0725322 0.0959067 0.0412315 0.518078 0.132862
9.995E-05 9.995E-05 9.995E-05 9.995E-05 9.995E-05 0.9994 9.995E-05
0.0721514 0.0668222 0.0716359 0.0641015 0.04409 0.538339 0.14286
0.0518392 0.0739657 0.0686199 0.0578875 0.038048 0.632444 0.077196
9.9982E-05 0.0543365 0.0367529 0.0316887 9.9982E-05 0.805494 0.0715279
0.0156514 0.0119683 0.0429769 0.0729304 0.0625564 0.731362 0.0625543
0.0691085 0.0888958 0.0801756 0.0740522 0.0790604 0.542035 0.0666723
0.0505042 0.0719548 0.0619554 0.0710988 0.0696241 0.312333 0.36253
0.0221038 0.0450585 0.0314685 0.047288 0.0405742 0.752781 0.0607257
9.995E-05 9.995E-05 9.995E-05 9.995E-05 9.995E-05 9.995E-05 0.9994
0.0313826 0.032973 0.0478367 0.0572468 0.0470497 0.720367 0.063144
0.998581 9.9955E-05 9.9955E-05 9.9955E-05 9.9955E-05 9.9955E-05 0.000919243
0.9994 9.995E-05 9.995E-05 9.995E-05 9.995E-05 9.995E-05 9.995E-05
9.995E-05 9.995E-05 9.995E-05 9.995E-05 0.9994 9.995E-05 9.995E-05
0.0300624 0.045911 0.0272558 0.0538335 0.560751 0.240939 0.0412469
0.00981846 0.0196095 0.843167 0.0186398 0.0148181 0.0593359 0.0346116
9.995E-05 0.9994 9.995E-05 9.995E-05 9.995E-05 9.995E-05 9.995E-05
9.995E-05 9.995E-05 9.995E-05 0.9994 9.995E-05 9.995E-05 9.995E-05
0.0301465 0.741834 0.0274985 0.0341604 0.0325219 0.115518 0.018321
0.02853 0.0186804 0.0169211 0.659427 0.00696275 0.268679 0.000800065
0.0642286 0.0764059 0.0482551 0.0927838 0.0301627 0.552917 0.135247
9.995E-05 9.995E-05 9.995E-05 9.995E-05 9.995E-05 0.9994 9.995E-05
0.0445798 0.0813523 0.0729696 0.0941559 0.0833882 0.525954 0.0976004
0.0587216 0.056142 0.0689342 0.0762907 0.0389667 0.574068 0.126877
0.0535011 0.0549062 0.0651918 0.0484589 0.0429441 0.675441 0.0595573
0.0484811 0.070926 0.0616966 0.0502201 0.0178227 0.685074 0.0657794
0.0393387 0.0482294 0.0567866 0.119928 0.0818333 0.588203 0.0656805
0.0810532 0.0829285 0.0860039 0.0786605 0.0603469 0.538182 0.0728254
0.0151778 9.9982E-05 0.0218956 9.9982E-05 0.0276817 0.104237 0.830808
0.0279744 0.0454865 0.0356575 0.0506853 0.0208394 0.77879 0.0405669
0.0102683 0.00868648 9.9991E-05 0.0186018 0.00886164 0.00943969 0.944042
0.00103184 0.0369538 0.0465001 0.0298493 0.000571376 0.833473 0.0516211
0.950188 0.00646028 9.9982E-05 0.01285 0.0169342 9.9982E-05 0.0133679
0.9994 9.995E-05 9.995E-05 9.995E-05 9.995E-05 9.995E-05 9.995E-05
9.995E-05 9.995E-05 9.995E-05 9.995E-05 0.9994 9.995E-05 9.995E-05
0.00546933 0.0119615 9.99959E-05 0.00322831 0.922569 0.0557858 0.000885642
0.0017672 9.9955E-05 0.997733 9.9955E-05 9.9955E-05 9.9955E-05 9.9955E-05
9.995E-05 0.9994 9.995E-05 9.995E-05 9.995E-05 9.995E-05 9.995E-05
9.995E-05 9.995E-05 9.995E-05 0.9994 9.995E-05 9.995E-05 9.995E-05
9.995E-05 0.9994 9.995E-05 9.995E-05 9.995E-05 9.995E-05 9.995E-05
0.0265329 0.0215834 0.0126673 0.652495 0.0161777 0.270444 9.9991E-05
0.0605686 0.106651 0.0591944 0.0500332 0.0636585 0.583692 0.0762023
9.995E-05 9.995E-05 9.995E-05 9.995E-05 9.995E-05 0.9994 9.995E-05
0.0472478 0.0768532 0.0632392 0.0830755 0.0872303 0.523256 0.119098
0.0602278 0.0777421 0.0721475 0.0997832 0.0572969 0.504095 0.128708
0.0542684 0.0563561 0.0646754 0.0560494 0.0320186 0.686248 0.0503838
0.0286872 0.0773123 0.049791 0.0571578 0.0189395 0.691368 0.0767442
9.9991E-05 0.0148863 0.0432219 0.0712981 0.0528631 0.778444 0.0391864
0.0560913 0.101484 0.0767702 0.0766247 0.0728712 0.531271 0.0848881
0.0217616 0.000506973 0.0298536 0.0200727 0.0234397 0.0863969 0.817968
0.0120468 0.0301759 0.0239098 0.0269424 0.0286481 0.835421 0.0428556
9.995E-05 9.995E-05 9.995E-05 9.995E-05 9.995E-05 9.995E-05 0.9994
0.00778659 0.0236897 0.0523164 0.0341367 9.9991E-05 0.8307 0.0512708
0.955189 0.00558041 9.9991E-05 0.00618724 0.0173593 0.00330859 0.012275
0.997137 9.9955E-05 0.00236278 9.9955E-05 9.9955E-05 9.9955E-05 9.9955E-05
9.995E-05 9.995E-05 9.995E-05 9.995E-05 0.9994 9.995E-05 9.995E-05
9.995E-05 9.995E-05 9.995E-05 9.995E-05 0.9994 9.995E-05 9.995E-05
0.00229964 0.00575501 0.976734 9.9973E-05 0.0149111 9.9973E-05 9.9973E-05
0.00989576 0.979671 0.00240214 0.00478712 0.00127411 9.9991E-05 0.00186996
0.0571815 0.0548315 0.0667102 0.413501 0.0512149 0.288297 0.0682643
0.00557088 0.960018 9.9982E-05 9.9982E-05 0.00145969 0.0242327 0.00851919
9.995E-05 9.995E-05 9.995E-05 9.995E-05 9.995E-05 0.9994 9.995E-05
0.0743496 0.0534858 0.0393656 0.0947087 0.0358348 0.535745 0.166511
0.0480813 0.0866745 0.0703963 0.0788582 0.0815921 0.52752 0.106877
0.0670381 0.0789217 0.0866817 0.113798 0.0369931 0.520529 0.0960384
0.053133 0.0678792 0.0772862 0.066091 0.0237394 0.65579 0.0560811
0.0472451 0.0787985 0.0613437 0.0751892 0.0263612 0.631285 0.0797773
9.9991E-05 0.0154209 0.0391575 0.0610241 0.0570513 0.755053 0.0721933
0.0123788 0.0214986 0.0393308 0.0812733 0.0535231 0.743104 0.0488914
0.0451098 0.0985967 0.0880759 0.070252 0.0601234 0.571028 0.066814
0.0158943 0.00405686 0.021267 0.00255095 0.0279648 0.0703427 0.857923
0.0084442 0.0224249 0.0221254 0.0212138 0.0151906 0.885588 0.0250126
9.995E-05 9.995E-05 9.995E-05 9.995E-05 9.995E-05 9.995E-05 0.9994
0.0152167 0.0373403 0.0526808 0.0408863 0.000974583 0.807304 0.0455974
0.996058 9.9955E-05 9.9955E-05 9.9955E-05 9.9955E-05 9.9955E-05 0.00344179
0.00268795 0.0036223 9.9973E-05 9.9973E-05 0.956828 0.0365619 9.9973E-05
9.995E-05 9.995E-05 0.9994 9.995E-05 9.995E-05 9.995E-05 9.995E-05
0.0520935 0.0468195 0.493972 0.0511427 0.0692104 0.261404 0.0253575
0.0735677 0.0513855 0.0522779 0.323097 0.0698401 0.363606 0.0662263
9.995E-05 0.9994 9.995E-05 9.995E-05 9.995E-05 9.995E-05 9.995E-05
9.995E-05 9.995E-05 9.995E-05 0.9994 9.995E-05 9.995E-05 9.995E-05
0.0126012 0.857621 0.00539903 0.0152063 0.0273144 0.0637047 0.0181533
9.995E-05 9.995E-05 9.995E-05 9.995E-05 9.995E-05 0.9994 9.995E-05
0.0562355 0.0632029 0.067791 0.0866923 0.0647945 0.514141 0.147143
0.0637346 0.0745136 0.0613436 0.105308 0.0918502 0.498391 0.104859
0.0678613 0.0669483 0.0606049 0.0957291 0.061592 0.540032 0.107233
0.0335128 0.0730992 0.0839898 0.0804897 0.00927681 0.640256 0.0793762
0.0429864 0.074702 0.0421615 0.0625085 0.00825095 0.708698 0.0606931
0.00471133 0.0151263 0.0378641 0.0738888 0.0631906 0.748355 0.0568641
0.0289366 0.0402785 0.0671808 0.0737698 0.0805947 0.645199 0.0640407
0.0419466 0.096681 0.0855529 0.0720399 0.0527394 0.584647 0.0663928
0.0179218 0.0127862 0.0437583 0.012534 0.0310149 0.0849075 0.797077
0.0169395 0.0307926 0.02305 0.0322911 0.0258083 0.83599 0.0351284
9.995E-05 9.995E-05 9.995E-05 9.995E-05 9.995E-05 9.995E-05 0.9994
0.9994 9.995E-05 9.995E-05 9.995E-05 9.995E-05 9.995E-05 9.995E-05
