9.998E-05 9.998E-05 9.998E-05 0.9997
0.0075821 0.0171891 0.970966 0.00426244
0.0101269 0.0276653 0.961529 0.000678359
9.998E-05 0.9997 9.998E-05 9.998E-05
9.998E-05 0.9997 9.998E-05 9.998E-05
0.0690946 0.7401 0.103466 0.0873389
0.9997 9.998E-05 9.998E-05 9.998E-05
9.999E-05 0.916062 0.0800865 0.00375143
0.0915152 0.773639 0.0657875 0.0690588
0.0180343 0.88242 0.0688802 0.0306651
0.0918002 0.732239 0.0880076 0.0879536
0.105338 0.703325 0.126875 0.0644613
0.0969253 0.821852 0.0309544 0.0502679
0.096822 0.855514 0.0202299 0.0274343
0.56822 0.370334 0.0344145 0.0270312
0.0412202 0.848831 0.0805015 0.0294469
0.0530785 0.823894 0.101064 0.0219641
0.122561 0.707796 0.0904875 0.0791556
9.9991E-05 0.954262 0.0374491 0.00818907
0.0800609 0.782434 0.0805342 0.0569714
9.998E-05 0.9997 9.998E-05 9.998E-05
0.0572175 0.848497 0.051157 0.0431283
0.0131728 0.0487169 0.00854552 0.929565
9.998E-05 9.998E-05 0.9997 9.998E-05
0.00721013 0.0517897 0.930359 0.0106407
9.998E-05 0.9997 9.998E-05 9.998E-05
0.9997 9.998E-05 9.998E-05 9.998E-05
9.9991E-05 0.909118 0.0776528 0.0131289
0.940547 0.0316154 0.0159394 0.0118982
9.9991E-05 0.897051 0.0909056 0.0119432
0.0723304 0.815987 0.0433745 0.0683081
0.0164554 0.91366 0.0546727 0.0152116
0.119119 0.654175 0.118989 0.107717
0.0945725 0.834468 0.0188904 0.0520687
0.0891311 0.847398 0.036987 0.0264837
0.0875274 0.752512 0.08342 0.0765403
0.0411978 0.859092 0.0681234 0.0315868
0.0847525 0.791192 0.0770221 0.0470329
0.0662509 0.838471 0.0610335 0.034245
9.998E-05 0.9997 9.998E-05 9.998E-05
0.0659147 0.796398 0.067917 0.0697702
9.998E-05 9.998E-05 9.998E-05 0.9997
0.00823596 0.0383548 9.9991E-05 0.953309
9.998E-05 9.998E-05 0.9997 9.998E-05
0.0124666 0.0916002 0.885301 0.0106326
9.998E-05 0.9997 9.998E-05 9.998E-05
0.9997 9.998E-05 9.998E-05 9.998E-05
0.0390096 0.838436 0.0770789 0.0454757
0.9997 9.998E-05 9.998E-05 9.998E-05
0.0379748 0.826336 0.086489 0.0492005
0.0943041 0.79125 0.0422168 0.0722292
0.019441 0.899586 0.0567571 0.024216
0.0834052 0.76771 0.0716119 0.0772726
0.0928971 0.813452 0.0411577 0.052493
0.079939 0.835237 0.0426153 0.0422088
0.112369 0.713456 0.0942688 0.0799064
0.0344626 0.85874 0.0832261 0.023571
0.0511095 0.826303 0.0800727 0.0425144
0.0761252 0.793097 0.0839347 0.0468436
9.998E-05 0.9997 9.998E-05 9.998E-05
0.0597789 0.854725 0.0528676 0.0326285
9.9982E-05 9.9982E-05 0.00551825 0.994282
0.0164469 0.0333542 9.9991E-05 0.950099
9.998E-05 9.998E-05 0.9997 9.998E-05
0.048288 0.32491 0.584073 0.0427296
0.00234301 0.995647 9.9991E-05 0.00190982
0.984943 0.00268885 0.00729464 0.00507369
9.9991E-05 0.880623 0.0973822 0.0218948
0.856507 0.100262 0.0320412 0.0111889
0.0290526 0.843449 0.0754925 0.0520061
0.0734743 0.793331 0.0561973 0.0769971
0.0103293 0.907616 0.0539927 0.0280621
0.0814119 0.777281 0.0715965 0.0697111
0.0975428 0.768014 0.0678681 0.0665753
0.0861289 0.87933 0.0153394 0.019202
0.0485502 0.805396 0.12027 0.025784
0.102205 0.730448 0.0871344 0.080213
0.0626525 0.806382 0.0709911 0.0599748
0.0648939 0.824724 0.0671895 0.0431926
9.998E-05 0.9997 9.998E-05 9.998E-05
0.0670822 0.813353 0.0699784 0.0495863
9.998E-05 9.998E-05 9.998E-05 0.9997
9.998E-05 9.998E-05 9.998E-05 0.9997
9.998E-05 9.998E-05 0.9997 9.998E-05
0.0483907 0.317379 0.588536 0.0456945
0.0290613 0.955989 0.00491182 0.0100382
0.9997 9.998E-05 9.998E-05 9.998E-05
9.9991E-05 0.899046 0.0892511 0.0116027
0.757664 0.176507 0.021463 0.0443667
0.0221424 0.851568 0.0837269 0.0425623
0.0643618 0.818122 0.0390293 0.0784874
0.0140901 0.912445 0.0449987 0.0284663
0.0910674 0.741205 0.103628 0.0640998
0.0689026 0.812412 0.0445932 0.0740921
0.0816688 0.782766 0.0771624 0.0584028
0.0957004 0.785944 0.0522037 0.0661522
0.0734794 0.750522 0.122522 0.0534765
0.113017 0.715777 0.0853279 0.0858778
9.9982E-05 0.974567 0.025233 9.9982E-05
0.0766384 0.825114 0.0582254 0.040022
0.00401687 0.995206 0.0006774 9.9991E-05
0.0679 0.86825 0.0273628 0.0364876
9.9991E-05 0.0212533 0.0124302 0.966217
9.998E-05 9.998E-05 9.998E-05 0.9997
9.998E-05 9.998E-05 0.9997 9.998E-05
0.0104789 0.0479021 0.925846 0.0157729
9.9982E-05 0.991674 9.9982E-05 0.00812595
0.9997 9.998E-05 9.998E-05 9.998E-05
9.9991E-05 0.902446 0.0901196 0.00733392
0.9997 9.998E-05 9.998E-05 9.998E-05
0.0217812 0.86185 0.0768323 0.0395365
0.137995 0.714814 0.0757459 0.0714459
0.0221631 0.905866 0.0441976 0.0277731
0.0861018 0.743279 0.115778 0.0548417
0.0882312 0.767365 0.083303 0.0611006
0.0721717 0.800421 0.0592474 0.0681599
0.098675 0.794515 0.0506891 0.0561206
0.0423782 0.844951 0.100011 0.0126597
0.11565 0.705603 0.104562 0.0741857
9.9991E-05 0.964303 0.031688 0.00390896
0.0705965 0.836311 0.0608285 0.0322643
9.998E-05 0.9997 9.998E-05 9.998E-05
0.0563207 0.886527 0.0261528 0.0309992
0.00416582 0.0213438 0.00858707 0.965903
9.998E-05 9.998E-05 9.998E-05 0.9997
9.998E-05 9.998E-05 0.9997 9.998E-05
9.998E-05 9.998E-05 0.9997 9.998E-05
0.000866455 0.991972 9.9991E-05 0.00706118
0.988754 0.00470883 0.00643767 9.9991E-05
0.0596912 0.776657 0.0924823 0.0711692
0.972719 0.0124536 0.00556125 0.00926667
0.0264055 0.895666 0.054452 0.0234768
0.0654857 0.783815 0.0608821 0.0898174
0.0937663 0.723624 0.120612 0.0619975
0.0996498 0.760752 0.0556237 0.0839746
0.0785356 0.794148 0.058474 0.0688426
0.0990676 0.790589 0.0484759 0.0618679
0.0337938 0.852293 0.083423 0.0304898
0.0483353 0.825813 0.103646 0.0222058
0.126701 0.73105 0.0844261 0.0578229
9.9991E-05 0.9764 0.019824 0.0036761
0.0633605 0.853019 0.0551981 0.0284223
9.998E-05 0.9997 9.998E-05 9.998E-05
0.0634117 0.871095 0.0358279 0.0296656
9.998E-05 9.998E-05 9.998E-05 0.9997
0.00335726 0.0182581 0.972704 0.00568092
9.998E-05 0.9997 9.998E-05 9.998E-05
0.0569865 0.812595 0.0716673 0.058751
0.0699824 0.735917 0.114379 0.079722
0.9997 9.998E-05 9.998E-05 9.998E-05
9.9991E-05 0.917066 0.0787679 0.00406576
0.876305 0.0927404 0.0153997 0.015555
0.0121939 0.920057 0.0534256 0.014323
0.0818159 0.767593 0.0820263 0.068565
0.089834 0.723618 0.123931 0.0626172
0.0875358 0.747021 0.0831474 0.0822957
0.0798522 0.839387 0.0407504 0.0400107
0.0896272 0.802876 0.0443687 0.0631279
0.0319201 0.845882 0.0907731 0.0314246
0.0576384 0.784574 0.112129 0.0456594
0.121639 0.751052 0.068057 0.0592514
0.00537128 0.962808 0.0317202 9.9991E-05
0.0643493 0.829474 0.0684852 0.0376915
9.998E-05 0.9997 9.998E-05 9.998E-05
9.998E-05 9.998E-05 9.998E-05 0.9997
