9.996E-05 9.996E-05 0.9995 9.996E-05 9.996E-05 9.996E-05
0.00911222 0.96153 0.00206231 0.0270957 9.9982E-05 9.9982E-05
0.00853846 0.957783 0.00821461 0.0209786 0.0043849 9.9991E-05
9.996E-05 9.996E-05 9.996E-05 0.9995 9.996E-05 9.996E-05
9.996E-05 9.996E-05 9.996E-05 0.9995 9.996E-05 9.996E-05
0.0728494 0.082899 0.082962 0.275998 0.0537474 0.431544
0.9995 9.996E-05 9.996E-05 9.996E-05 9.996E-05 9.996E-05
9.996E-05 9.996E-05 9.996E-05 9.996E-05 9.996E-05 0.9995
0.104239 0.0515973 0.0865118 0.47854 0.152244 0.126868
0.00325658 0.0351593 0.00433913 0.957045 9.9982E-05 9.9982E-05
0.0858714 0.0959942 0.0769996 0.483386 0.1427 0.115049
0.103109 0.123529 0.0661625 0.442781 0.134368 0.130051
0.0946971 0.0479646 0.0626511 0.623389 0.0726125 0.0986857
0.100004 0.0225186 0.0308643 0.685487 0.0945158 0.0666098
0.564363 0.0461035 0.0203435 0.295236 0.0242248 0.0497294
0.0528971 0.0905213 0.0222683 0.62769 0.0843772 0.122247
0.0539994 0.100827 0.0243298 0.618924 0.0777918 0.124128
0.11553 0.0941278 0.0809734 0.508669 0.0999258 0.100774
0.0119363 0.0396973 0.0235667 0.101358 0.812347 0.0110944
0.0781804 0.0670222 0.0596855 0.596628 0.10614 0.0923443
9.9973E-05 0.00865978 9.9973E-05 9.9973E-05 0.989096 0.00194479
0.0605361 0.0486264 0.0410079 0.671213 0.0923348 0.086282
0.0230481 0.00724094 0.927363 0.0316278 9.9991E-05 0.0106204
9.996E-05 0.9995 9.996E-05 9.996E-05 9.996E-05 9.996E-05
0.0184398 0.925383 0.0210221 0.0347151 0.000340434 9.9991E-05
9.996E-05 9.996E-05 9.996E-05 0.9995 9.996E-05 9.996E-05
0.9995 9.996E-05 9.996E-05 9.996E-05 9.996E-05 9.996E-05
9.996E-05 9.996E-05 9.996E-05 9.996E-05 9.996E-05 0.9995
0.932152 0.00515569 0.0155244 0.0288124 0.00133838 0.0170173
9.996E-05 9.996E-05 9.996E-05 9.996E-05 9.996E-05 0.9995
0.079629 0.0341708 0.0797135 0.515126 0.158742 0.132618
9.9964E-05 0.0120615 9.9964E-05 0.987539 9.9964E-05 9.9964E-05
0.101548 0.112873 0.114541 0.413611 0.125582 0.131845
0.0927311 0.0290174 0.0558247 0.641621 0.0740815 0.106724
0.0912461 0.0299843 0.0340465 0.661626 0.112759 0.0703388
0.0862545 0.0877076 0.0843799 0.545092 0.109991 0.086575
0.0438628 0.0875366 0.0280685 0.636028 0.0929752 0.111529
0.0836257 0.0751916 0.0549006 0.524869 0.110754 0.150659
0.0632813 0.0637027 0.0431193 0.641836 0.0945881 0.0934725
9.996E-05 9.996E-05 9.996E-05 9.996E-05 0.9995 9.996E-05
0.0499225 0.0795508 0.062021 0.589415 0.117238 0.101853
9.996E-05 9.996E-05 0.9995 9.996E-05 9.996E-05 9.996E-05
0.00653181 9.9982E-05 0.950837 0.0407981 0.0016327 9.9982E-05
9.996E-05 0.9995 9.996E-05 9.996E-05 9.996E-05 9.996E-05
0.0127247 0.892758 0.0134989 0.055436 9.9991E-05 0.0254823
9.996E-05 9.996E-05 9.996E-05 0.9995 9.996E-05 9.996E-05
0.9995 9.996E-05 9.996E-05 9.996E-05 9.996E-05 9.996E-05
0.0380752 0.0299258 0.0409187 0.215513 0.0241861 0.651381
0.9995 9.996E-05 9.996E-05 9.996E-05 9.996E-05 9.996E-05
0.0418448 0.0290091 0.0415841 0.200156 0.00612428 0.681282
0.0888386 0.0366033 0.081517 0.51137 0.156086 0.125585
0.00116896 0.0320811 0.00139879 0.964193 9.9991E-05 0.00105859
0.0885646 0.0694057 0.068601 0.494298 0.155496 0.123635
0.0870901 0.0537217 0.0533286 0.623363 0.0862029 0.0962937
0.080673 0.0461848 0.0576056 0.616147 0.107689 0.0917015
0.0981868 0.0937573 0.0747642 0.529868 0.0978633 0.105561
0.0444156 0.0884258 0.0145919 0.627105 0.102426 0.123036
0.0733329 0.0777701 0.0501745 0.307466 0.420551 0.0707051
0.0756347 0.0801909 0.0452296 0.598644 0.100772 0.099528
9.996E-05 9.996E-05 9.996E-05 9.996E-05 0.9995 9.996E-05
0.0512453 0.0526204 0.0368878 0.698691 0.0869899 0.0735656
9.9982E-05 0.00559063 0.982588 9.9982E-05 0.005395 0.00622631
0.00530738 9.9973E-05 0.967816 0.0265771 9.9973E-05 9.9973E-05
9.996E-05 0.9995 9.996E-05 9.996E-05 9.996E-05 9.996E-05
0.0326734 0.577716 0.0499402 0.209358 0.0555656 0.074747
9.996E-05 9.996E-05 9.996E-05 0.9995 9.996E-05 9.996E-05
0.973967 0.0077701 0.0127358 0.00370746 0.00049426 0.00132556
9.9973E-05 0.000167369 9.9973E-05 9.9973E-05 0.00755881 0.991974
0.854899 0.0189702 0.0125673 0.0614265 0.0187271 0.0334102
0.0352726 0.0135462 0.0353199 0.188333 0.0126318 0.714897
0.0876593 0.0558122 0.0784308 0.497505 0.146899 0.133694
9.9964E-05 0.0241228 9.9964E-05 0.975477 9.9964E-05 9.9964E-05
0.087054 0.0635862 0.0929631 0.491293 0.156657 0.108447
0.102998 0.060918 0.0692257 0.55067 0.105028 0.111161
0.0898413 0.0273366 0.0277168 0.661362 0.11357 0.0801736
0.0499133 0.110324 0.0228693 0.611893 0.0742303 0.13077
0.094892 0.092406 0.0759128 0.546436 0.0876541 0.102699
0.0774154 0.0921172 0.0663087 0.306097 0.379615 0.0784474
0.0577624 0.0782855 0.034654 0.635839 0.0947015 0.0987579
9.996E-05 9.996E-05 9.996E-05 9.996E-05 0.9995 9.996E-05
0.0680045 0.077559 0.0524959 0.59945 0.105863 0.0966275
9.996E-05 9.996E-05 0.9995 9.996E-05 9.996E-05 9.996E-05
9.996E-05 9.996E-05 0.9995 9.996E-05 9.996E-05 9.996E-05
9.996E-05 0.9995 9.996E-05 9.996E-05 9.996E-05 9.996E-05
0.0380806 0.598493 0.0309394 0.219228 0.0462751 0.0669838
0.00871959 9.9991E-05 0.00820254 0.968684 0.00185031 0.0124432
0.9995 9.996E-05 9.996E-05 9.996E-05 9.996E-05 9.996E-05
9.996E-05 9.996E-05 9.996E-05 9.996E-05 9.996E-05 0.9995
0.746442 0.0472659 0.0321484 0.113011 0.0241615 0.0369714
0.0385176 0.0196789 0.028772 0.185437 0.0144991 0.713096
0.0826015 0.0447721 0.0856566 0.500549 0.158137 0.128284
9.9964E-05 0.00807572 9.9964E-05 0.991524 9.9964E-05 9.9964E-05
0.0975675 0.108192 0.062709 0.490702 0.122953 0.117876
0.0713618 0.0559888 0.0721049 0.529528 0.159722 0.111295
0.0800848 0.0787348 0.0696759 0.588757 0.0934085 0.0893391
0.0943152 0.0492106 0.0610301 0.602507 0.0952362 0.0977005
0.0755086 0.105559 0.0497574 0.528269 0.0830201 0.157886
0.10316 0.0840281 0.0722191 0.549236 0.0917637 0.0995937
0.0075761 0.0372147 0.0193804 0.088786 0.846943 9.9991E-05
0.0785552 0.0652246 0.0366911 0.639814 0.0871054 0.0926099
0.00767162 0.00163067 0.00633657 0.0216305 0.944296 0.0184342
0.0722637 0.0315531 0.0305562 0.693404 0.0848702 0.0873527
0.00446889 0.0171319 0.960793 9.9991E-05 0.00287085 0.0146354
9.996E-05 9.996E-05 0.9995 9.996E-05 9.996E-05 9.996E-05
9.996E-05 0.9995 9.996E-05 9.996E-05 9.996E-05 9.996E-05
0.0110264 0.924957 0.0115251 0.0372787 0.00801463 0.00719856
9.996E-05 9.996E-05 9.996E-05 0.9995 9.996E-05 9.996E-05
0.9995 9.996E-05 9.996E-05 9.996E-05 9.996E-05 9.996E-05
9.996E-05 9.996E-05 9.996E-05 9.996E-05 9.996E-05 0.9995
0.9995 9.996E-05 9.996E-05 9.996E-05 9.996E-05 9.996E-05
0.0374645 0.012518 0.02213 0.19697 0.00500055 0.725917
0.126741 0.0725142 0.0754868 0.542569 0.100557 0.0821319
0.00563159 0.0175068 9.9982E-05 0.974392 9.9982E-05 0.00226999
0.0933996 0.110808 0.0567074 0.484788 0.131719 0.122578
0.0972361 0.0649467 0.0660566 0.486642 0.153579 0.13154
0.0701837 0.0629504 0.0715672 0.601375 0.0877008 0.106222
0.0968749 0.0630611 0.0497132 0.572818 0.115376 0.102156
0.0397078 0.0964917 0.0134012 0.65156 0.0705404 0.128299
0.108846 0.101243 0.090069 0.504985 0.0893582 0.1055
0.0116668 0.0407829 0.0164834 0.0807748 0.83118 0.0191125
0.0624739 0.0676876 0.0412134 0.685331 0.0762206 0.0670734
9.996E-05 9.996E-05 9.996E-05 9.996E-05 0.9995 9.996E-05
0.0635533 0.0299942 0.038551 0.709377 0.0886994 0.069825
9.9991E-05 0.0140691 0.961219 0.0047168 0.012138 0.00775737
9.996E-05 9.996E-05 0.9995 9.996E-05 9.996E-05 9.996E-05
9.996E-05 0.9995 9.996E-05 9.996E-05 9.996E-05 9.996E-05
9.996E-05 0.9995 9.996E-05 9.996E-05 9.996E-05 9.996E-05
9.996E-05 9.996E-05 9.996E-05 0.9995 9.996E-05 9.996E-05
0.981429 9.9973E-05 9.9973E-05 0.00788294 9.9973E-05 0.0103885
0.0597588 0.0725407 0.0609484 0.280791 0.0786081 0.447353
0.977211 0.00419349 9.9991E-05 0.0129485 0.00234219 0.00320483
9.9982E-05 0.0225584 0.00428816 0.972263 9.9982E-05 0.00069004
0.074067 0.0593988 0.0890375 0.476368 0.180687 0.120441
0.0957469 0.115653 0.0660628 0.480025 0.125016 0.117497
0.101279 0.0573564 0.0843285 0.491787 0.125934 0.139315
0.0791111 0.067728 0.0686646 0.59598 0.0807493 0.107767
0.10585 0.042256 0.0645169 0.550541 0.101415 0.135421
0.0420584 0.087478 0.0260868 0.625306 0.103558 0.115512
0.054421 0.0879947 0.0218066 0.628942 0.0720335 0.134802
0.123435 0.0853601 0.0547052 0.54601 0.0806615 0.109829
0.001308 0.0429914 0.0141718 0.0730358 0.868393 9.9991E-05
0.0604898 0.0591785 0.0247571 0.699321 0.0784859 0.0777676
9.996E-05 9.996E-05 9.996E-05 9.996E-05 0.9995 9.996E-05
0.065476 0.0403954 0.0335264 0.694425 0.0761047 0.0900724
9.9964E-05 9.9964E-05 0.997831 9.9964E-05 0.00176886 9.9964E-05
0.00380162 0.962716 0.0025545 0.0307276 9.9982E-05 9.9982E-05
9.996E-05 9.996E-05 9.996E-05 0.9995 9.996E-05 9.996E-05
0.0498224 0.0534721 0.0588102 0.764805 0.0236985 0.0493923
0.0708625 0.0806822 0.0672085 0.348407 0.0769143 0.355925
0.9995 9.996E-05 9.996E-05 9.996E-05 9.996E-05 9.996E-05
9.996E-05 9.996E-05 9.996E-05 9.996E-05 9.996E-05 0.9995
0.868393 0.0236885 0.0274807 0.0352306 0.0223122 0.0228954
9.9964E-05 0.0163664 9.9964E-05 0.983234 9.9964E-05 9.9964E-05
0.0842425 0.0881051 0.0713454 0.478611 0.170107 0.107588
0.0967089 0.11815 0.0632461 0.456843 0.135099 0.129953
0.0913559 0.0750533 0.0853625 0.483428 0.145141 0.119659
0.0852027 0.0432631 0.0366638 0.591805 0.123892 0.119173
0.0993276 0.0376128 0.0728898 0.587393 0.085954 0.116823
0.0444545 0.0975367 0.0204328 0.636291 0.0884217 0.112863
0.0588416 0.10051 0.0440998 0.57531 0.0898835 0.131355
0.130517 0.0733258 0.0558859 0.540069 0.0910187 0.109183
0.0097829 0.035084 0.0214023 0.100197 0.812306 0.0212281
0.0660592 0.0613142 0.0386698 0.681616 0.0759612 0.0763796
9.996E-05 9.996E-05 9.996E-05 9.996E-05 0.9995 9.996E-05
9.996E-05 9.996E-05 0.9995 9.996E-05 9.996E-05 9.996E-05
