0.999201 9.993E-05 9.993E-05 9.993E-05 9.993E-05 9.993E-05 9.993E-05 9.993E-05 9.993E-05
0.00608146 9.9973E-05 9.9973E-05 0.943024 0.0170022 0.0206627 9.9973E-05 0.00605545 0.00687446
0.00450531 0.0034696 9.9973E-05 0.948573 0.00874103 0.0276656 9.9973E-05 9.9973E-05 0.00674506
9.993E-05 9.993E-05 9.993E-05 9.993E-05 9.993E-05 9.993E-05 9.993E-05 0.999201 9.993E-05
9.993E-05 9.993E-05 9.993E-05 9.993E-05 9.993E-05 9.993E-05 9.993E-05 0.999201 9.993E-05
0.0659055 0.0296656 0.141679 0.058088 0.061506 0.149607 0.39904 0.0460445 0.0484646
9.993E-05 9.993E-05 9.993E-05 9.993E-05 0.999201 9.993E-05 9.993E-05 9.993E-05 9.993E-05
9.993E-05 9.993E-05 9.993E-05 9.993E-05 9.993E-05 9.993E-05 0.999201 9.993E-05 9.993E-05
0.0656428 0.107285 0.439235 0.0504344 0.053827 0.14547 0.0710423 0.0406812 0.0263812
0.000594457 9.9964E-05 9.9964E-05 0.00780036 0.00617601 9.9964E-05 9.9964E-05 0.00116121 0.983868
0.0743898 0.0969035 0.279616 0.0651333 0.0572574 0.195491 0.078904 0.083136 0.0691691
0.0588384 0.101882 0.210893 0.101153 0.0742207 0.241487 0.0882106 0.0524542 0.0708605
9.993E-05 9.993E-05 0.999201 9.993E-05 9.993E-05 9.993E-05 9.993E-05 9.993E-05 9.993E-05
9.993E-05 9.993E-05 0.999201 9.993E-05 9.993E-05 9.993E-05 9.993E-05 9.993E-05 9.993E-05
0.015351 9.9991E-05 0.214128 0.0265934 0.533704 0.134682 0.0180798 0.0119219 0.0454404
0.00819522 0.0361425 0.130504 0.0571663 0.0211428 0.535376 0.0777938 0.0438144 0.0898653
0.00222975 0.0401426 0.321471 0.0830846 0.0153391 0.351517 0.0664502 0.04909 0.0706759
0.0651615 0.0610867 0.273042 0.0784378 0.0850393 0.254431 0.0681001 0.0742465 0.0404552
0.0376641 0.789485 0.0184595 0.0319096 0.0185567 0.0419678 0.0098608 0.0223254 0.0297709
0.0311035 0.0430345 0.0210679 0.0400274 0.0274797 0.750694 0.0311198 0.0443941 0.0110793
9.9955E-05 0.988333 9.9955E-05 0.00104351 0.00270505 9.9955E-05 0.00741894 9.9955E-05 9.9955E-05
0.00640206 0.0143734 9.9964E-05 9.9964E-05 9.9964E-05 0.966409 0.00406132 0.00835476 9.9964E-05
0.923085 9.9982E-05 0.0137815 0.00798168 0.0143498 0.0213142 0.00420975 0.015078 9.9982E-05
9.993E-05 9.993E-05 9.993E-05 0.999201 9.993E-05 9.993E-05 9.993E-05 9.993E-05 9.993E-05
0.00600195 9.9973E-05 0.011929 0.920624 0.0199237 0.0304577 9.9973E-05 9.9973E-05 0.010764
9.993E-05 9.993E-05 9.993E-05 9.993E-05 9.993E-05 9.993E-05 9.993E-05 0.999201 9.993E-05
9.993E-05 9.993E-05 9.993E-05 9.993E-05 0.999201 9.993E-05 9.993E-05 9.993E-05 9.993E-05
9.993E-05 9.993E-05 9.993E-05 9.993E-05 9.993E-05 9.993E-05 0.999201 9.993E-05 9.993E-05
0.0108298 0.00557956 0.0106106 0.00715755 0.928925 0.0129454 0.0116897 0.00113596 0.0111261
9.993E-05 9.993E-05 9.993E-05 9.993E-05 9.993E-05 9.993E-05 0.999201 9.993E-05 9.993E-05
0.0548221 0.105701 0.49052 0.0234783 0.0411894 0.168328 0.0653354 0.0380549 0.0125705
9.993E-05 9.993E-05 9.993E-05 9.993E-05 9.993E-05 9.993E-05 9.993E-05 9.993E-05 0.999201
0.0965261 0.0866322 0.229011 0.0728039 0.111865 0.146811 0.108622 0.0775995 0.0701307
9.99369E-05 9.99369E-05 0.995736 9.99369E-05 9.99369E-05 9.99369E-05 9.99369E-05 0.0035645 9.99369E-05
9.993E-05 9.993E-05 0.999201 9.993E-05 9.993E-05 9.993E-05 9.993E-05 9.993E-05 9.993E-05
0.0513866 0.0669667 0.33623 0.0619901 0.0558985 0.281396 0.0453733 0.0335952 0.0671633
0.00947916 0.0497607 0.13132 0.047051 0.0112705 0.559877 0.0705947 0.0364225 0.084224
0.0378803 0.0764809 0.256515 0.0432573 0.0509371 0.306971 0.101749 0.0641643 0.0620447
9.99369E-05 9.99369E-05 9.99369E-05 9.99369E-05 9.99369E-05 0.993323 0.0059773 9.99369E-05 9.99369E-05
9.993E-05 0.999201 9.993E-05 9.993E-05 9.993E-05 9.993E-05 9.993E-05 9.993E-05 9.993E-05
0.0423067 0.0401015 0.0599479 0.0200623 0.0168015 0.758164 0.0400308 0.0209331 0.00165251
0.999201 9.993E-05 9.993E-05 9.993E-05 9.993E-05 9.993E-05 9.993E-05 9.993E-05 9.993E-05
0.943788 0.00133895 0.0231472 9.9973E-05 0.0108931 0.0149786 9.9973E-05 0.00555377 9.9973E-05
9.993E-05 9.993E-05 9.993E-05 0.999201 9.993E-05 9.993E-05 9.993E-05 9.993E-05 9.993E-05
0.00804654 9.9982E-05 0.00859528 0.880185 0.016978 0.0427842 0.0249846 9.9982E-05 0.0182265
9.993E-05 9.993E-05 9.993E-05 9.993E-05 9.993E-05 9.993E-05 9.993E-05 0.999201 9.993E-05
9.993E-05 9.993E-05 9.993E-05 9.993E-05 0.999201 9.993E-05 9.993E-05 9.993E-05 9.993E-05
0.0296617 0.00762846 0.186931 0.0254336 0.0213763 0.0866371 0.581836 0.0260332 0.0344627
9.993E-05 9.993E-05 9.993E-05 9.993E-05 0.999201 9.993E-05 9.993E-05 9.993E-05 9.993E-05
0.0367131 9.9991E-05 0.182451 0.0182802 0.0333044 0.0569969 0.61343 0.0261928 0.0325318
0.0743102 0.0999104 0.437972 0.0375634 0.0562019 0.166032 0.0657408 0.0400187 0.0222507
0.00136409 9.9964E-05 9.9964E-05 9.9964E-05 0.000524044 9.9964E-05 0.00430459 0.00206486 0.991343
0.0635352 0.11227 0.360559 0.0444296 0.0483629 0.201755 0.0673181 0.0533742 0.048396
0.0113903 9.99459E-05 0.978148 9.99459E-05 9.99459E-05 9.99459E-05 9.99459E-05 0.00986193 9.99459E-05
9.993E-05 9.993E-05 0.999201 9.993E-05 9.993E-05 9.993E-05 9.993E-05 9.993E-05 9.993E-05
0.0625274 0.0641732 0.266384 0.0638167 0.0740037 0.246616 0.0667634 0.0737315 0.0819835
0.00660686 0.0556328 0.129235 0.0527283 0.00680165 0.547933 0.0808615 0.0383293 0.0818718
0.0507549 0.389734 0.175612 0.0693873 0.0471087 0.134237 0.0477952 0.0416366 0.0437345
0.0087951 0.0157476 9.9991E-05 0.0354283 0.018657 0.873894 0.0278739 0.00405607 0.0154476
9.993E-05 0.999201 9.993E-05 9.993E-05 9.993E-05 9.993E-05 9.993E-05 9.993E-05 9.993E-05
9.993E-05 9.993E-05 9.993E-05 9.993E-05 9.993E-05 0.999201 9.993E-05 9.993E-05 9.993E-05
0.981912 0.00595016 9.9955E-05 0.00990959 9.9955E-05 9.9955E-05 0.00172883 9.9955E-05 9.9955E-05
0.951674 9.9973E-05 0.00862088 9.9973E-05 0.00551777 0.0174605 9.9973E-05 0.00980807 0.00661906
9.993E-05 9.993E-05 9.993E-05 0.999201 9.993E-05 9.993E-05 9.993E-05 9.993E-05 9.993E-05
0.0326573 0.0420469 0.0800726 0.575958 0.0299624 0.122264 0.0609 0.0261501 0.0299887
0.0137063 0.00785043 0.000842031 0.00223669 9.9982E-05 0.00734345 0.00308641 0.964735 9.9982E-05
0.000278981 0.0112109 9.99674E-05 9.99674E-05 0.971554 0.00705004 0.00950611 9.99674E-05 9.99674E-05
9.99459E-05 0.0112223 9.99459E-05 0.0112073 9.99459E-05 9.99459E-05 0.976971 9.99459E-05 9.99459E-05
0.0148013 0.0220689 0.00328184 0.034611 0.852444 0.0193314 0.0202483 0.0186414 0.0145723
0.0224101 0.00478637 0.187177 0.011272 0.019714 0.0699392 0.636036 0.0124733 0.0361926
0.0614619 0.10877 0.395434 0.0428958 0.0521149 0.181918 0.0696183 0.0477445 0.0400417
9.993E-05 9.993E-05 9.993E-05 9.993E-05 9.993E-05 9.993E-05 9.993E-05 9.993E-05 0.999201
0.0581105 0.121914 0.385315 0.0576636 0.0566568 0.161675 0.0504071 0.0564643 0.0517937
0.0340749 0.0275792 0.676208 0.0377154 0.0362917 0.110852 0.0274639 0.0333207 0.0164947
9.993E-05 9.993E-05 0.999201 9.993E-05 9.993E-05 9.993E-05 9.993E-05 9.993E-05 9.993E-05
0.00844138 0.040159 0.333804 0.0778547 0.00638075 0.342423 0.0665675 0.0530796 0.0712898
0.0684436 0.063075 0.284667 0.0810888 0.0752184 0.240382 0.0449421 0.0701068 0.0720762
0.0631594 0.351718 0.19046 0.0666226 0.0402706 0.135704 0.052751 0.047107 0.0522065
9.9973E-05 0.00631241 9.9973E-05 0.0254712 0.00491322 0.951734 0.0108552 9.9973E-05 0.000414135
9.993E-05 0.999201 9.993E-05 9.993E-05 9.993E-05 9.993E-05 9.993E-05 9.993E-05 9.993E-05
0.0140931 0.0217154 0.056778 0.0304292 0.00573651 0.815499 0.0216594 0.0298492 0.0042397
0.999201 9.993E-05 9.993E-05 9.993E-05 9.993E-05 9.993E-05 9.993E-05 9.993E-05 9.993E-05
0.999201 9.993E-05 9.993E-05 9.993E-05 9.993E-05 9.993E-05 9.993E-05 9.993E-05 9.993E-05
9.993E-05 9.993E-05 9.993E-05 0.999201 9.993E-05 9.993E-05 9.993E-05 9.993E-05 9.993E-05
0.0478282 0.0327574 0.0760625 0.570571 0.0335353 0.127107 0.0587864 0.0106918 0.0426611
0.0130223 0.0308391 0.0295256 0.0185624 0.0168358 0.0412042 9.9991E-05 0.841433 0.00847772
9.993E-05 9.993E-05 9.993E-05 9.993E-05 0.999201 9.993E-05 9.993E-05 9.993E-05 9.993E-05
9.993E-05 9.993E-05 9.993E-05 9.993E-05 9.993E-05 9.993E-05 0.999201 9.993E-05 9.993E-05
0.0281651 0.025664 0.0516965 0.0331111 0.746859 0.0496635 0.0202772 0.0171633 0.0273999
0.022817 9.9991E-05 0.181199 0.0147915 0.0169147 0.0729576 0.646215 0.00674879 0.0382567
0.058155 0.102369 0.469367 0.0343905 0.0410395 0.157883 0.070442 0.0387506 0.0276039
9.993E-05 9.993E-05 9.993E-05 9.993E-05 9.993E-05 9.993E-05 9.993E-05 9.993E-05 0.999201
0.0485457 0.0952517 0.242075 0.0857391 0.0619155 0.246941 0.0750777 0.0640631 0.080391
0.0521891 0.118409 0.437072 0.0386327 0.0386516 0.164867 0.0439849 0.0532927 0.0529009
0.0440987 0.0251954 0.664297 0.0331581 0.0179283 0.130951 0.0228015 0.0322459 0.029324
0.023692 0.0269491 0.83523 0.00738953 0.0189484 0.0207361 0.0188032 0.0234227 0.0248285
0.0296715 0.0543855 0.288417 0.0907899 0.0439677 0.26095 0.107015 0.0576007 0.0672032
0.0708858 0.0537516 0.280692 0.068776 0.0684625 0.244018 0.0490145 0.0798838 0.0845154
0.0149073 0.836469 0.0205634 0.0294942 0.0131513 0.0373696 0.00186537 0.0219643 0.0242152
0.0120133 0.00332573 9.9964E-05 9.9964E-05 0.00529445 0.978219 0.000747261 9.9964E-05 9.9964E-05
0.00969967 0.931937 0.0141954 0.0170092 0.00795826 9.9991E-05 0.0121503 0.00210849 0.00484134
9.993E-05 9.993E-05 9.993E-05 9.993E-05 9.993E-05 0.999201 9.993E-05 9.993E-05 9.993E-05
0.946172 0.00891156 0.00584216 0.0173109 9.9973E-05 9.9973E-05 0.0188158 9.9973E-05 0.0026477
0.999201 9.993E-05 9.993E-05 9.993E-05 9.993E-05 9.993E-05 9.993E-05 9.993E-05 9.993E-05
9.993E-05 9.993E-05 9.993E-05 0.999201 9.993E-05 9.993E-05 9.993E-05 9.993E-05 9.993E-05
0.0142209 0.00433303 0.0051792 0.917116 0.00536872 0.0370749 9.9991E-05 0.00452555 0.0120815
0.00357963 9.9937E-05 9.9937E-05 9.9937E-05 9.9937E-05 9.9937E-05 9.9937E-05 0.995721 9.9937E-05
9.993E-05 9.993E-05 9.993E-05 9.993E-05 0.999201 9.993E-05 9.993E-05 9.993E-05 9.993E-05
9.993E-05 9.993E-05 9.993E-05 9.993E-05 9.993E-05 9.993E-05 0.999201 9.993E-05 9.993E-05
9.993E-05 9.993E-05 9.993E-05 9.993E-05 0.999201 9.993E-05 9.993E-05 9.993E-05 9.993E-05
0.0229754 9.9991E-05 0.178538 0.0145047 0.0257351 0.0529925 0.650953 0.0172945 0.0369076
0.0653996 0.0455671 0.343963 0.0571119 0.0927462 0.24669 0.0353342 0.0465968 0.0665918
9.9955E-05 9.9955E-05 0.0070333 9.9955E-05 0.00844178 9.9955E-05 0.0011374 9.9955E-05 0.982888
0.0337983 0.0982537 0.243595 0.10267 0.0548033 0.253561 0.065194 0.0580222 0.0901022
0.0488247 0.115143 0.365425 0.0623569 0.063394 0.186255 0.0665162 0.0536801 0.0384056
0.0315598 0.0187318 0.704886 0.0288697 0.00814758 0.13064 0.0179582 0.0342008 0.0250063
0.0209247 0.0442977 0.816546 0.0222906 0.0149387 0.043279 0.0197102 0.0085805 0.00943296
9.9991E-05 0.0266447 0.358543 0.0735676 0.00202616 0.355645 0.0657346 0.0469439 0.0707948
0.0681113 0.0637738 0.278516 0.0866121 0.0864739 0.241652 0.0457567 0.064286 0.0648187
0.020564 0.825967 0.0127567 0.020573 0.00795065 0.0318096 0.0159469 0.0353032 0.0291289
9.993E-05 9.993E-05 9.993E-05 9.993E-05 9.993E-05 0.999201 9.993E-05 9.993E-05 9.993E-05
9.993E-05 0.999201 9.993E-05 9.993E-05 9.993E-05 9.993E-05 9.993E-05 9.993E-05 9.993E-05
9.993E-05 9.993E-05 9.993E-05 9.993E-05 9.993E-05 0.999201 9.993E-05 9.993E-05 9.993E-05
0.957866 0.00937875 9.9964E-05 0.0114434 9.9964E-05 9.9964E-05 0.0174576 9.9964E-05 0.00345453
0.992613 9.9946E-05 9.9946E-05 9.9946E-05 9.9946E-05 0.00351096 9.9946E-05 0.00327612 9.9946E-05
9.993E-05 9.993E-05 9.993E-05 0.999201 9.993E-05 9.993E-05 9.993E-05 9.993E-05 9.993E-05
9.993E-05 9.993E-05 9.993E-05 0.999201 9.993E-05 9.993E-05 9.993E-05 9.993E-05 9.993E-05
9.9973E-05 0.000941684 9.9973E-05 0.00659735 0.00362859 9.9973E-05 0.00541444 0.978469 0.00464881
9.9973E-05 0.00328168 0.00239495 0.00403877 0.984099 9.9973E-05 0.00253946 9.9973E-05 0.00334623
0.060569 0.0565024 0.155725 0.043086 0.044308 0.163764 0.391189 0.0576849 0.0271719
9.9973E-05 9.9973E-05 0.00342776 0.000838517 0.960067 9.9973E-05 0.0175057 0.00311168 0.0147493
0.00205656 0.00348166 9.9946E-05 9.9946E-05 9.9946E-05 9.9946E-05 9.9946E-05 9.9946E-05 0.993862
0.0710102 0.134496 0.419142 0.0444054 0.0250303 0.1591 0.068197 0.0384737 0.0401453
0.0493463 0.105088 0.236387 0.0945065 0.0600384 0.246087 0.0673724 0.0533606 0.0878146
0.0636982 0.0803707 0.340272 0.0452468 0.0656784 0.200309 0.0839926 0.078819 0.0416135
0.0337678 0.00294804 0.722762 0.033652 0.0130469 0.111945 0.0204142 0.0380521 0.0234119
0.0306633 0.035344 0.683605 0.0195857 0.0387849 0.0791732 0.037517 0.0380608 0.0372659
0.00303869 0.0556216 0.128914 0.0499296 0.0167382 0.556963 0.0664911 0.0442952 0.0780078
0.0110724 0.0409748 0.334282 0.0666089 0.00379066 0.35002 0.085956 0.0411424 0.0661526
0.035698 0.0608017 0.332297 0.0576535 0.0899667 0.265186 0.0426569 0.0636811 0.0520596
0.0199986 0.859965 0.0105423 0.0254946 9.9991E-05 0.0388129 0.00231545 0.0214382 0.0213325
9.993E-05 9.993E-05 9.993E-05 9.993E-05 9.993E-05 0.999201 9.993E-05 9.993E-05 9.993E-05
9.993E-05 0.999201 9.993E-05 9.993E-05 9.993E-05 9.993E-05 9.993E-05 9.993E-05 9.993E-05
9.9946E-05 9.9946E-05 9.9946E-05 9.9946E-05 0.00498011 0.989244 9.9946E-05 0.00517662 9.9946E-05
0.993866 0.00543473 9.9937E-05 9.9937E-05 9.9937E-05 9.9937E-05 9.9937E-05 9.9937E-05 9.9937E-05
0.00499914 9.9964E-05 9.9964E-05 0.963623 0.000581364 0.0196021 9.9964E-05 9.9964E-05 0.0107947
9.993E-05 9.993E-05 9.993E-05 9.993E-05 9.993E-05 9.993E-05 9.993E-05 0.999201 9.993E-05
0.0516355 0.0179104 0.12456 0.0666834 0.0461243 0.139229 0.0407143 0.493714 0.0194293
0.0688349 0.0488236 0.179929 0.0763962 0.0462086 0.169563 0.309605 0.0483681 0.052272
9.993E-05 9.993E-05 9.993E-05 9.993E-05 0.999201 9.993E-05 9.993E-05 9.993E-05 9.993E-05
9.993E-05 9.993E-05 9.993E-05 9.993E-05 9.993E-05 9.993E-05 0.999201 9.993E-05 9.993E-05
0.0135213 0.0144462 0.0324029 0.0234067 0.869471 0.00519657 0.0228884 0.00644507 0.0122222
9.993E-05 9.993E-05 9.993E-05 9.993E-05 9.993E-05 9.993E-05 9.993E-05 9.993E-05 0.999201
0.0618174 0.136014 0.356281 0.0636038 0.0435421 0.163536 0.073284 0.0551298 0.0467919
0.0537586 0.100571 0.218646 0.101402 0.0769346 0.244155 0.086774 0.0477597 0.0699987
0.0622235 0.103981 0.364622 0.0616154 0.0477999 0.179752 0.0730271 0.0508407 0.0561396
0.0101109 0.0434561 0.740665 0.0119073 0.0188119 0.0690123 0.0480233 0.0413784 0.0166346
0.0270113 9.9964E-05 0.917689 9.9964E-05 0.0114066 9.9964E-05 0.0242821 9.9964E-05 0.0192111
0.0145642 0.0286455 0.122737 0.0643049 0.0232827 0.54165 0.081474 0.0387191 0.0846222
0.0300773 0.052975 0.295777 0.0860131 0.0231129 0.303911 0.0788403 0.060728 0.0685655
0.0403683 0.0468498 0.331058 0.0516803 0.0855055 0.262284 0.0515785 0.0665548 0.0641203
0.0195142 0.810832 0.0120204 0.0313243 0.0141221 0.0427252 0.00270277 0.0339501 0.0328093
9.993E-05 9.993E-05 9.993E-05 9.993E-05 9.993E-05 0.999201 9.993E-05 9.993E-05 9.993E-05
9.993E-05 0.999201 9.993E-05 9.993E-05 9.993E-05 9.993E-05 9.993E-05 9.993E-05 9.993E-05
0.999201 9.993E-05 9.993E-05 9.993E-05 9.993E-05 9.993E-05 9.993E-05 9.993E-05 9.993E-05
