9.993E-05 9.993E-05 0.999201 9.993E-05 9.993E-05 9.993E-05 9.993E-05 9.993E-05 9.993E-05
0.00997559 9.9973E-05 0.0086553 9.9973E-05 0.00475217 0.0228182 9.9973E-05 0.0077935 0.945705
0.0188509 9.9982E-05 9.9982E-05 0.00217281 0.00282839 0.0134713 0.0047133 0.00890607 0.948857
9.993E-05 9.993E-05 9.993E-05 9.993E-05 0.999201 9.993E-05 9.993E-05 9.993E-05 9.993E-05
9.993E-05 9.993E-05 9.993E-05 9.993E-05 0.999201 9.993E-05 9.993E-05 9.993E-05 9.993E-05
0.0932062 0.394164 0.0581121 0.0245396 0.0450097 0.233997 0.0526884 0.0365337 0.0617494
9.993E-05 9.993E-05 9.993E-05 9.993E-05 9.993E-05 9.993E-05 0.999201 9.993E-05 9.993E-05
9.993E-05 0.999201 9.993E-05 9.993E-05 9.993E-05 9.993E-05 9.993E-05 9.993E-05 9.993E-05
0.0808607 0.0445753 0.0602745 0.0859629 0.0347033 0.598832 0.0559869 0.0211798 0.0176249
9.9973E-05 0.00117032 0.000310368 0.00883138 9.9973E-05 9.9973E-05 0.00253374 0.980923 0.0059315
0.113875 0.0803332 0.0683248 0.0957968 0.0612 0.40663 0.0697811 0.0578571 0.046202
0.151088 0.0668087 0.0483475 0.0883033 0.0368122 0.382223 0.0686031 0.0683495 0.0894652
9.99459E-05 9.99459E-05 0.00233042 9.99459E-05 9.99459E-05 0.989313 0.00775673 9.99459E-05 9.99459E-05
9.993E-05 9.993E-05 9.993E-05 9.993E-05 9.993E-05 0.999201 9.993E-05 9.993E-05 9.993E-05
0.0368535 0.017061 0.0118433 9.9991E-05 0.00856749 0.325739 0.540598 0.0340332 0.0252045
9.9964E-05 0.0275817 9.9964E-05 9.9964E-05 0.0130785 0.896626 9.9964E-05 0.033469 0.0288448
0.00948565 0.0267896 9.9982E-05 0.00912101 0.00662404 0.877986 9.9982E-05 0.0210261 0.0487672
0.15305 0.0545589 0.0553625 0.0479505 0.0545217 0.441228 0.0808419 0.0406003 0.0718859
0.033984 0.00988041 0.0226278 0.795961 0.019629 0.0545637 0.00482866 0.0265487 0.0319771
0.709014 0.0449564 0.0387994 0.048567 0.0345883 0.0390372 0.0190134 0.0185771 0.0474473
0.005612 9.9964E-05 0.00456304 0.980155 9.9964E-05 9.9964E-05 0.000812747 9.9964E-05 0.00845712
0.922188 0.0122847 0.00822592 0.00895432 0.0170396 0.0179122 0.00457787 0.00248486 0.0063321
0.0275758 0.00188778 0.921488 9.9991E-05 0.00832238 0.0183184 0.0149546 0.00286987 0.00448353
9.993E-05 9.993E-05 9.993E-05 9.993E-05 9.993E-05 9.993E-05 9.993E-05 9.993E-05 0.999201
0.0150642 9.9982E-05 0.0168393 9.9982E-05 0.00111878 0.0183629 0.0181023 0.0173876 0.912925
9.993E-05 9.993E-05 9.993E-05 9.993E-05 0.999201 9.993E-05 9.993E-05 9.993E-05 9.993E-05
9.993E-05 9.993E-05 9.993E-05 9.993E-05 9.993E-05 9.993E-05 0.999201 9.993E-05 9.993E-05
9.993E-05 0.999201 9.993E-05 9.993E-05 9.993E-05 9.993E-05 9.993E-05 9.993E-05 9.993E-05
0.00772471 0.00449885 0.0203568 0.00902532 0.00373312 0.0171519 0.924066 0.00649218 0.00695121
9.993E-05 0.999201 9.993E-05 9.993E-05 9.993E-05 9.993E-05 9.993E-05 9.993E-05 9.993E-05
0.100412 0.0423565 0.033969 0.0852046 0.0269074 0.678814 0.0286677 0.00160869 0.00205992
9.993E-05 9.993E-05 9.993E-05 9.993E-05 9.993E-05 9.993E-05 9.993E-05 0.999201 9.993E-05
0.114507 0.0703042 0.0966697 0.0962909 0.0588046 0.31955 0.0960389 0.0554602 0.0923736
9.99369E-05 9.99369E-05 9.99369E-05 9.99369E-05 9.99369E-05 0.993235 0.00606541 9.99369E-05 9.99369E-05
9.993E-05 9.993E-05 9.993E-05 9.993E-05 9.993E-05 0.999201 9.993E-05 9.993E-05 9.993E-05
0.126462 0.0303982 0.0477957 0.0568408 0.0304164 0.559339 0.0476129 0.0445959 0.0565387
9.9964E-05 0.0202213 9.9964E-05 9.9964E-05 0.00843962 0.924837 9.9964E-05 0.0337843 0.0123177
0.11187 0.0772305 0.0300123 0.0502498 0.0454951 0.568667 0.0466266 0.042708 0.0271409
0.971281 0.0119669 0.00112947 0.00415955 9.9973E-05 9.9973E-05 0.00686389 0.00429915 9.9973E-05
9.993E-05 9.993E-05 9.993E-05 0.999201 9.993E-05 9.993E-05 9.993E-05 9.993E-05 9.993E-05
0.70102 0.035909 0.0407283 0.0437662 0.0299382 0.104351 0.0115851 0.00676664 0.0259363
9.993E-05 9.993E-05 0.999201 9.993E-05 9.993E-05 9.993E-05 9.993E-05 9.993E-05 9.993E-05
0.0234277 9.9973E-05 0.948925 0.00256578 0.011806 0.00466428 0.00831116 9.9973E-05 9.9973E-05
9.993E-05 9.993E-05 9.993E-05 9.993E-05 9.993E-05 9.993E-05 9.993E-05 9.993E-05 0.999201
0.0235307 0.0173146 0.0109268 0.00129518 0.013514 0.0390496 0.00743649 0.00730034 0.879632
9.993E-05 9.993E-05 9.993E-05 9.993E-05 0.999201 9.993E-05 9.993E-05 9.993E-05 9.993E-05
9.9937E-05 9.9937E-05 9.9937E-05 0.000364462 9.9937E-05 9.9937E-05 0.998936 9.9937E-05 9.9937E-05
0.0351064 0.565895 0.0302877 9.9991E-05 0.00830404 0.296521 0.0169617 0.0281874 0.0186368
9.993E-05 9.993E-05 9.993E-05 9.993E-05 9.993E-05 9.993E-05 0.999201 9.993E-05 9.993E-05
0.0236703 0.580211 0.0264606 9.9991E-05 0.0189653 0.298983 0.0151879 0.0253084 0.0111132
0.100219 0.0533819 0.0607936 0.0819003 0.0276068 0.593372 0.0537314 0.0156697 0.0133255
0.00385586 0.00364505 0.00372879 9.9973E-05 0.0022636 9.9973E-05 0.00506324 0.981144 9.9973E-05
0.140347 0.0549714 0.0591184 0.112088 0.0472275 0.471609 0.0395493 0.033993 0.0410961
9.9955E-05 0.00643439 0.0105765 9.9955E-05 9.9955E-05 0.966122 0.0163672 9.9955E-05 9.9955E-05
9.99459E-05 0.000533114 0.00227802 9.99459E-05 9.99459E-05 0.996589 9.99459E-05 9.99459E-05 9.99459E-05
0.109431 0.0518015 0.0637974 0.048392 0.05542 0.496839 0.0673103 0.0501759 0.0568332
9.9973E-05 0.0361173 9.9973E-05 0.0118065 0.0146821 0.883433 9.9973E-05 0.0312973 0.022364
0.0787338 0.0508255 0.0452206 0.396807 0.0477719 0.242197 0.0508087 0.0327228 0.054913
0.844598 0.02544 0.00167972 0.0174189 0.0153264 0.0329758 0.0114928 0.0164345 0.0346335
9.993E-05 9.993E-05 9.993E-05 0.999201 9.993E-05 9.993E-05 9.993E-05 9.993E-05 9.993E-05
0.999201 9.993E-05 9.993E-05 9.993E-05 9.993E-05 9.993E-05 9.993E-05 9.993E-05 9.993E-05
9.9946E-05 0.00915212 0.985342 9.9946E-05 9.9946E-05 9.9946E-05 9.9946E-05 9.9946E-05 0.00490629
0.0148642 9.9964E-05 0.945102 9.9964E-05 0.0149628 0.0178622 0.00680897 9.9964E-05 9.9964E-05
9.993E-05 9.993E-05 9.993E-05 9.993E-05 9.993E-05 9.993E-05 9.993E-05 9.993E-05 0.999201
0.074066 0.0549989 0.0354219 0.0300928 0.0260382 0.140138 0.0310347 0.0309563 0.577253
0.00384806 0.00815489 0.00307999 0.00524837 0.961504 0.00521986 9.9991E-05 0.00642289 0.0064216
0.00868325 9.9964E-05 0.00829441 9.9964E-05 9.9964E-05 9.9964E-05 0.969412 0.00331657 0.00989393
9.9955E-05 0.981863 0.00698141 0.00307447 9.9955E-05 9.9955E-05 9.9955E-05 9.9955E-05 0.00758115
0.0225208 0.020359 0.0127335 0.0109081 0.0181899 0.0365418 0.849484 0.0117728 0.0174898
0.0234467 0.608372 0.0237113 9.9991E-05 0.00214648 0.295815 0.00990659 0.026574 0.00992801
0.101861 0.0486584 0.0680757 0.0995579 0.0337891 0.553983 0.0414746 0.0224797 0.0301204
9.993E-05 9.993E-05 9.993E-05 9.993E-05 9.993E-05 9.993E-05 9.993E-05 0.999201 9.993E-05
0.0951313 0.0360354 0.063264 0.0975676 0.0511756 0.520418 0.045957 0.0508265 0.0396242
0.0773739 0.0155535 0.0370021 0.021329 0.0238563 0.751013 0.0350136 0.0157504 0.023108
9.993E-05 9.993E-05 9.993E-05 9.993E-05 9.993E-05 0.999201 9.993E-05 9.993E-05 9.993E-05
0.0203811 0.0253087 9.9982E-05 0.00313576 0.0155103 0.860788 9.9982E-05 0.0229325 0.051744
0.116991 0.0324313 0.0580934 0.036784 0.0585715 0.499204 0.0621882 0.0633001 0.0724363
0.0685134 0.0348255 0.0573892 0.345823 0.0476853 0.27827 0.0425218 0.0484601 0.0765112
0.931488 0.0246078 0.00520017 0.00399746 0.00732347 9.9982E-05 0.0101634 9.9982E-05 0.0170193
9.993E-05 9.993E-05 9.993E-05 0.999201 9.993E-05 9.993E-05 9.993E-05 9.993E-05 9.993E-05
0.760827 0.0272908 0.0218148 0.01399 0.0144222 0.129222 0.00764292 0.00275219 0.0220377
9.993E-05 9.993E-05 0.999201 9.993E-05 9.993E-05 9.993E-05 9.993E-05 9.993E-05 9.993E-05
9.993E-05 9.993E-05 0.999201 9.993E-05 9.993E-05 9.993E-05 9.993E-05 9.993E-05 9.993E-05
9.993E-05 9.993E-05 9.993E-05 9.993E-05 9.993E-05 9.993E-05 9.993E-05 9.993E-05 0.999201
0.0829793 0.0445252 0.0311462 0.0438693 0.0165045 0.142457 0.024444 0.0419884 0.572086
0.0363 0.0133004 0.00265155 0.0178282 0.835568 0.0486617 0.020716 0.0119992 0.0129745
9.993E-05 9.993E-05 9.993E-05 9.993E-05 9.993E-05 9.993E-05 0.999201 9.993E-05 9.993E-05
9.993E-05 0.999201 9.993E-05 9.993E-05 9.993E-05 9.993E-05 9.993E-05 9.993E-05 9.993E-05
0.0317332 0.0273903 0.0418445 0.0247512 0.0180196 0.0532481 0.740051 0.0313194 0.0316429
0.029527 0.621666 0.0233727 9.9982E-05 9.9982E-05 0.280335 0.0100228 0.025253 0.00962391
0.102571 0.0564081 0.0494055 0.0910951 0.0371806 0.597096 0.0430756 0.0120371 0.0111311
9.993E-05 9.993E-05 9.993E-05 9.993E-05 9.993E-05 9.993E-05 9.993E-05 0.999201 9.993E-05
0.108789 0.0569182 0.0375193 0.0831495 0.0504693 0.458919 0.0512626 0.0696773 0.0832956
0.0981137 0.0375838 0.0488471 0.0961036 0.0416851 0.571621 0.0322666 0.0507586 0.0230201
0.102077 0.00274153 0.0326545 0.011494 0.0327792 0.734786 0.0225257 0.0228984 0.038044
0.02449 0.00285573 0.0337201 0.0208691 0.0151353 0.854831 0.0294609 0.018538 9.9991E-05
0.0480782 0.0643816 0.0293302 0.0332706 0.0522143 0.644494 0.024456 0.0386298 0.0651457
0.11908 0.0359084 0.052277 0.0418574 0.0734288 0.49891 0.0586799 0.0659339 0.0539249
0.0210269 9.9991E-05 0.0223359 0.830291 0.0210908 0.0487206 0.0070585 0.0278987 0.0214772
0.947361 0.00890566 0.00519994 0.00349211 9.9982E-05 9.9982E-05 0.0162192 0.0113528 0.00726948
0.00984371 0.00753405 0.0104574 0.934052 9.9991E-05 0.00426279 0.0154973 0.00888319 0.00936964
0.99223 9.9946E-05 9.9946E-05 9.9946E-05 0.00343784 9.9946E-05 0.0037323 9.9946E-05 9.9946E-05
9.9973E-05 0.00770967 0.94541 0.0181324 9.9973E-05 0.00871462 9.9973E-05 0.00276176 0.0169714
9.993E-05 9.993E-05 0.999201 9.993E-05 9.993E-05 9.993E-05 9.993E-05 9.993E-05 9.993E-05
9.993E-05 9.993E-05 9.993E-05 9.993E-05 9.993E-05 9.993E-05 9.993E-05 9.993E-05 0.999201
0.0101728 0.00644291 0.000355624 9.9991E-05 0.00642421 0.0352923 0.0075278 0.0105319 0.923152
0.00226967 9.9937E-05 9.9937E-05 9.9937E-05 0.997031 9.9937E-05 9.9937E-05 9.9937E-05 9.9937E-05
9.993E-05 9.993E-05 9.993E-05 9.993E-05 9.993E-05 9.993E-05 0.999201 9.993E-05 9.993E-05
9.993E-05 0.999201 9.993E-05 9.993E-05 9.993E-05 9.993E-05 9.993E-05 9.993E-05 9.993E-05
9.993E-05 9.993E-05 9.993E-05 9.993E-05 9.993E-05 9.993E-05 0.999201 9.993E-05 9.993E-05
0.0121598 0.619273 0.00858586 9.9991E-05 0.00922213 0.30677 0.0113373 0.026164 0.00638875
0.117672 0.022045 0.0628164 0.0356435 0.0389417 0.543284 0.0826299 0.0550495 0.041918
0.000471029 0.00463871 0.00210203 9.9991E-05 0.0023043 0.00833028 0.00696795 0.973637 0.00144909
0.103812 0.0621898 0.0306571 0.0888399 0.0539636 0.448877 0.0541258 0.0705337 0.0870007
0.119384 0.0721246 0.0428229 0.102221 0.0521402 0.471666 0.0636708 0.0289756 0.0469943
0.101728 0.00920983 0.0227726 0.00822245 0.0328791 0.782129 0.0115106 0.00944368 0.0221045
0.042098 0.00785401 0.0141116 0.0384617 0.00668691 0.858816 0.0252355 9.9991E-05 0.00663603
0.00176518 0.0162395 9.9973E-05 9.9973E-05 0.018458 0.895352 9.9973E-05 0.0195561 0.0483294
0.113269 0.0472748 0.0678741 0.0375604 0.0524021 0.489075 0.0696884 0.0491675 0.0736885
0.0120693 0.0153862 0.0234148 0.815914 0.0195097 0.060986 0.00592323 0.0186688 0.0281282
0.999201 9.993E-05 9.993E-05 9.993E-05 9.993E-05 9.993E-05 9.993E-05 9.993E-05 9.993E-05
9.993E-05 9.993E-05 9.993E-05 0.999201 9.993E-05 9.993E-05 9.993E-05 9.993E-05 9.993E-05
0.98322 9.9955E-05 9.9955E-05 0.00407323 0.00577702 0.0064299 9.9955E-05 9.9955E-05 9.9955E-05
9.9982E-05 0.0135731 0.962786 0.00811217 9.9982E-05 0.0024575 0.000577923 0.00430742 0.00798626
9.9937E-05 9.9937E-05 0.993261 9.9937E-05 0.00603926 9.9937E-05 9.9937E-05 9.9937E-05 9.9937E-05
9.993E-05 9.993E-05 9.993E-05 9.993E-05 9.993E-05 9.993E-05 9.993E-05 9.993E-05 0.999201
9.993E-05 9.993E-05 9.993E-05 9.993E-05 9.993E-05 9.993E-05 9.993E-05 9.993E-05 0.999201
9.9973E-05 9.9973E-05 9.9973E-05 0.0065561 0.967119 0.00371982 0.000708907 0.0114567 0.0101398
9.9982E-05 0.00615956 9.9982E-05 0.0026727 0.00717691 0.00197064 0.974571 0.00328121 0.0039684
0.0857183 0.395905 0.0563654 0.0563669 0.0549282 0.259809 0.0390928 0.0164458 0.0353681
0.00633824 9.9982E-05 9.9982E-05 0.00537125 0.00436972 0.00390522 0.960929 0.00849261 0.010394
9.9955E-05 9.9955E-05 9.9955E-05 0.0036698 9.9955E-05 0.000250743 0.00456806 0.991012 9.9955E-05
0.113631 0.0648183 0.0575452 0.123834 0.029532 0.517105 0.0315612 0.0288439 0.0331293
0.119073 0.0500193 0.0454056 0.0796626 0.0511285 0.438529 0.0535957 0.0746441 0.0879423
0.13162 0.0721993 0.0638327 0.0751906 0.0721599 0.460447 0.0611505 0.0366257 0.0267751
0.0744748 0.00295662 0.0311598 0.00393966 0.040979 0.787181 0.0168169 0.0205026 0.0219895
0.0530155 0.0481352 0.021776 0.0289856 0.0275601 0.741047 0.0464245 0.032165 0.000891033
9.9973E-05 0.0225069 9.9973E-05 0.0071068 0.0129426 0.908221 9.9973E-05 0.0300191 0.0189041
0.00789873 0.0201483 0.00405019 9.9982E-05 0.00346197 0.900495 9.9982E-05 0.0282954 0.0354503
0.12244 0.0318398 0.0260127 0.0349672 0.0521505 0.572225 0.0765802 0.0382999 0.0454846
0.0271714 0.00669953 0.0154386 0.85197 0.0175129 0.028651 0.00272943 0.0168309 0.032996
0.999201 9.993E-05 9.993E-05 9.993E-05 9.993E-05 9.993E-05 9.993E-05 9.993E-05 9.993E-05
9.993E-05 9.993E-05 9.993E-05 0.999201 9.993E-05 9.993E-05 9.993E-05 9.993E-05 9.993E-05
0.983831 0.00472737 9.9955E-05 9.9955E-05 0.00865732 9.9955E-05 0.00228467 9.9955E-05 9.9955E-05
9.9937E-05 0.00845139 0.990849 9.9937E-05 9.9937E-05 9.9937E-05 9.9937E-05 9.9937E-05 9.9937E-05
0.022981 9.9973E-05 0.00824936 9.9973E-05 9.9973E-05 0.0104193 0.00385829 0.00437486 0.949817
9.993E-05 9.993E-05 9.993E-05 9.993E-05 0.999201 9.993E-05 9.993E-05 9.993E-05 9.993E-05
0.0979042 0.0223331 0.0381553 0.0189093 0.475693 0.217648 0.0396951 0.0203391 0.0693227
0.101185 0.294252 0.0674868 0.0390452 0.0367554 0.319637 0.0405311 0.0370252 0.0640816
9.993E-05 9.993E-05 9.993E-05 9.993E-05 9.993E-05 9.993E-05 0.999201 9.993E-05 9.993E-05
9.993E-05 0.999201 9.993E-05 9.993E-05 9.993E-05 9.993E-05 9.993E-05 9.993E-05 9.993E-05
9.9991E-05 0.00841807 0.0296734 0.00978709 0.00977944 0.0630852 0.845888 0.0146961 0.0185723
9.993E-05 9.993E-05 9.993E-05 9.993E-05 9.993E-05 9.993E-05 9.993E-05 0.999201 9.993E-05
0.110614 0.0499119 0.0454336 0.122032 0.043225 0.490712 0.0476628 0.0411057 0.0493033
0.125374 0.0851813 0.0580285 0.087736 0.0412167 0.387547 0.0614834 0.0669778 0.0864555
0.127988 0.0582053 0.0521204 0.0815331 0.0381778 0.495303 0.058799 0.0387517 0.0491216
0.0439544 0.0344169 0.0135845 0.0345267 0.0359551 0.802993 0.0181701 0.0117857 0.00461381
9.9973E-05 0.0154959 0.0314901 0.00663075 9.9973E-05 0.918428 0.0216585 0.00599697 9.9973E-05
9.9964E-05 0.0321288 9.9964E-05 9.9964E-05 0.00518265 0.90067 9.9964E-05 0.0293077 0.0323108
0.0281438 0.0473826 0.0199029 0.0298733 0.0313175 0.74732 0.00472238 0.0350267 0.056311
0.11707 0.0256629 0.0202353 0.0347341 0.0535088 0.592119 0.0821387 0.0452232 0.0293075
0.0135403 0.0150541 0.0225088 0.787407 0.0319373 0.0533443 0.0173626 0.0257225 0.0331228
0.999201 9.993E-05 9.993E-05 9.993E-05 9.993E-05 9.993E-05 9.993E-05 9.993E-05 9.993E-05
9.993E-05 9.993E-05 9.993E-05 0.999201 9.993E-05 9.993E-05 9.993E-05 9.993E-05 9.993E-05
9.993E-05 9.993E-05 0.999201 9.993E-05 9.993E-05 9.993E-05 9.993E-05 9.993E-05 9.993E-05
