9.9964E-05 0.00131491 9.9964E-05 9.9964E-05 9.9964E-05 0.998285
9.9982E-05 0.00439417 0.0478453 0.940199 9.9982E-05 0.00736107
0.00475062 0.00585388 0.033787 0.955069 9.9991E-05 0.000439216
9.996E-05 9.996E-05 9.996E-05 9.996E-05 0.9995 9.996E-05
9.996E-05 9.996E-05 9.996E-05 9.996E-05 0.9995 9.996E-05
0.0378237 0.0646759 0.718573 0.0697851 0.0442201 0.0649221
9.996E-05 0.9995 9.996E-05 9.996E-05 9.996E-05 9.996E-05
9.996E-05 9.996E-05 0.9995 9.996E-05 9.996E-05 9.996E-05
0.136876 0.0949824 0.599255 0.0253259 0.0648022 0.0787576
9.9964E-05 9.9964E-05 0.996109 0.00349101 9.9964E-05 9.9964E-05
0.11477 0.0820807 0.555619 0.0754528 0.0895584 0.0825191
0.125488 0.0857073 0.559678 0.0943086 0.066547 0.0682715
0.0522246 0.0821729 0.762311 0.000175405 0.0662574 0.0368586
0.071189 0.0754211 0.796205 9.9991E-05 0.0359461 0.0211392
0.0160278 0.556028 0.35806 0.0202403 0.0339205 0.0157234
0.0616807 0.0399203 0.787497 0.0410723 0.059283 0.0105469
0.0609866 0.0467134 0.755282 0.0714646 0.0654538 9.9991E-05
0.0725733 0.100437 0.568243 0.0776327 0.0987637 0.0823507
0.806993 0.00948775 0.0844821 0.0424995 0.0297643 0.0267731
0.0851469 0.0672506 0.657653 0.0505585 0.0870141 0.0523775
0.996423 9.9964E-05 9.9964E-05 0.00317732 9.9964E-05 9.9964E-05
0.0683906 0.0539392 0.77683 0.00302278 0.0763555 0.021462
9.999E-05 0.0155495 0.0438494 0.00553226 0.00426237 0.930706
9.996E-05 9.996E-05 9.996E-05 0.9995 9.996E-05 9.996E-05
9.999E-05 0.0194181 0.040941 0.925386 0.00275847 0.0113961
9.996E-05 9.996E-05 9.996E-05 9.996E-05 0.9995 9.996E-05
9.996E-05 0.9995 9.996E-05 9.996E-05 9.996E-05 9.996E-05
9.996E-05 9.996E-05 0.9995 9.996E-05 9.996E-05 9.996E-05
0.00204086 0.933202 0.0316153 0.0103759 0.0128027 0.00996295
9.9964E-05 9.9964E-05 0.994521 0.0050793 9.9964E-05 9.9964E-05
0.142245 0.0749101 0.645829 0.0149461 0.0646326 0.0574378
9.996E-05 9.996E-05 0.9995 9.996E-05 9.996E-05 9.996E-05
0.13025 0.125561 0.46708 0.0917434 0.0812953 0.10407
0.0488791 0.0943077 0.764437 9.9991E-05 0.0620475 0.0302289
0.0650177 0.0812374 0.789512 9.9991E-05 0.0429505 0.0211825
0.0939459 0.0822461 0.646463 0.0494144 0.0635773 0.0643536
0.0697466 0.0276726 0.788765 0.0348804 0.062186 0.0167491
0.0905972 0.0784021 0.654459 0.0486481 0.0812166 0.0466772
0.0688285 0.0512159 0.769644 0.0175342 0.0619795 0.0307973
0.9995 9.996E-05 9.996E-05 9.996E-05 9.996E-05 9.996E-05
0.089886 0.0529156 0.682634 0.0452493 0.0768539 0.0524615
9.996E-05 9.996E-05 9.996E-05 9.996E-05 9.996E-05 0.9995
0.00785108 0.014468 0.00272274 0.000855411 0.0158361 0.958267
9.996E-05 9.996E-05 9.996E-05 0.9995 9.996E-05 9.996E-05
0.00966481 0.0159737 0.0740192 0.877207 0.0132975 0.00983761
9.996E-05 9.996E-05 9.996E-05 9.996E-05 0.9995 9.996E-05
9.996E-05 0.9995 9.996E-05 9.996E-05 9.996E-05 9.996E-05
0.00882116 0.00601692 0.947306 0.0113478 0.0120977 0.0144104
9.996E-05 0.9995 9.996E-05 9.996E-05 9.996E-05 9.996E-05
0.00105849 0.0107113 0.955047 0.0142861 9.9991E-05 0.0187971
0.132621 0.09144 0.621604 0.0190263 0.0588577 0.0764516
9.996E-05 9.996E-05 0.9995 9.996E-05 9.996E-05 9.996E-05
0.136999 0.0906644 0.589826 0.0368171 0.0794278 0.0662662
0.0659834 0.0756048 0.745198 0.00675983 0.0636415 0.0428125
0.0805511 0.0695797 0.761918 9.9991E-05 0.0548985 0.0329524
0.0788875 0.0939064 0.605217 0.0473364 0.0979947 0.076658
0.0793765 0.0364389 0.764759 0.049469 0.0589603 0.0109968
0.4213 0.0576982 0.348114 0.0717776 0.0476509 0.0534595
0.0663963 0.0672184 0.722619 0.0434513 0.054853 0.0454617
0.9995 9.996E-05 9.996E-05 9.996E-05 9.996E-05 9.996E-05
0.0492173 0.0427369 0.802442 0.0273712 0.0531893 0.0250429
0.00597966 9.9973E-05 9.9973E-05 0.00852815 9.9973E-05 0.985192
9.9991E-05 0.0113289 0.0229916 0.00164457 0.0152175 0.948717
9.996E-05 9.996E-05 9.996E-05 0.9995 9.996E-05 9.996E-05
0.0524342 0.0363482 0.266586 0.565657 0.0402131 0.0387618
0.00833472 0.00971959 0.00633306 9.9982E-05 0.975413 9.9982E-05
0.00877445 0.970768 9.9982E-05 0.00870189 9.9982E-05 0.0115555
0.00331106 9.9973E-05 0.981598 0.0147913 9.9973E-05 9.9973E-05
0.0231124 0.84729 0.0723554 0.0353547 0.0109155 0.0109718
9.9982E-05 0.00476986 0.973669 0.00356985 9.9982E-05 0.0177918
0.138328 0.0794075 0.610614 0.0266488 0.0663428 0.0786588
9.996E-05 9.996E-05 0.9995 9.996E-05 9.996E-05 9.996E-05
0.153316 0.0863726 0.561149 0.0515214 0.0784594 0.0691817
0.0788669 0.0930502 0.66061 0.0385037 0.0646419 0.0643272
0.0838604 0.0721588 0.776734 9.9991E-05 0.049385 0.0177622
0.0564535 0.0320304 0.764504 0.0713064 0.0663548 0.00935118
0.0630689 0.0959181 0.608529 0.0583005 0.099643 0.0745402
0.385393 0.0626164 0.341416 0.0755787 0.0589211 0.0760753
0.0703897 0.0594509 0.745998 0.0385979 0.0593165 0.0262468
0.9995 9.996E-05 9.996E-05 9.996E-05 9.996E-05 9.996E-05
0.0696679 0.0435963 0.73149 0.0417508 0.0707817 0.0427129
9.9964E-05 9.9964E-05 9.9964E-05 0.0013564 9.9964E-05 0.998244
9.996E-05 9.996E-05 9.996E-05 9.996E-05 9.996E-05 0.9995
9.996E-05 9.996E-05 9.996E-05 0.9995 9.996E-05 9.996E-05
0.0483586 0.0424078 0.253868 0.584855 0.0369109 0.0335995
0.0248305 0.0178915 0.0608412 0.0287504 0.853829 0.0138569
9.996E-05 0.9995 9.996E-05 9.996E-05 9.996E-05 9.996E-05
9.996E-05 9.996E-05 0.9995 9.996E-05 9.996E-05 9.996E-05
0.0221792 0.744903 0.121855 0.0422104 0.0294946 0.0393575
9.9973E-05 9.9973E-05 0.982294 0.0014654 9.9973E-05 0.0159403
0.144451 0.0808209 0.61679 0.0260525 0.0667675 0.0651185
9.996E-05 9.996E-05 0.9995 9.996E-05 9.996E-05 9.996E-05
0.102375 0.081021 0.608892 0.080663 0.07194 0.0551081
0.142183 0.0754761 0.624828 0.0291741 0.0641563 0.0641819
0.0663544 0.075358 0.686925 0.0431194 0.0786672 0.0495758
0.092927 0.0817721 0.688065 0.00893778 0.0676289 0.060669
0.0818904 0.0621025 0.652779 0.0689411 0.0838799 0.0504074
0.0753878 0.0944054 0.607873 0.0459871 0.0981916 0.0781545
0.841604 0.00787556 0.0767159 0.0322714 0.0204381 0.0210949
0.0703211 0.0659093 0.741239 0.0251738 0.0573265 0.0400304
0.942385 0.0149471 0.0301569 0.00947866 9.9991E-05 0.00293268
0.066235 0.0570903 0.791907 9.9991E-05 0.0631815 0.021486
0.0113292 9.9982E-05 0.0373008 0.00845027 9.9982E-05 0.94272
9.996E-05 9.996E-05 9.996E-05 9.996E-05 9.996E-05 0.9995
9.996E-05 9.996E-05 9.996E-05 0.9995 9.996E-05 9.996E-05
0.000871827 0.00825515 0.0568794 0.924666 0.00405606 0.00527194
9.996E-05 9.996E-05 9.996E-05 9.996E-05 0.9995 9.996E-05
9.996E-05 0.9995 9.996E-05 9.996E-05 9.996E-05 9.996E-05
9.996E-05 9.996E-05 0.9995 9.996E-05 9.996E-05 9.996E-05
9.996E-05 0.9995 9.996E-05 9.996E-05 9.996E-05 9.996E-05
9.9973E-05 9.9973E-05 0.98967 0.00371142 9.9973E-05 0.00631887
0.0781111 0.126172 0.614682 0.0365513 0.0733623 0.0711215
9.9964E-05 0.00427823 0.995322 9.9964E-05 9.9964E-05 9.9964E-05
0.103965 0.0796307 0.602219 0.0894594 0.0755903 0.0491347
0.1288 0.0956038 0.576803 0.0646938 0.0690554 0.0650439
0.0604157 0.0686784 0.697456 0.0444248 0.0740548 0.0549708
0.102102 0.0829499 0.700299 0.019074 0.0577453 0.0378303
0.0531466 0.0270519 0.772016 0.0714475 0.0741345 0.00220315
0.090561 0.105005 0.564265 0.0755022 0.0844279 0.080239
0.817517 9.9991E-05 0.0959655 0.0356794 0.0249938 0.0257446
0.0651809 0.0478118 0.775754 0.0377465 0.0471795 0.0263274
0.9995 9.996E-05 9.996E-05 9.996E-05 9.996E-05 9.996E-05
0.0681799 0.0504318 0.795638 9.9991E-05 0.0729226 0.0127275
0.0144417 0.00557623 0.00979656 0.00199865 9.9991E-05 0.968087
9.996E-05 9.996E-05 9.996E-05 9.996E-05 9.996E-05 0.9995
9.996E-05 9.996E-05 9.996E-05 0.9995 9.996E-05 9.996E-05
9.996E-05 9.996E-05 9.996E-05 0.9995 9.996E-05 9.996E-05
9.9991E-05 0.00125877 0.00520341 0.00703632 0.985503 0.000898521
9.9973E-05 0.970353 0.013387 0.0159596 9.9973E-05 9.9973E-05
0.0634606 0.040713 0.740216 0.0560246 0.0520055 0.0475806
0.00451729 0.959552 0.0174909 0.00772947 0.0067606 0.00395021
9.996E-05 9.996E-05 0.9995 9.996E-05 9.996E-05 9.996E-05
0.166652 0.059502 0.595178 0.0463145 0.057184 0.0751692
0.11808 0.0867708 0.574297 0.0964947 0.082273 0.0420845
0.0954642 0.0952735 0.59108 0.0443713 0.0943927 0.0794187
0.0552694 0.0724872 0.69883 0.030344 0.0852772 0.0577924
0.08802 0.0961506 0.67206 0.0183459 0.079925 0.045499
0.0890999 0.0295081 0.77468 0.0366953 0.0583167 0.0117
0.0558344 0.0289116 0.777817 0.0637291 0.0688441 0.00486334
0.0818143 0.122838 0.599517 0.0553409 0.0992724 0.0412173
0.860526 9.9991E-05 0.0517363 0.034316 0.0271383 0.0261838
0.052433 0.0451336 0.826197 0.0228206 0.0391856 0.0142306
0.9995 9.996E-05 9.996E-05 9.996E-05 9.996E-05 9.996E-05
0.0587038 0.057497 0.793547 0.00233395 0.0761527 0.0117657
0.00128856 9.9964E-05 9.9964E-05 9.9964E-05 9.9964E-05 0.998312
9.9982E-05 0.00796243 0.0141353 0.972087 9.9982E-05 0.00561523
9.996E-05 9.996E-05 9.996E-05 9.996E-05 0.9995 9.996E-05
0.0219343 0.0547266 0.29456 0.0716645 0.498758 0.058356
0.0599471 0.0446195 0.715692 0.0676353 0.049656 0.0624503
9.996E-05 0.9995 9.996E-05 9.996E-05 9.996E-05 9.996E-05
9.996E-05 9.996E-05 0.9995 9.996E-05 9.996E-05 9.996E-05
0.022773 0.866465 0.0427266 0.0347055 0.0147721 0.0185577
9.996E-05 9.996E-05 0.9995 9.996E-05 9.996E-05 9.996E-05
0.148284 0.0788197 0.573639 0.0562653 0.0844127 0.0585793
0.127131 0.0810231 0.564737 0.0956634 0.0724915 0.0589534
0.114833 0.08878 0.609128 0.0331553 0.081367 0.0727368
0.0931515 0.078067 0.704067 0.00815563 0.0846618 0.0318971
0.0649021 0.0844673 0.735734 0.0125859 0.0455145 0.0567962
0.0641585 0.0361449 0.778588 0.0567476 0.054444 0.00991694
0.0694285 0.0570477 0.678905 0.0845282 0.0828494 0.0272407
0.0715568 0.107341 0.626444 0.0450679 0.0989758 0.0506139
0.798562 0.0129139 0.0891791 0.0294042 0.0396699 0.0302708
0.0481858 0.0404561 0.794025 0.0424386 0.0511852 0.0237096
0.9995 9.996E-05 9.996E-05 9.996E-05 9.996E-05 9.996E-05
9.996E-05 9.996E-05 9.996E-05 9.996E-05 9.996E-05 0.9995
