9.98831E-05 9.98831E-05 9.98831E-05 9.98831E-05 9.98831E-05 9.98831E-05 0.998702 9.98831E-05 9.98831E-05 9.98831E-05 9.98831E-05 9.98831E-05 9.98831E-05 9.98831E-05
9.9883E-05 9.9883E-05 9.9883E-05 9.9883E-05 9.9883E-05 9.9883E-05 9.9883E-05 9.9883E-05 9.9883E-05 0.998702 9.9883E-05 9.9883E-05 9.9883E-05 9.9883E-05
9.9883E-05 9.9883E-05 9.9883E-05 9.9883E-05 9.9883E-05 9.9883E-05 9.9883E-05 9.9883E-05 9.9883E-05 0.998702 9.9883E-05 9.9883E-05 9.9883E-05 9.9883E-05
9.9883E-05 9.9883E-05 9.9883E-05 9.9883E-05 9.9883E-05 9.9883E-05 9.9883E-05 9.9883E-05 9.9883E-05 9.9883E-05 9.9883E-05 0.998702 9.9883E-05 9.9883E-05
9.9883E-05 9.9883E-05 9.9883E-05 9.9883E-05 9.9883E-05 9.9883E-05 9.9883E-05 9.9883E-05 9.9883E-05 9.9883E-05 9.9883E-05 0.998702 9.9883E-05 9.9883E-05
0.32475 0.0259292 0.0833881 0.0505487 0.026585 0.0329751 0.0557773 0.0811222 0.0145145 0.0343444 0.0680444 0.0338899 0.0402454 0.127886
9.9883E-05 9.9883E-05 9.9883E-05 0.998702 9.9883E-05 9.9883E-05 9.9883E-05 9.9883E-05 9.9883E-05 9.9883E-05 9.9883E-05 9.9883E-05 9.9883E-05 9.9883E-05
0.998702 9.9883E-05 9.9883E-05 9.9883E-05 9.9883E-05 9.9883E-05 9.9883E-05 9.9883E-05 9.9883E-05 9.9883E-05 9.9883E-05 9.9883E-05 9.9883E-05 9.9883E-05
9.98829E-05 9.98829E-05 9.98829E-05 9.98829E-05 9.98829E-05 9.98829E-05 9.98829E-05 9.98829E-05 9.98829E-05 9.98829E-05 9.98829E-05 9.98829E-05 9.98829E-05 0.998702
9.9928E-05 0.971365 9.9928E-05 9.9928E-05 9.9928E-05 0.0063371 9.9928E-05 0.0070805 0.0028081 0.0114169 9.9928E-05 9.9928E-05 0.000193372 9.9928E-05
0.0281328 0.041282 0.0691388 0.0363169 0.035959 0.0251236 0.0480961 0.0284865 0.0546876 0.0116921 0.0790165 0.0609295 0.0289905 0.452148
0.0345209 0.0530147 0.110855 0.0555832 0.0461456 0.0637514 0.0397793 0.0454215 0.0702506 0.0407032 0.0847814 0.0412097 0.0735004 0.240483
0.0105586 9.9937E-05 0.0230479 9.9937E-05 9.9937E-05 0.0019699 0.00799798 0.00350059 9.9937E-05 9.9937E-05 0.947913 0.00431233 9.9937E-05 9.9937E-05
9.98829E-05 9.98829E-05 9.98829E-05 9.98829E-05 9.98829E-05 9.98829E-05 9.98829E-05 9.98829E-05 9.98829E-05 9.98829E-05 0.998702 9.98829E-05 9.98829E-05 9.98829E-05
9.99282E-05 0.0146685 9.99282E-05 0.507788 9.99282E-05 9.99282E-05 9.99282E-05 0.00714732 9.99282E-05 0.0142491 9.99282E-05 9.99282E-05 0.0271785 0.428169
9.99089E-05 9.99089E-05 9.99089E-05 0.00100889 9.99089E-05 0.996174 9.99089E-05 9.99089E-05 9.99089E-05 9.99089E-05 0.00171812 9.99089E-05 9.99089E-05 9.99089E-05
9.98829E-05 9.98829E-05 9.98829E-05 9.98829E-05 9.98829E-05 9.98829E-05 9.98829E-05 9.98829E-05 9.98829E-05 9.98829E-05 9.98829E-05 9.98829E-05 0.998702 9.98829E-05
0.017889 0.0236509 0.100306 0.0519839 0.044242 0.0361361 0.0348967 0.0367961 0.0131325 0.00492975 0.0570006 0.0408098 0.0467064 0.491521
0.00915704 0.0241297 0.023802 0.0071716 0.0142793 0.00755468 0.0223639 9.9982E-05 0.793066 0.0226737 9.9982E-05 0.0183092 0.0167803 0.0405127
0.0158895 0.00682002 0.686349 0.0309001 0.0268165 0.0228273 0.0451923 0.0213388 0.0381716 0.0040376 0.0240867 0.0321579 0.0303112 0.015101
9.9946E-05 9.9946E-05 0.000630294 0.00394168 0.00516808 0.00148564 9.9946E-05 9.9946E-05 0.974554 0.00474155 0.00299043 9.9946E-05 0.00588853 9.9946E-05
0.0027394 9.9955E-05 0.926883 9.9955E-05 9.9955E-05 9.9955E-05 0.00229847 0.00979549 0.00457289 9.9955E-05 0.0144217 0.0124508 0.0100208 0.0163177
9.9937E-05 9.9937E-05 0.0229165 0.00645849 0.00300632 9.9937E-05 0.920004 9.9937E-05 9.9937E-05 9.9937E-05 0.000977103 0.00387788 9.9937E-05 0.0420604
9.9883E-05 9.9883E-05 9.9883E-05 9.9883E-05 0.998702 9.9883E-05 9.9883E-05 9.9883E-05 9.9883E-05 9.9883E-05 9.9883E-05 9.9883E-05 9.9883E-05 9.9883E-05
9.98831E-05 9.98831E-05 9.98831E-05 9.98831E-05 9.98831E-05 9.98831E-05 9.98831E-05 9.98831E-05 9.98831E-05 0.998702 9.98831E-05 9.98831E-05 9.98831E-05 9.98831E-05
9.9883E-05 9.9883E-05 9.9883E-05 9.9883E-05 9.9883E-05 9.9883E-05 9.9883E-05 9.9883E-05 9.9883E-05 9.9883E-05 9.9883E-05 0.998702 9.9883E-05 9.9883E-05
0.00234921 9.9892E-05 9.9892E-05 0.996452 9.9892E-05 9.9892E-05 9.9892E-05 9.9892E-05 9.9892E-05 9.9892E-05 9.9892E-05 9.9892E-05 9.9892E-05 9.9892E-05
0.998702 9.9883E-05 9.9883E-05 9.9883E-05 9.9883E-05 9.9883E-05 9.9883E-05 9.9883E-05 9.9883E-05 9.9883E-05 9.9883E-05 9.9883E-05 9.9883E-05 9.9883E-05
9.9964E-05 0.00512463 0.00800754 0.924075 0.00295772 9.9964E-05 0.0158148 0.0102837 0.00601803 0.00870849 0.0028709 9.9964E-05 0.0157391 9.9964E-05
0.975657 9.9937E-05 9.9937E-05 0.00462632 0.00946225 9.9937E-05 9.9937E-05 0.00438252 0.0010706 9.9937E-05 9.9937E-05 0.00020518 0.00389654 9.9937E-05
9.98828E-05 9.98828E-05 9.98828E-05 9.98828E-05 9.98828E-05 9.98828E-05 9.98828E-05 9.98828E-05 9.98828E-05 9.98828E-05 9.98828E-05 9.98828E-05 9.98828E-05 0.998702
9.9883E-05 0.998702 9.9883E-05 9.9883E-05 9.9883E-05 9.9883E-05 9.9883E-05 9.9883E-05 9.9883E-05 9.9883E-05 9.9883E-05 9.9883E-05 9.9883E-05 9.9883E-05
0.0387585 0.0180132 0.0847909 0.0949119 0.0377208 0.0497828 0.075567 0.0234881 0.0710984 0.0494851 0.0851057 0.0436708 0.0408363 0.286771
0.00829098 0.00320031 0.0121298 0.00373063 9.9955E-05 0.00181863 0.00041612 0.000225567 9.9955E-05 9.9955E-05 0.968609 0.00107885 9.9955E-05 9.9955E-05
9.98828E-05 9.98828E-05 9.98828E-05 9.98828E-05 9.98828E-05 9.98828E-05 9.98828E-05 9.98828E-05 9.98828E-05 9.98828E-05 0.998702 9.98828E-05 9.98828E-05 9.98828E-05
0.00326525 0.025722 0.0649667 0.0220641 0.0376896 0.0543975 0.0204605 9.9982E-05 0.0165699 9.9982E-05 0.0329679 0.0199054 0.0615975 0.640194
9.9883E-05 9.9883E-05 9.9883E-05 9.9883E-05 9.9883E-05 0.998702 9.9883E-05 9.9883E-05 9.9883E-05 9.9883E-05 9.9883E-05 9.9883E-05 9.9883E-05 9.9883E-05
0.0403123 0.0263082 0.0861467 0.0410189 9.9991E-05 0.0557591 0.023239 0.0280734 0.0428348 0.0124643 0.0478765 0.0292366 0.428195 0.138435
9.9928E-05 0.0128675 0.949606 9.9928E-05 9.9928E-05 9.9928E-05 0.00326191 0.017418 0.00425842 0.0117886 9.9928E-05 9.9928E-05 9.9928E-05 9.9928E-05
9.98829E-05 9.98829E-05 9.98829E-05 9.98829E-05 9.98829E-05 9.98829E-05 9.98829E-05 9.98829E-05 0.998702 9.98829E-05 9.98829E-05 9.98829E-05 9.98829E-05 9.98829E-05
0.024065 0.0138016 0.683691 0.0165781 0.0078425 0.0148841 0.0376094 0.0113082 0.0446236 0.0208661 0.0401099 0.0286647 0.0260308 0.0299254
9.9883E-05 9.9883E-05 9.9883E-05 9.9883E-05 9.9883E-05 9.9883E-05 0.998702 9.9883E-05 9.9883E-05 9.9883E-05 9.9883E-05 9.9883E-05 9.9883E-05 9.9883E-05
9.9946E-05 0.00413261 0.014383 0.00573604 9.9946E-05 0.00288268 0.945801 9.9946E-05 9.9946E-05 9.9946E-05 0.0136507 0.0058498 9.9946E-05 0.00696406
9.9892E-05 9.9892E-05 9.9892E-05 9.9892E-05 0.993296 9.9892E-05 9.9892E-05 9.9892E-05 9.9892E-05 0.00550535 9.9892E-05 9.9892E-05 9.9892E-05 9.9892E-05
0.011067 0.00411064 0.0126754 0.0144944 0.150226 0.00875151 9.9982E-05 0.00218527 0.005434 0.780656 9.9982E-05 0.0010713 0.00460702 0.00452155
9.98831E-05 9.98831E-05 9.98831E-05 9.98831E-05 9.98831E-05 9.98831E-05 9.98831E-05 9.98831E-05 9.98831E-05 9.98831E-05 9.98831E-05 0.998702 9.98831E-05 9.98831E-05
9.9883E-05 9.9883E-05 9.9883E-05 0.998702 9.9883E-05 9.9883E-05 9.9883E-05 9.9883E-05 9.9883E-05 9.9883E-05 9.9883E-05 9.9883E-05 9.9883E-05 9.9883E-05
9.9919E-05 9.9919E-05 9.9919E-05 9.9919E-05 0.0035225 9.9919E-05 9.9919E-05 0.970477 0.00642418 9.9919E-05 9.9919E-05 0.00650413 0.0121729 9.9919E-05
9.9883E-05 9.9883E-05 9.9883E-05 0.998702 9.9883E-05 9.9883E-05 9.9883E-05 9.9883E-05 9.9883E-05 9.9883E-05 9.9883E-05 9.9883E-05 9.9883E-05 9.9883E-05
9.9901E-05 9.9901E-05 9.9901E-05 9.9901E-05 9.9901E-05 0.00156744 0.0055383 0.991795 9.9901E-05 9.9901E-05 9.9901E-05 9.9901E-05 9.9901E-05 9.9901E-05
9.98829E-05 9.98829E-05 9.98829E-05 9.98829E-05 9.98829E-05 9.98829E-05 9.98829E-05 9.98829E-05 9.98829E-05 9.98829E-05 9.98829E-05 9.98829E-05 9.98829E-05 0.998702
0.000865308 0.978614 9.9928E-05 0.00346051 0.00130475 9.9928E-05 9.9928E-05 9.9928E-05 9.9928E-05 9.9928E-05 9.9928E-05 0.00878202 9.9928E-05 0.00617373
0.0160415 0.0274559 0.0828989 0.0191543 0.00037733 9.9991E-05 0.0219858 0.013616 0.062211 0.0234678 0.0605166 0.0374727 0.0345998 0.600102
0.0115046 0.000619436 0.019137 0.0072173 0.0156321 9.9955E-05 0.0080956 0.00853765 9.9955E-05 9.9955E-05 0.9218 0.00695641 9.9955E-05 9.9955E-05
9.99369E-05 0.00466328 9.99369E-05 9.99369E-05 0.00440511 9.99369E-05 0.00828846 9.99369E-05 0.00947538 0.000236265 0.965856 9.99369E-05 0.00637628 9.99369E-05
0.00040289 0.050966 0.0483185 0.0460676 0.0442874 0.0411858 0.0227505 0.0268934 0.00619724 9.9982E-05 9.9982E-05 0.0359683 0.0418778 0.634885
9.9883E-05 9.9883E-05 9.9883E-05 9.9883E-05 9.9883E-05 0.998702 9.9883E-05 9.9883E-05 9.9883E-05 9.9883E-05 9.9883E-05 9.9883E-05 9.9883E-05 9.9883E-05
0.0276153 0.0244199 0.0495777 0.0263332 0.032541 0.00208719 0.0326496 0.00554345 0.362735 0.0251572 0.0744817 0.0299464 0.0164229 0.290489
0.0174434 0.0152165 0.823991 0.0182357 0.0191649 0.00235501 0.0152992 0.0165322 0.0162165 0.0225236 0.0175735 0.0108541 0.000103852 0.00449081
9.9883E-05 9.9883E-05 9.9883E-05 9.9883E-05 9.9883E-05 9.9883E-05 9.9883E-05 9.9883E-05 0.998702 9.9883E-05 9.9883E-05 9.9883E-05 9.9883E-05 9.9883E-05
9.9883E-05 9.9883E-05 0.998702 9.9883E-05 9.9883E-05 9.9883E-05 9.9883E-05 9.9883E-05 9.9883E-05 9.9883E-05 9.9883E-05 9.9883E-05 9.9883E-05 9.9883E-05
0.00244239 9.9928E-05 9.9928E-05 9.9928E-05 0.00258579 9.9928E-05 0.984398 9.9928E-05 0.00581224 0.000868098 9.9928E-05 9.9928E-05 0.00309429 9.9928E-05
9.9928E-05 9.9928E-05 0.0217149 0.00425331 9.9928E-05 9.9928E-05 0.950441 9.9928E-05 9.9928E-05 9.9928E-05 0.00889783 0.0103033 9.9928E-05 0.00359078
9.9883E-05 9.9883E-05 9.9883E-05 9.9883E-05 0.998702 9.9883E-05 9.9883E-05 9.9883E-05 9.9883E-05 9.9883E-05 9.9883E-05 9.9883E-05 9.9883E-05 9.9883E-05
0.0370899 0.0396022 0.0647178 0.0234038 0.538176 0.036815 0.0254824 0.0192903 0.0267037 0.0282555 0.0421172 0.0215559 0.0243738 0.0724164
0.0022553 0.00464347 0.00565057 0.00386214 9.9973E-05 0.00255576 0.0068365 0.003468 0.000891787 9.9973E-05 0.00377712 0.95674 0.0090195 9.9973E-05
9.9946E-05 0.00209889 0.000160961 0.973993 0.0015239 0.00348833 0.00228434 9.9946E-05 9.9946E-05 9.9946E-05 9.9946E-05 0.00572313 0.0101275 9.9946E-05
0.941532 0.00945 9.9946E-05 9.9946E-05 0.010497 9.9946E-05 0.018477 9.9946E-05 0.00571469 9.9946E-05 9.9946E-05 0.00202328 0.00428441 0.00742228
0.0200797 0.0119773 0.0304074 0.842465 9.9991E-05 0.00519369 0.015314 0.0138706 0.0128111 0.0165393 0.0015288 0.00467311 0.00652718 0.0185125
9.98829E-05 9.98829E-05 9.98829E-05 9.98829E-05 9.98829E-05 9.98829E-05 9.98829E-05 0.998702 9.98829E-05 9.98829E-05 9.98829E-05 9.98829E-05 9.98829E-05 9.98829E-05
9.99189E-05 9.99189E-05 9.99189E-05 0.00239079 0.00296619 9.99189E-05 9.99189E-05 9.99189E-05 0.0151292 9.99189E-05 9.99189E-05 0.00594223 9.99189E-05 0.972672
9.98831E-05 0.998702 9.98831E-05 9.98831E-05 9.98831E-05 9.98831E-05 9.98831E-05 9.98831E-05 9.98831E-05 9.98831E-05 9.98831E-05 9.98831E-05 9.98831E-05 9.98831E-05
0.0170062 0.0382397 0.0242995 0.0153523 0.00547074 0.00270471 0.0186071 0.00640114 0.0603662 0.013981 0.084002 0.0335109 0.0201591 0.659899
0.0265415 0.0172979 0.0821376 0.0341795 0.0239556 0.0261142 0.0358377 9.9991E-05 0.0286147 0.000453523 0.561328 0.0301981 0.0263696 0.106872
9.98828E-05 9.98828E-05 9.98828E-05 9.98828E-05 9.98828E-05 9.98828E-05 9.98828E-05 9.98828E-05 9.98828E-05 9.98828E-05 0.998702 9.98828E-05 9.98828E-05 9.98828E-05
9.98829E-05 9.98829E-05 9.98829E-05 9.98829E-05 9.98829E-05 9.98829E-05 9.98829E-05 9.98829E-05 9.98829E-05 9.98829E-05 9.98829E-05 9.98829E-05 0.998702 9.98829E-05
9.9973E-05 0.0498322 0.059358 0.0275373 0.0491273 0.037356 0.0314243 0.0117306 9.9973E-05 9.9973E-05 0.0167183 0.0356599 0.0366344 0.644322
0.0364841 0.0357699 0.0535761 0.0454052 0.0421271 0.0218153 0.0353291 0.0122486 0.320732 0.022172 0.0625031 0.0308813 0.0335915 0.247365
0.00851362 0.00322204 0.89359 0.00398532 9.9964E-05 9.9964E-05 0.0148063 0.00721775 0.0185902 0.0284409 9.9964E-05 9.9964E-05 0.0020962 0.0191374
9.98829E-05 9.98829E-05 9.98829E-05 9.98829E-05 9.98829E-05 9.98829E-05 9.98829E-05 9.98829E-05 0.998702 9.98829E-05 9.98829E-05 9.98829E-05 9.98829E-05 9.98829E-05
0.0167934 0.00226069 0.770057 0.00466772 0.0187027 0.0218202 0.0111587 0.00505712 0.0148322 0.00441464 0.0439298 0.0180673 0.0196116 0.0486269
0.000889971 9.99011E-05 9.99011E-05 9.99011E-05 9.99011E-05 0.00383159 0.99418 9.99011E-05 9.99011E-05 9.99011E-05 9.99011E-05 9.99011E-05 9.99011E-05 9.99011E-05
9.98832E-05 9.98832E-05 9.98832E-05 9.98832E-05 9.98832E-05 9.98832E-05 0.998702 9.98832E-05 9.98832E-05 9.98832E-05 9.98832E-05 9.98832E-05 9.98832E-05 9.98832E-05
9.9883E-05 9.9883E-05 9.9883E-05 9.9883E-05 0.998702 9.9883E-05 9.9883E-05 9.9883E-05 9.9883E-05 9.9883E-05 9.9883E-05 9.9883E-05 9.9883E-05 9.9883E-05
0.0242595 0.0341798 0.0720036 0.0292811 0.555401 0.0409301 0.0333341 0.0250597 0.036333 9.9991E-05 0.0375948 0.0162506 0.0219427 0.0733297
0.010933 0.00186202 0.0228887 0.0303058 0.0104811 9.9982E-05 0.0110077 0.0101397 0.0218482 9.9982E-05 0.0172557 0.842147 0.0132111 0.00772028
9.98831E-05 9.98831E-05 9.98831E-05 0.998702 9.98831E-05 9.98831E-05 9.98831E-05 9.98831E-05 9.98831E-05 9.98831E-05 9.98831E-05 9.98831E-05 9.98831E-05 9.98831E-05
0.998702 9.9883E-05 9.9883E-05 9.9883E-05 9.9883E-05 9.9883E-05 9.9883E-05 9.9883E-05 9.9883E-05 9.9883E-05 9.9883E-05 9.9883E-05 9.9883E-05 9.9883E-05
0.0180297 0.0259812 0.0412612 0.741371 0.0231862 0.0172575 0.0237297 0.0146167 0.0221962 0.010529 0.0383885 0.0232535 9.9982E-05 9.9982E-05
9.98829E-05 9.98829E-05 9.98829E-05 9.98829E-05 9.98829E-05 9.98829E-05 9.98829E-05 0.998702 9.98829E-05 9.98829E-05 9.98829E-05 9.98829E-05 9.98829E-05 9.98829E-05
9.98828E-05 9.98828E-05 9.98828E-05 9.98828E-05 9.98828E-05 9.98828E-05 9.98828E-05 9.98828E-05 9.98828E-05 9.98828E-05 9.98828E-05 9.98828E-05 9.98828E-05 0.998702
9.9883E-05 0.998702 9.9883E-05 9.9883E-05 9.9883E-05 9.9883E-05 9.9883E-05 9.9883E-05 9.9883E-05 9.9883E-05 9.9883E-05 9.9883E-05 9.9883E-05 9.9883E-05
0.0175506 0.0489568 0.105678 0.0590396 0.0542134 0.0730065 0.030363 0.0752627 0.0611928 0.0190434 0.0651485 0.03958 0.0992865 0.251678
0.00846621 0.0269186 0.0137664 0.00151936 9.9973E-05 9.9973E-05 0.00802803 9.9973E-05 0.0336717 0.0179767 0.0997235 0.0135415 0.0114405 0.764648
0.0023014 0.03074 0.0916554 0.0148436 0.0321884 0.0260703 0.0254635 0.0180203 0.00821036 9.9991E-05 0.514577 0.0330625 0.0350621 0.167705
9.9982E-05 0.0283416 0.0343301 0.0153849 9.9982E-05 0.00760832 0.025736 0.0234755 0.0144049 0.0136117 0.723316 0.023173 0.0216379 0.0687803
0.0330641 0.018582 0.0253164 0.0296391 9.9991E-05 0.0431319 0.0202356 0.038905 0.012106 0.0537608 0.0752753 0.028277 0.546305 0.0753017
9.9964E-05 0.05816 0.0594621 0.0332666 0.0443847 0.0379099 0.0268578 0.0183773 9.9964E-05 9.9964E-05 9.9964E-05 0.0347458 0.0383498 0.648086
0.00078279 0.0209031 0.034204 0.0080405 0.00636353 0.0105032 0.0206218 9.9991E-05 0.817971 0.0250907 0.0112307 0.0137837 0.00355462 0.0268508
9.9937E-05 0.0128639 0.935776 0.0182635 9.9937E-05 9.9937E-05 0.0119201 0.00635919 0.000888879 0.0132292 9.9937E-05 9.9937E-05 9.9937E-05 9.9937E-05
9.9964E-05 0.00695857 0.0105011 0.0164636 0.0142228 0.00487972 0.00819837 0.00556572 0.922999 9.9964E-05 0.00584061 9.9964E-05 0.00397066 9.9964E-05
9.99011E-05 9.99011E-05 0.989743 0.00701926 9.99011E-05 9.99011E-05 9.99011E-05 9.99011E-05 9.99011E-05 9.99011E-05 9.99011E-05 9.99011E-05 0.00213869 9.99011E-05
0.00602039 0.00785582 9.9946E-05 9.9946E-05 9.9946E-05 0.0105944 0.947893 0.00558594 0.00727461 0.00629148 9.9946E-05 9.9946E-05 0.00788421 9.9946E-05
9.98831E-05 9.98831E-05 9.98831E-05 9.98831E-05 9.98831E-05 9.98831E-05 0.998702 9.98831E-05 9.98831E-05 9.98831E-05 9.98831E-05 9.98831E-05 9.98831E-05 9.98831E-05
9.9883E-05 9.9883E-05 9.9883E-05 9.9883E-05 0.998702 9.9883E-05 9.9883E-05 9.9883E-05 9.9883E-05 9.9883E-05 9.9883E-05 9.9883E-05 9.9883E-05 9.9883E-05
0.00314224 9.9937E-05 9.9937E-05 0.00415634 0.0163509 9.9937E-05 9.9937E-05 0.0034592 0.00306113 0.967196 9.9937E-05 9.9937E-05 0.00193465 9.9937E-05
9.991E-05 9.991E-05 9.991E-05 9.991E-05 9.991E-05 9.991E-05 0.00270432 0.00507775 9.991E-05 9.991E-05 9.991E-05 0.990067 9.991E-05 0.00115232
9.9883E-05 9.9883E-05 9.9883E-05 0.998702 9.9883E-05 9.9883E-05 9.9883E-05 9.9883E-05 9.9883E-05 9.9883E-05 9.9883E-05 9.9883E-05 9.9883E-05 9.9883E-05
0.998702 9.9883E-05 9.9883E-05 9.9883E-05 9.9883E-05 9.9883E-05 9.9883E-05 9.9883E-05 9.9883E-05 9.9883E-05 9.9883E-05 9.9883E-05 9.9883E-05 9.9883E-05
9.98831E-05 9.98831E-05 9.98831E-05 0.998702 9.98831E-05 9.98831E-05 9.98831E-05 9.98831E-05 9.98831E-05 9.98831E-05 9.98831E-05 9.98831E-05 9.98831E-05 9.98831E-05
9.9883E-05 9.9883E-05 9.9883E-05 9.9883E-05 9.9883E-05 9.9883E-05 9.9883E-05 0.998702 9.9883E-05 9.9883E-05 9.9883E-05 9.9883E-05 9.9883E-05 9.9883E-05
9.999E-05 0.0293547 0.0353737 0.0586903 0.0159245 0.0311897 0.0187926 0.00797215 0.00372683 0.0132301 0.0351784 0.0253305 0.036286 0.688851
0.00470647 0.961268 0.000918568 0.00815083 9.9937E-05 9.9937E-05 9.9937E-05 9.9937E-05 9.9937E-05 0.00954295 9.9937E-05 0.00218055 9.9937E-05 0.012533
0.0096247 0.0597251 0.108702 0.047631 0.048086 0.0764894 0.0328929 0.0844423 0.0571832 0.02186 0.0609016 0.0409309 0.102573 0.248958
0.00561063 0.0400344 0.0746243 0.0374194 0.00824673 0.00487827 0.0213576 0.0473815 0.0538332 0.0232119 0.115228 0.0310064 0.0305621 0.506605
0.00116665 0.0219093 0.0843422 0.011774 0.0231094 0.0233418 0.0300995 0.0270456 0.00778702 0.0112976 0.54265 0.0365055 0.0198091 0.159163
9.9982E-05 0.00405403 0.0522525 0.0261365 9.9982E-05 0.0183668 0.0100719 0.0252036 0.0352583 0.0255377 0.681046 0.00873583 0.0347669 0.0783698
9.98828E-05 9.98828E-05 9.98828E-05 9.98828E-05 9.98828E-05 9.98828E-05 9.98828E-05 9.98828E-05 9.98828E-05 9.98828E-05 9.98828E-05 9.98828E-05 0.998702 9.98828E-05
0.013736 0.0448981 0.0520309 0.0549875 0.0206215 0.0314789 0.03302 0.0039255 0.0072539 0.0373192 0.0249011 0.0297939 0.0472275 0.598806
0.00551146 0.021304 0.0230127 9.9982E-05 0.0100275 0.00495554 0.0238226 9.9982E-05 0.812941 0.0221838 0.00776256 0.0210968 0.0158769 0.031305
9.9883E-05 9.9883E-05 0.998702 9.9883E-05 9.9883E-05 9.9883E-05 9.9883E-05 9.9883E-05 9.9883E-05 9.9883E-05 9.9883E-05 9.9883E-05 9.9883E-05 9.9883E-05
9.98829E-05 9.98829E-05 9.98829E-05 9.98829E-05 9.98829E-05 9.98829E-05 9.98829E-05 9.98829E-05 0.998702 9.98829E-05 9.98829E-05 9.98829E-05 9.98829E-05 9.98829E-05
9.99011E-05 9.99011E-05 0.987073 9.99011E-05 9.99011E-05 9.99011E-05 9.99011E-05 9.99011E-05 9.99011E-05 9.99011E-05 9.99011E-05 0.0111611 0.000667285 9.99011E-05
0.000251218 0.0105604 9.9955E-05 0.00434938 0.0105429 0.0067447 0.943192 9.9955E-05 0.00600264 0.00158206 9.9955E-05 9.9955E-05 0.0162751 9.9955E-05
9.98921E-05 9.98921E-05 9.98921E-05 9.98921E-05 9.98921E-05 9.98921E-05 0.992893 9.98921E-05 9.98921E-05 9.98921E-05 9.98921E-05 9.98921E-05 9.98921E-05 0.00590808
9.9883E-05 9.9883E-05 9.9883E-05 9.9883E-05 0.998702 9.9883E-05 9.9883E-05 9.9883E-05 9.9883E-05 9.9883E-05 9.9883E-05 9.9883E-05 9.9883E-05 9.9883E-05
9.9883E-05 9.9883E-05 9.9883E-05 9.9883E-05 0.998702 9.9883E-05 9.9883E-05 9.9883E-05 9.9883E-05 9.9883E-05 9.9883E-05 9.9883E-05 9.9883E-05 9.9883E-05
9.99491E-05 0.000519494 9.99491E-05 9.99491E-05 0.0133107 9.99491E-05 0.00332051 9.99491E-05 0.00134296 0.00401926 0.000266295 0.975989 9.99491E-05 0.000631643
0.00495402 0.00286082 0.010762 0.966165 0.00440786 0.00884433 9.9937E-05 0.00130611 9.9937E-05 9.9937E-05 9.9937E-05 9.9937E-05 9.9937E-05 9.9937E-05
0.185117 0.020096 0.0841464 0.0332831 9.9991E-05 0.0246754 0.0293075 0.3171 0.0484301 0.0530641 0.0611175 0.0434797 0.0259169 0.0741664
0.0014717 0.00786428 0.000513254 0.958944 0.00409216 0.0036793 0.00214863 9.9964E-05 0.0124554 0.00378882 9.9964E-05 0.00464288 9.9964E-05 9.9964E-05
0.00143585 0.985018 0.00646186 0.00403212 9.9919E-05 9.9919E-05 0.0021524 9.9919E-05 9.9919E-05 9.9919E-05 9.9919E-05 9.9919E-05 9.9919E-05 9.9919E-05
0.0340547 0.0253494 0.0596025 0.00885141 0.021637 0.012831 0.0292394 0.00224039 0.0796595 0.00796318 0.163823 0.00664533 0.0296143 0.518489
0.00809724 0.0642527 0.120431 0.0418079 0.0544125 0.0696865 0.0338599 0.0778948 0.0614722 0.0206617 0.0571359 0.0433591 0.101205 0.245723
0.0334736 0.0195726 0.0678538 0.0487206 0.0145962 0.0327058 0.0486603 0.0298056 0.0352062 9.9991E-05 0.095462 0.0524 0.0399269 0.481516
0.0155724 0.0148612 0.0728654 0.0231925 0.0323448 0.026931 0.0271274 0.0183299 9.9982E-05 0.00309507 0.551192 0.0389754 9.9982E-05 0.175313
0.0434092 0.0322724 0.0637414 0.0394468 0.01222 0.00780247 0.024261 0.0157022 0.02188 9.9991E-05 0.5738 0.0454826 0.0454962 0.0743855
9.9883E-05 9.9883E-05 9.9883E-05 9.9883E-05 9.9883E-05 0.998702 9.9883E-05 9.9883E-05 9.9883E-05 9.9883E-05 9.9883E-05 9.9883E-05 9.9883E-05 9.9883E-05
9.98828E-05 9.98828E-05 9.98828E-05 9.98828E-05 9.98828E-05 9.98828E-05 9.98828E-05 9.98828E-05 9.98828E-05 9.98828E-05 9.98828E-05 9.98828E-05 0.998702 9.98828E-05
9.9982E-05 0.023143 0.034249 0.0542459 0.0267541 0.0522813 0.00557052 0.0154411 0.0026226 9.9982E-05 0.0374711 0.0239303 0.0457023 0.678389
0.00155391 0.0140333 0.020821 9.9973E-05 9.9973E-05 0.009403 0.0125259 9.9973E-05 0.846278 0.0211464 0.00292752 0.0206409 0.0140206 0.0363494
9.98829E-05 9.98829E-05 0.998702 9.98829E-05 9.98829E-05 9.98829E-05 9.98829E-05 9.98829E-05 9.98829E-05 9.98829E-05 9.98829E-05 9.98829E-05 9.98829E-05 9.98829E-05
9.98829E-05 9.98829E-05 9.98829E-05 9.98829E-05 9.98829E-05 9.98829E-05 9.98829E-05 9.98829E-05 0.998702 9.98829E-05 9.98829E-05 9.98829E-05 9.98829E-05 9.98829E-05
9.99011E-05 9.99011E-05 0.974216 9.99011E-05 9.99011E-05 9.99011E-05 9.99011E-05 9.99011E-05 9.99011E-05 9.99011E-05 9.99011E-05 0.0122644 0.0124206 9.99011E-05
9.991E-05 9.991E-05 9.991E-05 9.991E-05 0.000350625 9.991E-05 0.993632 9.991E-05 0.00061251 9.991E-05 9.991E-05 9.991E-05 0.00440575 9.991E-05
9.9883E-05 9.9883E-05 9.9883E-05 9.9883E-05 9.9883E-05 9.9883E-05 9.9883E-05 9.9883E-05 9.9883E-05 0.998702 9.9883E-05 9.9883E-05 9.9883E-05 9.9883E-05
9.9883E-05 9.9883E-05 9.9883E-05 9.9883E-05 9.9883E-05 9.9883E-05 9.9883E-05 9.9883E-05 9.9883E-05 9.9883E-05 9.9883E-05 0.998702 9.9883E-05 9.9883E-05
0.0219519 0.0234865 0.0987531 0.0246261 0.0317485 0.0181811 0.0363146 0.0182244 0.00122073 0.0158338 0.071181 0.477813 0.0371673 0.123498
0.155019 0.0325322 0.0936498 0.0299948 0.0027292 0.040433 0.0430706 0.198873 0.0346217 0.0631179 0.0926101 0.0326283 0.0463548 0.134366
9.9883E-05 9.9883E-05 9.9883E-05 0.998702 9.9883E-05 9.9883E-05 9.9883E-05 9.9883E-05 9.9883E-05 9.9883E-05 9.9883E-05 9.9883E-05 9.9883E-05 9.9883E-05
0.998702 9.9883E-05 9.9883E-05 9.9883E-05 9.9883E-05 9.9883E-05 9.9883E-05 9.9883E-05 9.9883E-05 9.9883E-05 9.9883E-05 9.9883E-05 9.9883E-05 9.9883E-05
0.0104606 0.0244484 0.00829707 0.826839 0.0177739 0.0171105 0.0153086 0.00771013 0.0121571 0.0117491 0.0197366 0.0154035 0.00372078 0.00928447
9.98831E-05 0.998702 9.98831E-05 9.98831E-05 9.98831E-05 9.98831E-05 9.98831E-05 9.98831E-05 9.98831E-05 9.98831E-05 9.98831E-05 9.98831E-05 9.98831E-05 9.98831E-05
0.0166633 0.028099 0.0435856 0.0185181 0.0245386 9.9991E-05 0.0204342 0.0039302 0.0778386 0.0157618 0.104731 0.022171 0.0320777 0.591551
0.033967 0.0595516 0.114701 0.0539017 0.0430153 0.0530524 0.0418947 0.0422115 0.0757456 0.0301907 0.077377 0.0388598 0.0896009 0.245931
0.0288725 0.0233819 0.0671875 0.0286778 0.0266341 0.0350015 0.0315709 0.001845 0.0450148 0.00305741 0.0999061 0.0176438 0.0471339 0.544073
0.0413961 0.0169155 0.0590019 0.0231572 9.9991E-05 0.00884002 0.00388334 0.00202673 0.0244754 0.00692908 0.638101 0.0372719 0.03357 0.104331
0.0115217 0.0220368 9.9964E-05 0.0208878 0.00689881 9.9964E-05 0.0283251 0.014908 0.00552863 9.9964E-05 0.8384 9.9964E-05 0.0047358 0.0463576
9.98831E-05 9.98831E-05 9.98831E-05 9.98831E-05 9.98831E-05 0.998702 9.98831E-05 9.98831E-05 9.98831E-05 9.98831E-05 9.98831E-05 9.98831E-05 9.98831E-05 9.98831E-05
0.0124857 0.00529243 0.0182806 0.00716933 0.0117402 0.0127084 0.0211304 9.9991E-05 0.0249157 0.00435423 0.0112209 0.0117054 0.84892 0.00997704
9.9973E-05 0.0251114 0.0246648 0.0474947 0.0208531 0.0606506 9.9973E-05 0.014009 9.9973E-05 0.00129512 0.0313293 0.0276795 0.0442003 0.702412
0.00971604 0.0224425 0.0221924 0.012146 0.0118893 0.0206912 0.0168416 9.9991E-05 0.793381 0.00806597 0.0103081 0.0234175 0.0128409 0.0359679
9.9883E-05 9.9883E-05 0.998702 9.9883E-05 9.9883E-05 9.9883E-05 9.9883E-05 9.9883E-05 9.9883E-05 9.9883E-05 9.9883E-05 9.9883E-05 9.9883E-05 9.9883E-05
9.98829E-05 9.98829E-05 9.98829E-05 9.98829E-05 9.98829E-05 9.98829E-05 9.98829E-05 9.98829E-05 0.998702 9.98829E-05 9.98829E-05 9.98829E-05 9.98829E-05 9.98829E-05
9.98831E-05 9.98831E-05 9.98831E-05 9.98831E-05 9.98831E-05 9.98831E-05 0.998702 9.98831E-05 9.98831E-05 9.98831E-05 9.98831E-05 9.98831E-05 9.98831E-05 9.98831E-05
