9.98921E-05 9.98921E-05 9.98921E-05 9.98921E-05 0.998801 9.98921E-05 9.98921E-05 9.98921E-05 9.98921E-05 9.98921E-05 9.98921E-05 9.98921E-05 9.98921E-05
9.9892E-05 9.9892E-05 9.9892E-05 9.9892E-05 9.9892E-05 9.9892E-05 9.9892E-05 9.9892E-05 9.9892E-05 9.9892E-05 9.9892E-05 9.9892E-05 0.998801
9.9892E-05 9.9892E-05 9.9892E-05 9.9892E-05 9.9892E-05 9.9892E-05 9.9892E-05 9.9892E-05 9.9892E-05 9.9892E-05 9.9892E-05 9.9892E-05 0.998801
9.98919E-05 9.98919E-05 9.98919E-05 0.998801 9.98919E-05 9.98919E-05 9.98919E-05 9.98919E-05 9.98919E-05 9.98919E-05 9.98919E-05 9.98919E-05 9.98919E-05
9.9892E-05 9.9892E-05 9.9892E-05 0.998801 9.9892E-05 9.9892E-05 9.9892E-05 9.9892E-05 9.9892E-05 9.9892E-05 9.9892E-05 9.9892E-05 9.9892E-05
0.32433 0.105534 0.0497967 0.0381063 0.0618505 0.0488567 0.094054 0.0390238 0.104845 0.0384522 0.0294984 0.0310425 0.0346104
9.9892E-05 9.9892E-05 9.9892E-05 9.9892E-05 9.9892E-05 0.998801 9.9892E-05 9.9892E-05 9.9892E-05 9.9892E-05 9.9892E-05 9.9892E-05 9.9892E-05
0.998801 9.9892E-05 9.9892E-05 9.9892E-05 9.9892E-05 9.9892E-05 9.9892E-05 9.9892E-05 9.9892E-05 9.9892E-05 9.9892E-05 9.9892E-05 9.9892E-05
0.02569 0.424479 0.0114069 0.04872 0.0655678 0.05772 0.0472419 0.0251002 0.104533 0.0652027 0.00184125 0.0888358 0.0336616
9.9928E-05 9.9928E-05 9.9928E-05 9.9928E-05 0.00430651 9.9928E-05 0.00259651 0.978897 9.9928E-05 9.9928E-05 0.00124621 9.9928E-05 0.0121545
0.0426174 0.261706 0.0491599 0.0684847 0.0716021 0.0649878 0.054406 0.0545782 0.141585 0.0394262 0.0462528 0.0961552 0.00903909
0.0441964 0.163197 0.0951634 0.045518 0.0529286 0.0708915 0.0554144 0.0671971 0.150125 0.0708165 0.0487752 0.0959448 0.0398324
0.00663457 0.988869 9.99099E-05 9.99099E-05 0.00349772 9.99099E-05 9.99099E-05 9.99099E-05 9.99099E-05 9.99099E-05 9.99099E-05 9.99099E-05 9.99099E-05
9.98918E-05 0.998801 9.98918E-05 9.98918E-05 9.98918E-05 9.98918E-05 9.98918E-05 9.98918E-05 9.98918E-05 9.98918E-05 9.98918E-05 9.98918E-05 9.98918E-05
9.9991E-05 0.127735 0.0727287 0.0224395 0.00825878 0.538207 0.0356473 0.0342054 0.072781 0.0466978 0.00459534 0.00787622 0.0287281
9.9892E-05 9.9892E-05 9.9892E-05 9.9892E-05 9.9892E-05 9.9892E-05 9.9892E-05 9.9892E-05 9.9892E-05 0.998801 9.9892E-05 9.9892E-05 9.9892E-05
9.98918E-05 9.98918E-05 0.998801 9.98918E-05 9.98918E-05 9.98918E-05 9.98918E-05 9.98918E-05 9.98918E-05 9.98918E-05 9.98918E-05 9.98918E-05 9.98918E-05
0.0148208 0.21376 0.0774208 0.0735737 0.0616155 0.0641081 0.0578438 0.0404152 0.194704 0.0638622 0.0570352 0.0686324 0.0122077
0.00482749 0.0046831 0.029628 0.0181531 0.0297265 0.00950253 0.00730937 0.0195221 0.0394185 0.00836637 0.00492522 0.797351 0.0265866
0.0163399 9.9991E-05 0.00688575 0.0337958 0.0397669 0.0300008 0.0279262 0.0210511 0.697455 0.0335668 0.0160634 0.0479932 0.0290548
0.0040395 9.9919E-05 9.9919E-05 9.9919E-05 9.9919E-05 0.00354666 9.9919E-05 9.9919E-05 9.9919E-05 9.9919E-05 0.00809092 0.983424 9.9919E-05
0.0099335 0.0153678 0.0108933 0.0126388 9.9955E-05 9.9955E-05 0.00397533 9.9955E-05 0.933943 0.000237358 9.9955E-05 0.0125112 9.9955E-05
0.00496344 0.00582572 9.9955E-05 0.00400074 0.924252 0.0198699 9.9955E-05 9.9955E-05 0.0280722 9.9955E-05 0.00278331 0.0097329 9.9955E-05
9.9892E-05 9.9892E-05 9.9892E-05 9.9892E-05 9.9892E-05 9.9892E-05 9.9892E-05 9.9892E-05 9.9892E-05 9.9892E-05 0.998801 9.9892E-05 9.9892E-05
9.9901E-05 9.9901E-05 9.9901E-05 9.9901E-05 0.000529458 9.9901E-05 9.9901E-05 9.9901E-05 9.9901E-05 9.9901E-05 9.9901E-05 9.9901E-05 0.998372
9.9892E-05 9.9892E-05 9.9892E-05 0.998801 9.9892E-05 9.9892E-05 9.9892E-05 9.9892E-05 9.9892E-05 9.9892E-05 9.9892E-05 9.9892E-05 9.9892E-05
9.9892E-05 9.9892E-05 9.9892E-05 9.9892E-05 9.9892E-05 0.998801 9.9892E-05 9.9892E-05 9.9892E-05 9.9892E-05 9.9892E-05 9.9892E-05 9.9892E-05
0.998801 9.9892E-05 9.9892E-05 9.9892E-05 9.9892E-05 9.9892E-05 9.9892E-05 9.9892E-05 9.9892E-05 9.9892E-05 9.9892E-05 9.9892E-05 9.9892E-05
0.0102462 0.00432654 0.0108064 0.00349958 0.00610346 0.930602 0.00932458 0.00840188 0.0126551 9.9982E-05 0.00188868 0.00194607 9.9982E-05
0.967355 9.9937E-05 0.0158625 0.00197057 9.9937E-05 9.9937E-05 9.9937E-05 9.9937E-05 0.00336677 9.9937E-05 0.00822066 9.9937E-05 0.00252497
0.0353458 0.477806 9.9982E-05 0.0497953 0.0548063 0.0332282 0.054218 0.0103681 0.100234 0.0511379 9.9982E-05 0.0975447 0.035316
9.9892E-05 9.9892E-05 9.9892E-05 9.9892E-05 9.9892E-05 9.9892E-05 9.9892E-05 0.998801 9.9892E-05 9.9892E-05 9.9892E-05 9.9892E-05 9.9892E-05
0.0496828 0.182293 0.041596 0.0546188 0.100447 0.0939353 0.0367263 0.0638331 0.136968 0.0450243 0.0676886 0.0924657 0.0347203
9.98919E-05 0.998801 9.98919E-05 9.98919E-05 9.98919E-05 9.98919E-05 9.98919E-05 9.98919E-05 9.98919E-05 9.98919E-05 9.98919E-05 9.98919E-05 9.98919E-05
9.98918E-05 0.998801 9.98918E-05 9.98918E-05 9.98918E-05 9.98918E-05 9.98918E-05 9.98918E-05 9.98918E-05 9.98918E-05 9.98918E-05 9.98918E-05 9.98918E-05
0.0159536 0.237213 0.1195 0.0314521 0.0667263 0.050297 0.040149 0.056081 0.169647 0.0925896 0.0552869 0.0650046 9.9991E-05
9.98919E-05 9.98919E-05 9.98919E-05 9.98919E-05 9.98919E-05 9.98919E-05 9.98919E-05 9.98919E-05 9.98919E-05 0.998801 9.98919E-05 9.98919E-05 9.98919E-05
0.0373005 0.087423 0.466394 0.0327744 0.0286012 0.0453453 0.0250362 0.0277397 0.119235 0.0586208 9.9991E-05 0.0549507 0.0164791
9.9919E-05 9.9919E-05 9.9919E-05 9.9919E-05 9.9919E-05 9.9919E-05 0.0159986 0.0179113 0.95908 9.9919E-05 9.9919E-05 0.00611038 9.9919E-05
9.98919E-05 9.98919E-05 9.98919E-05 9.98919E-05 9.98919E-05 9.98919E-05 9.98919E-05 9.98919E-05 9.98919E-05 9.98919E-05 9.98919E-05 0.998801 9.98919E-05
0.0211271 0.0475235 0.0314784 0.0281369 0.0353797 0.0172237 0.0295291 0.0226918 0.693357 0.0216013 0.01631 0.0287298 0.00691199
9.9892E-05 9.9892E-05 9.9892E-05 9.9892E-05 0.998801 9.9892E-05 9.9892E-05 9.9892E-05 9.9892E-05 9.9892E-05 9.9892E-05 9.9892E-05 9.9892E-05
9.9944E-05 0.0107227 0.00325983 0.00786198 0.952108 0.0109408 9.9944E-05 9.9944E-05 0.0144068 9.9944E-05 9.9944E-05 9.9944E-05 9.9944E-05
9.9892E-05 9.9892E-05 9.9892E-05 9.9892E-05 9.9892E-05 9.9892E-05 9.9892E-05 9.9892E-05 9.9892E-05 9.9892E-05 0.998801 9.9892E-05 9.9892E-05
0.0148772 0.00529185 0.00277001 9.9973E-05 0.00681926 9.9973E-05 0.015188 9.9973E-05 0.0111222 0.00917276 0.140027 0.00829766 0.786134
9.98921E-05 9.98921E-05 9.98921E-05 0.998801 9.98921E-05 9.98921E-05 9.98921E-05 9.98921E-05 9.98921E-05 9.98921E-05 9.98921E-05 9.98921E-05 9.98921E-05
9.9892E-05 9.9892E-05 9.9892E-05 9.9892E-05 9.9892E-05 0.998801 9.9892E-05 9.9892E-05 9.9892E-05 9.9892E-05 9.9892E-05 9.9892E-05 9.9892E-05
9.9919E-05 9.9919E-05 0.00239344 9.9919E-05 9.9919E-05 0.00653502 0.98719 9.9919E-05 9.9919E-05 0.00298229 9.9919E-05 9.9919E-05 9.9919E-05
9.9892E-05 9.9892E-05 9.9892E-05 9.9892E-05 9.9892E-05 0.998801 9.9892E-05 9.9892E-05 9.9892E-05 9.9892E-05 9.9892E-05 9.9892E-05 9.9892E-05
9.9901E-05 9.9901E-05 9.9901E-05 9.9901E-05 0.00579643 9.9901E-05 0.993105 9.9901E-05 9.9901E-05 9.9901E-05 9.9901E-05 9.9901E-05 9.9901E-05
0.0392373 0.430821 0.00826275 0.0587249 0.0658096 0.0520349 0.0320507 0.0324178 0.111147 0.0461922 9.9991E-05 0.0927737 0.0304279
0.00548971 9.9946E-05 0.00575142 9.9946E-05 9.9946E-05 0.00524967 0.000757751 0.979616 9.9946E-05 0.000952989 9.9946E-05 9.9946E-05 0.00158304
0.0283241 0.3014 0.0660586 0.056344 0.0587165 0.0507509 0.0502395 0.0506657 0.159353 0.0174453 0.00654822 0.107553 0.0466012
0.00311135 0.978387 0.00122428 0.00628299 0.00366471 0.00158798 9.99549E-05 9.99549E-05 9.99549E-05 9.99549E-05 0.000556539 9.99549E-05 0.00468495
9.99009E-05 0.998022 9.99009E-05 9.99009E-05 9.99009E-05 9.99009E-05 9.99009E-05 9.99009E-05 9.99009E-05 9.99009E-05 0.000879475 9.99009E-05 9.99009E-05
0.0123847 0.223532 0.0885695 0.0551909 0.05406 0.0653321 0.0696768 0.0649127 0.163987 0.087597 0.0657637 0.0479338 0.00106049
9.9892E-05 9.9892E-05 9.9892E-05 9.9892E-05 9.9892E-05 9.9892E-05 9.9892E-05 9.9892E-05 9.9892E-05 0.998801 9.9892E-05 9.9892E-05 9.9892E-05
0.0278321 0.156694 0.0432749 0.038412 0.0440862 0.0528612 0.0235782 0.0384684 0.0759747 0.031658 0.0437147 0.401296 0.0221494
0.00623266 0.00521641 0.00166012 0.0108998 0.020845 0.0231564 0.0208466 0.0145037 0.846293 9.9991E-05 0.00167281 0.0222875 0.0262862
9.9892E-05 9.9892E-05 9.9892E-05 9.9892E-05 9.9892E-05 9.9892E-05 9.9892E-05 9.9892E-05 9.9892E-05 9.9892E-05 9.9892E-05 0.998801 9.9892E-05
9.98919E-05 9.98919E-05 9.98919E-05 9.98919E-05 9.98919E-05 9.98919E-05 9.98919E-05 9.98919E-05 0.998801 9.98919E-05 9.98919E-05 9.98919E-05 9.98919E-05
0.00617361 9.9919E-05 9.9919E-05 9.9919E-05 0.987083 9.9919E-05 9.9919E-05 9.9919E-05 9.9919E-05 9.9919E-05 9.9919E-05 0.000111286 0.00573323
9.9934E-05 0.0186173 9.9934E-05 0.00686837 0.953191 0.0038748 9.9934E-05 9.9934E-05 0.0166493 9.9934E-05 9.9934E-05 9.9934E-05 9.9934E-05
9.9892E-05 9.9892E-05 9.9892E-05 9.9892E-05 9.9892E-05 9.9892E-05 9.9892E-05 9.9892E-05 9.9892E-05 9.9892E-05 0.998801 9.9892E-05 9.9892E-05
0.0323398 0.0760625 0.015091 0.0321363 0.0370482 0.0197642 0.024514 0.0387371 0.0874025 0.0345378 0.554214 0.0353223 0.0128299
9.9946E-05 9.9946E-05 0.00695611 0.964752 0.00932305 0.00378035 9.9946E-05 9.9946E-05 0.00802489 0.000422945 9.9946E-05 0.00614129 9.9946E-05
9.9946E-05 9.9946E-05 0.00577568 9.9946E-05 0.00620744 0.967881 0.00755192 0.000918572 9.9946E-05 0.00644106 9.9946E-05 9.9946E-05 0.00462461
0.948929 9.9964E-05 0.00219349 0.00145983 0.00560924 0.00476757 9.9964E-05 0.0102355 9.9964E-05 9.9964E-05 0.019804 0.00427194 0.00232954
0.0136034 0.0187981 9.9982E-05 9.9982E-05 0.0206101 0.852274 0.00797279 0.000213303 0.0342561 0.0119887 0.00395757 0.0195721 0.0165543
9.98919E-05 9.98919E-05 9.98919E-05 9.98919E-05 9.98919E-05 9.98919E-05 0.998801 9.98919E-05 9.98919E-05 9.98919E-05 9.98919E-05 9.98919E-05 9.98919E-05
0.0420847 0.381294 0.0190481 0.0459076 0.0676531 0.0514117 0.0590125 0.0252873 0.122394 0.0442805 0.0264774 0.103578 0.01157
9.9892E-05 9.9892E-05 9.9892E-05 9.9892E-05 9.9892E-05 9.9892E-05 9.9892E-05 0.998801 9.9892E-05 9.9892E-05 9.9892E-05 9.9892E-05 9.9892E-05
0.0309113 0.344158 0.0472271 0.0685695 0.0608493 0.0515064 0.0305466 0.056988 0.112146 0.0240607 0.0296745 0.112741 0.030621
0.0241225 0.642207 0.0296011 0.0231485 0.0359271 0.0354209 9.9991E-05 0.0133285 0.102114 0.0339003 0.0246088 0.032682 0.00283869
9.98918E-05 0.998801 9.98918E-05 9.98918E-05 9.98918E-05 9.98918E-05 9.98918E-05 9.98918E-05 9.98918E-05 9.98918E-05 9.98918E-05 9.98918E-05 9.98918E-05
9.98919E-05 9.98919E-05 0.998801 9.98919E-05 9.98919E-05 9.98919E-05 9.98919E-05 9.98919E-05 9.98919E-05 9.98919E-05 9.98919E-05 9.98919E-05 9.98919E-05
0.0158804 0.206758 0.0856655 0.0719974 0.072565 0.0741574 0.0498323 0.0591159 0.17514 0.0774166 0.067561 0.0438109 9.9991E-05
0.037256 0.178757 0.0360808 0.0356251 0.0474067 0.0443197 0.0166755 0.0489126 0.0953507 0.0365863 0.0642188 0.35469 0.00411992
0.00371887 9.9964E-05 0.00855833 0.00543081 0.00392135 0.0148484 0.0206891 0.00506386 0.920197 9.9964E-05 9.9964E-05 9.9964E-05 0.0171727
9.98919E-05 9.98919E-05 9.98919E-05 9.98919E-05 9.98919E-05 9.98919E-05 9.98919E-05 9.98919E-05 9.98919E-05 9.98919E-05 9.98919E-05 0.998801 9.98919E-05
0.0177621 0.0542063 0.0297124 0.0154157 0.022427 0.0103104 0.00912813 0.00599986 0.766732 0.028215 0.0239834 0.0160078 9.9991E-05
9.98921E-05 9.98921E-05 9.98921E-05 9.98921E-05 0.998801 9.98921E-05 9.98921E-05 9.98921E-05 9.98921E-05 9.98921E-05 9.98921E-05 9.98921E-05 9.98921E-05
9.98921E-05 9.98921E-05 9.98921E-05 9.98921E-05 0.998801 9.98921E-05 9.98921E-05 9.98921E-05 9.98921E-05 9.98921E-05 9.98921E-05 9.98921E-05 9.98921E-05
9.98919E-05 9.98919E-05 9.98919E-05 9.98919E-05 9.98919E-05 9.98919E-05 9.98919E-05 9.98919E-05 9.98919E-05 9.98919E-05 0.998801 9.98919E-05 9.98919E-05
0.032568 0.0520864 0.0326703 0.0213647 0.0418166 0.0380621 0.0166092 0.0353916 0.105462 0.0282701 0.560309 0.0316779 0.00371228
0.00431386 0.0368482 0.018885 0.832886 0.000239828 0.0111788 0.0106318 0.0171243 0.030397 9.99876E-05 9.99876E-05 0.0201364 0.0171592
9.9892E-05 9.9892E-05 9.9892E-05 9.9892E-05 9.9892E-05 0.998801 9.9892E-05 9.9892E-05 9.9892E-05 9.9892E-05 9.9892E-05 9.9892E-05 9.9892E-05
0.998801 9.9892E-05 9.9892E-05 9.9892E-05 9.9892E-05 9.9892E-05 9.9892E-05 9.9892E-05 9.9892E-05 9.9892E-05 9.9892E-05 9.9892E-05 9.9892E-05
0.0184313 0.0338383 0.0146796 0.0221846 0.0213984 0.756458 0.0191521 0.0201087 0.0323882 0.0177428 0.0208744 0.0120802 0.0106638
9.98919E-05 9.98919E-05 9.98919E-05 9.98919E-05 9.98919E-05 9.98919E-05 0.998801 9.98919E-05 9.98919E-05 9.98919E-05 9.98919E-05 9.98919E-05 9.98919E-05
0.0436219 0.435182 0.0156205 0.0434707 0.0569315 0.0384635 0.0374272 0.033767 0.113301 0.0428015 9.9991E-05 0.10599 0.0333232
9.9892E-05 9.9892E-05 9.9892E-05 9.9892E-05 9.9892E-05 9.9892E-05 9.9892E-05 0.998801 9.9892E-05 9.9892E-05 9.9892E-05 9.9892E-05 9.9892E-05
0.0231068 0.180975 0.104123 0.0560824 0.0484439 0.0620203 0.0756095 0.0587871 0.15404 0.0847983 0.0704659 0.0765766 0.0049707
0.0302062 0.394539 0.0495404 0.0540093 0.0523985 0.0293308 0.0290306 0.0623914 0.128545 0.0209729 9.9991E-05 0.0997943 0.049142
0.00263512 0.639515 0.0265722 0.0318146 0.0357443 0.018653 0.0304529 0.0217601 0.0979379 0.0319096 0.0308146 0.0180744 0.0141158
0.00145351 0.800117 0.0201478 0.0192064 0.0224526 0.0261725 0.0113154 0.0202298 0.043117 0.00604265 9.9991E-05 0.0148236 0.0148219
0.0328398 0.0874924 0.551142 0.0281508 0.0292414 0.0397857 0.0403051 0.023301 0.0464762 0.0372314 9.9991E-05 0.0300626 0.0538718
0.0129786 0.212498 0.0791158 0.0684903 0.0628773 0.0661681 0.0545659 0.0640054 0.181739 0.0813118 0.0648953 0.0512553 9.9991E-05
0.0148304 0.0143739 0.0174363 0.0207774 0.00864413 0.00283954 9.9991E-05 0.0168578 0.0339467 0.0134749 0.00260891 0.83151 0.0226
9.99421E-05 9.99421E-05 9.99421E-05 9.99421E-05 0.00260792 0.00579114 0.0141518 0.0232638 0.951675 9.99421E-05 9.99421E-05 9.99421E-05 0.00181124
0.00957913 9.9964E-05 9.9964E-05 0.00245739 9.9964E-05 0.00332695 0.00565015 0.00452337 0.0184847 0.0040403 0.0174607 0.934077 9.9964E-05
9.98921E-05 9.98921E-05 9.98921E-05 9.98921E-05 9.98921E-05 9.98921E-05 9.98921E-05 9.98921E-05 0.998801 9.98921E-05 9.98921E-05 9.98921E-05 9.98921E-05
0.00935937 9.9955E-05 0.0060217 9.9955E-05 0.948522 9.9955E-05 0.00418862 0.00291816 9.9955E-05 0.00557344 9.9955E-05 0.00661483 0.0163018
9.98921E-05 9.98921E-05 9.98921E-05 9.98921E-05 0.998801 9.98921E-05 9.98921E-05 9.98921E-05 9.98921E-05 9.98921E-05 9.98921E-05 9.98921E-05 9.98921E-05
9.9892E-05 9.9892E-05 9.9892E-05 9.9892E-05 9.9892E-05 9.9892E-05 9.9892E-05 9.9892E-05 9.9892E-05 9.9892E-05 0.998801 9.9892E-05 9.9892E-05
0.00404784 9.9937E-05 0.00183309 9.9937E-05 9.9937E-05 9.9937E-05 0.00651407 9.9937E-05 0.000400424 9.9937E-05 0.0309531 9.9937E-05 0.955552
9.9892E-05 9.9892E-05 9.9892E-05 0.998801 9.9892E-05 9.9892E-05 9.9892E-05 9.9892E-05 9.9892E-05 9.9892E-05 9.9892E-05 9.9892E-05 9.9892E-05
9.9892E-05 9.9892E-05 9.9892E-05 9.9892E-05 9.9892E-05 0.998801 9.9892E-05 9.9892E-05 9.9892E-05 9.9892E-05 9.9892E-05 9.9892E-05 9.9892E-05
0.998801 9.9892E-05 9.9892E-05 9.9892E-05 9.9892E-05 9.9892E-05 9.9892E-05 9.9892E-05 9.9892E-05 9.9892E-05 9.9892E-05 9.9892E-05 9.9892E-05
9.98921E-05 9.98921E-05 9.98921E-05 9.98921E-05 9.98921E-05 0.998801 9.98921E-05 9.98921E-05 9.98921E-05 9.98921E-05 9.98921E-05 9.98921E-05 9.98921E-05
9.98919E-05 9.98919E-05 9.98919E-05 9.98919E-05 9.98919E-05 9.98919E-05 0.998801 9.98919E-05 9.98919E-05 9.98919E-05 9.98919E-05 9.98919E-05 9.98919E-05
0.0123075 0.256074 0.0904399 0.0477914 0.0609298 0.0952801 0.0419334 0.0610275 0.148431 0.0862613 0.0536374 0.0457868 9.9991E-05
9.9937E-05 9.9937E-05 9.9937E-05 0.00557416 0.00606856 0.00755208 0.00215909 0.971409 0.00653797 9.9937E-05 9.9937E-05 9.9937E-05 9.9937E-05
0.0173972 0.183324 0.114612 0.0613017 0.0384645 0.0579229 0.0794129 0.0646206 0.141721 0.0724529 0.0737388 0.0865694 0.00846207
0.0227563 0.31394 0.0455219 0.0652416 0.0551708 0.0484544 0.0733056 0.0304985 0.160556 0.0262645 0.0207689 0.0952851 0.0422364
0.00509972 0.662402 0.0448725 0.0347789 0.0278909 0.00623639 0.0277291 0.0161179 0.0972679 0.0307856 0.0189789 0.0194038 0.00843612
0.00360718 0.761045 0.0441597 0.015053 0.022318 0.0311179 0.0173714 0.00238513 0.0412172 0.0104385 9.9991E-05 0.0267173 0.0244692
9.98918E-05 9.98918E-05 0.998801 9.98918E-05 9.98918E-05 9.98918E-05 9.98918E-05 9.98918E-05 9.98918E-05 9.98918E-05 9.98918E-05 9.98918E-05 9.98918E-05
0.0271706 0.228181 0.0762276 0.0619114 0.056094 0.0740532 0.0350483 0.0561704 0.164218 0.0773495 0.0457118 0.0644649 0.0334002
0.00506289 9.9991E-05 0.0154729 0.0166085 0.0152939 0.012679 0.00487564 0.0282051 0.0314838 0.0165155 0.00259064 0.824435 0.0266776
9.99009E-05 9.99009E-05 9.99009E-05 9.99009E-05 9.99009E-05 9.99009E-05 9.99009E-05 9.99009E-05 0.997388 9.99009E-05 9.99009E-05 9.99009E-05 0.0015129
9.98919E-05 9.98919E-05 9.98919E-05 9.98919E-05 9.98919E-05 9.98919E-05 9.98919E-05 9.98919E-05 9.98919E-05 9.98919E-05 9.98919E-05 0.998801 9.98919E-05
9.9919E-05 0.00760581 0.00162651 0.000451886 9.9919E-05 9.9919E-05 9.9919E-05 9.9919E-05 0.989417 9.9919E-05 9.9919E-05 9.9919E-05 9.9919E-05
0.00885754 9.9955E-05 0.0108587 9.9955E-05 0.95815 9.9955E-05 0.000366932 0.00608923 9.9955E-05 9.9955E-05 0.00384387 0.00927636 0.00205732
9.9901E-05 9.9901E-05 9.9901E-05 0.00110218 0.997799 9.9901E-05 9.9901E-05 9.9901E-05 9.9901E-05 9.9901E-05 9.9901E-05 9.9901E-05 9.9901E-05
9.9892E-05 9.9892E-05 9.9892E-05 9.9892E-05 9.9892E-05 9.9892E-05 9.9892E-05 9.9892E-05 9.9892E-05 9.9892E-05 0.998801 9.9892E-05 9.9892E-05
9.9892E-05 9.9892E-05 9.9892E-05 9.9892E-05 9.9892E-05 9.9892E-05 9.9892E-05 9.9892E-05 9.9892E-05 9.9892E-05 0.998801 9.9892E-05 9.9892E-05
0.00406633 9.9955E-05 9.9955E-05 0.975228 0.00298129 9.9955E-05 0.000302675 9.9955E-05 9.9955E-05 0.00207742 0.0101473 0.00257462 0.00212247
0.00809818 9.9919E-05 9.9919E-05 0.00607198 9.9919E-05 0.976268 9.9919E-05 9.9919E-05 9.9919E-05 9.9919E-05 0.00866247 9.9919E-05 9.9919E-05
0.173703 0.0941938 0.0396493 0.0566002 0.0485815 0.0357056 0.337664 0.00775173 0.0760009 0.023749 0.0050597 0.0623349 0.0390056
0.00453847 0.00189354 9.9973E-05 0.000819788 0.0051007 0.959042 0.00435027 0.000806056 0.000254326 0.0164944 9.9973E-05 9.9973E-05 0.00640096
9.99127E-05 9.99127E-05 9.99127E-05 9.99127E-05 9.99127E-05 9.99127E-05 9.99127E-05 0.986165 0.00407406 9.99127E-05 0.00876137 9.99127E-05 9.99127E-05
0.0400556 0.357292 0.0483238 0.0350426 0.0611094 0.0326446 0.0291833 0.0494585 0.138845 0.0346285 0.0149479 0.132171 0.0262977
0.0204213 0.181189 0.104773 0.0633094 0.0478301 0.0563376 0.0677296 0.0661769 0.151015 0.0763345 0.078072 0.0824426 0.0043697
0.0475084 0.282047 0.0573197 0.0650978 0.068114 0.0729178 0.0566793 0.0431072 0.14008 0.0563166 0.0126984 0.0806159 0.0174977
0.0132054 0.671788 0.0232512 0.0519397 0.0310078 0.0119606 0.0235484 0.0192929 0.0923655 0.0273984 0.020881 0.00933805 0.0040227
0.0337222 0.656061 0.0519295 0.0281987 0.0211824 0.0458225 0.0143686 0.024016 0.0575056 0.00828558 0.00993372 0.0302725 0.0187022
9.9892E-05 9.9892E-05 9.9892E-05 9.9892E-05 9.9892E-05 9.9892E-05 9.9892E-05 9.9892E-05 9.9892E-05 0.998801 9.9892E-05 9.9892E-05 9.9892E-05
9.98918E-05 9.98918E-05 0.998801 9.98918E-05 9.98918E-05 9.98918E-05 9.98918E-05 9.98918E-05 9.98918E-05 9.98918E-05 9.98918E-05 9.98918E-05 9.98918E-05
0.00105628 0.242526 0.0884599 0.0662232 0.0340325 0.097938 0.0647591 0.0326827 0.17146 0.096186 0.0595204 0.0450558 9.9991E-05
0.0053649 0.00156576 0.0207055 0.0173596 0.00555974 9.9982E-05 9.9982E-05 0.0259277 0.0337931 0.0129075 0.000552683 0.84773 0.0283334
9.98919E-05 9.98919E-05 9.98919E-05 9.98919E-05 9.98919E-05 9.98919E-05 9.98919E-05 9.98919E-05 0.998801 9.98919E-05 9.98919E-05 9.98919E-05 9.98919E-05
9.98919E-05 9.98919E-05 9.98919E-05 9.98919E-05 9.98919E-05 9.98919E-05 9.98919E-05 9.98919E-05 9.98919E-05 9.98919E-05 9.98919E-05 0.998801 9.98919E-05
0.00151233 0.00563941 9.99191E-05 0.0065387 9.99191E-05 9.99191E-05 9.99191E-05 9.99191E-05 0.98541 9.99191E-05 9.99191E-05 9.99191E-05 9.99191E-05
9.991E-05 9.991E-05 0.00252221 9.991E-05 0.993691 9.991E-05 9.991E-05 9.991E-05 9.991E-05 0.00278735 9.991E-05 9.991E-05 9.991E-05
9.9892E-05 9.9892E-05 9.9892E-05 9.9892E-05 9.9892E-05 9.9892E-05 9.9892E-05 9.9892E-05 9.9892E-05 9.9892E-05 9.9892E-05 9.9892E-05 0.998801
9.9892E-05 9.9892E-05 9.9892E-05 0.998801 9.9892E-05 9.9892E-05 9.9892E-05 9.9892E-05 9.9892E-05 9.9892E-05 9.9892E-05 9.9892E-05 9.9892E-05
0.0279525 0.12324 0.0272412 0.49523 0.0491743 0.0384641 0.00322023 0.0285678 0.0997885 0.0281005 0.0253089 0.0196915 0.0340205
0.163044 0.137844 0.0468165 0.0390431 0.061311 0.0276685 0.196091 0.0457504 0.10955 0.0480901 0.000136012 0.0537705 0.0708847
9.98919E-05 9.98919E-05 9.98919E-05 9.98919E-05 9.98919E-05 0.998801 9.98919E-05 9.98919E-05 9.98919E-05 9.98919E-05 9.98919E-05 9.98919E-05 9.98919E-05
0.998801 9.9892E-05 9.9892E-05 9.9892E-05 9.9892E-05 9.9892E-05 9.9892E-05 9.9892E-05 9.9892E-05 9.9892E-05 9.9892E-05 9.9892E-05 9.9892E-05
0.0152105 0.0172218 0.0166393 0.00756182 0.0138937 0.868889 0.0153272 0.0208157 0.000851755 0.00474085 9.9991E-05 0.00235561 0.0163932
9.9892E-05 9.9892E-05 9.9892E-05 9.9892E-05 9.9892E-05 9.9892E-05 9.9892E-05 0.998801 9.9892E-05 9.9892E-05 9.9892E-05 9.9892E-05 9.9892E-05
0.0358961 0.324878 0.0610702 0.0552145 0.054893 0.0483061 0.0296234 0.0523759 0.121327 0.0337761 0.0198312 0.129537 0.0332717
0.052094 0.167411 0.0990326 0.0538321 0.051067 0.063477 0.05462 0.0654533 0.153307 0.074109 0.0464717 0.091032 0.0280937
0.0400305 0.314309 0.0712571 0.0624018 0.0545517 0.0541328 0.030444 0.0471106 0.114675 0.0695214 0.00965933 0.0806507 0.051256
0.0373499 0.705933 0.0444801 0.0341332 0.0177375 0.0153571 0.0075619 0.0130584 0.0599632 0.0136569 0.0086821 0.0403192 0.00176703
0.0186173 0.904202 9.9973E-05 0.00907546 0.0187329 0.0124722 0.00896919 0.0167953 9.9973E-05 9.9973E-05 0.00181149 0.00317272 0.00585143
9.9892E-05 9.9892E-05 9.9892E-05 9.9892E-05 9.9892E-05 9.9892E-05 9.9892E-05 9.9892E-05 9.9892E-05 0.998801 9.9892E-05 9.9892E-05 9.9892E-05
0.008554 0.0155701 0.857358 0.0247203 0.0188338 0.0139007 9.9982E-05 9.9982E-05 0.0221319 0.00379015 0.0212149 0.0119841 0.00174194
0.0134068 0.238485 0.0904163 0.0738203 0.0326929 0.083305 0.0632198 0.0492711 0.164481 0.103652 0.0438017 0.0433482 9.9991E-05
0.00196943 0.015536 0.0212455 0.0189184 0.0217462 0.00742384 9.9982E-05 0.031135 0.0298619 0.0241576 9.9982E-05 0.797382 0.030424
9.99009E-05 9.99009E-05 9.99009E-05 9.99009E-05 9.99009E-05 9.99009E-05 9.99009E-05 9.99009E-05 0.997265 9.99009E-05 9.99009E-05 9.99009E-05 0.00163649
9.98919E-05 9.98919E-05 9.98919E-05 9.98919E-05 9.98919E-05 9.98919E-05 9.98919E-05 9.98919E-05 9.98919E-05 9.98919E-05 9.98919E-05 0.998801 9.98919E-05
9.9892E-05 9.9892E-05 9.9892E-05 9.9892E-05 0.998801 9.9892E-05 9.9892E-05 9.9892E-05 9.9892E-05 9.9892E-05 9.9892E-05 9.9892E-05 9.9892E-05
