9.99101E-05 9.99101E-05 9.99101E-05 0.998183 9.99101E-05 9.99101E-05 0.000817474 9.99101E-05 9.99101E-05 9.99101E-05 9.99101E-05 9.99101E-05
0.946244 0.00292007 0.010647 9.9955E-05 0.00529326 9.9955E-05 0.000646694 0.0184381 0.0153107 9.9955E-05 9.9955E-05 9.9955E-05
0.937278 0.0185939 0.00364145 9.9955E-05 0.000740026 9.9955E-05 9.9955E-05 0.0337426 0.00105501 9.9955E-05 9.9955E-05 0.00444901
9.9901E-05 9.9901E-05 9.9901E-05 9.9901E-05 9.9901E-05 9.9901E-05 0.998901 9.9901E-05 9.9901E-05 9.9901E-05 9.9901E-05 9.9901E-05
9.9901E-05 9.9901E-05 9.9901E-05 9.9901E-05 9.9901E-05 9.9901E-05 0.998901 9.9901E-05 9.9901E-05 9.9901E-05 9.9901E-05 9.9901E-05
0.0607922 0.103009 0.0300889 0.0605662 0.0463912 0.155914 0.0326902 0.0766087 0.0373167 0.319072 0.0637131 0.0138381
9.9901E-05 9.9901E-05 9.9901E-05 9.9901E-05 0.998901 9.9901E-05 9.9901E-05 9.9901E-05 9.9901E-05 9.9901E-05 9.9901E-05 9.9901E-05
9.9901E-05 9.9901E-05 9.9901E-05 9.9901E-05 9.9901E-05 9.9901E-05 9.9901E-05 9.9901E-05 9.9901E-05 0.998901 9.9901E-05 9.9901E-05
9.99009E-05 9.99009E-05 9.99009E-05 9.99009E-05 9.99009E-05 0.998901 9.99009E-05 9.99009E-05 9.99009E-05 9.99009E-05 9.99009E-05 9.99009E-05
0.00536468 0.00341527 9.9973E-05 0.000123495 0.00548705 9.9973E-05 0.00233237 0.000260947 0.977258 9.9973E-05 0.00338586 0.00207241
0.0387924 0.0744219 0.0245333 0.0351474 0.0402027 0.450041 0.0556258 0.0718044 0.027955 0.028559 0.0954576 0.0574596
0.0925024 0.104766 0.0579976 0.0394615 0.0620112 0.258923 0.0248229 0.113904 0.0480731 0.0399629 0.0808308 0.0767443
9.9946E-05 9.9946E-05 0.00952443 0.00921036 9.9946E-05 9.9946E-05 0.00535891 0.0210719 9.9946E-05 0.00788864 0.946346 9.9946E-05
9.99009E-05 9.99009E-05 9.99009E-05 9.99009E-05 9.99009E-05 9.99009E-05 9.99009E-05 9.99009E-05 9.99009E-05 9.99009E-05 0.998901 9.99009E-05
9.99461E-05 0.033943 0.0214452 9.99461E-05 0.49859 0.443545 9.99461E-05 9.99461E-05 0.000981401 9.99461E-05 0.00089579 9.99461E-05
9.9901E-05 9.9901E-05 0.998901 9.9901E-05 9.9901E-05 9.9901E-05 9.9901E-05 9.9901E-05 9.9901E-05 9.9901E-05 9.9901E-05 9.9901E-05
0.00290157 0.975541 0.0198672 9.9937E-05 9.9937E-05 9.9937E-05 0.000647021 9.9937E-05 0.000343544 9.9937E-05 9.9937E-05 9.9937E-05
0.0465023 0.07413 0.0338901 0.0304415 0.0564296 0.507712 0.0444527 0.113343 0.0135124 0.00997026 0.0496886 0.0199277
0.0318147 0.0177566 0.00928063 0.0259467 0.00474745 0.0342544 0.0219633 0.0189136 0.0245936 0.0115476 0.0101978 0.788984
0.0340048 0.0366924 0.031376 0.0277214 0.0200992 0.0288174 0.03882 0.707808 0.0144805 0.0144836 0.00608956 0.0396074
0.00110117 9.9946E-05 9.9946E-05 9.9946E-05 9.9946E-05 9.9946E-05 0.000493517 9.9946E-05 0.00466669 0.00349686 0.00561966 0.984022
9.9973E-05 0.00557862 0.003459 0.00383721 9.9973E-05 0.0025352 0.0102313 0.932199 9.9973E-05 0.00455474 0.0239936 0.0133119
9.9946E-05 9.9946E-05 9.9946E-05 0.906868 0.0145515 0.034261 0.00522378 0.0284768 9.9946E-05 9.9946E-05 0.0100188 9.9946E-05
0.998901 9.99009E-05 9.99009E-05 9.99009E-05 9.99009E-05 9.99009E-05 9.99009E-05 9.99009E-05 9.99009E-05 9.99009E-05 9.99009E-05 9.99009E-05
0.914092 9.9964E-05 0.00364687 0.011039 0.0130336 9.9964E-05 0.00232915 0.0276995 0.0125019 9.9964E-05 0.0152577 9.9964E-05
9.9901E-05 9.9901E-05 9.9901E-05 9.9901E-05 9.9901E-05 9.9901E-05 0.998901 9.9901E-05 9.9901E-05 9.9901E-05 9.9901E-05 9.9901E-05
9.9919E-05 9.9919E-05 9.9919E-05 0.000283952 0.998141 9.9919E-05 9.9919E-05 0.000676089 9.9919E-05 9.9919E-05 9.9919E-05 9.9919E-05
9.9901E-05 9.9901E-05 9.9901E-05 9.9901E-05 9.9901E-05 9.9901E-05 9.9901E-05 9.9901E-05 9.9901E-05 0.998901 9.9901E-05 9.9901E-05
0.0041736 0.0302572 0.00208137 0.0178306 0.917247 0.00122913 9.9973E-05 0.00454272 0.0176381 9.9973E-05 9.9973E-05 0.00470082
0.00717996 9.9928E-05 9.9928E-05 9.9928E-05 9.9928E-05 0.0037738 9.9928E-05 0.0104919 9.9928E-05 0.977755 9.9928E-05 9.9928E-05
9.99008E-05 9.99008E-05 9.99008E-05 9.99008E-05 9.99008E-05 0.998901 9.99008E-05 9.99008E-05 9.99008E-05 9.99008E-05 9.99008E-05 9.99008E-05
9.9901E-05 9.9901E-05 9.9901E-05 9.9901E-05 9.9901E-05 9.9901E-05 9.9901E-05 9.9901E-05 0.998901 9.9901E-05 9.9901E-05 9.9901E-05
0.0770692 0.0772769 0.00705296 0.0943384 0.0836896 0.241191 0.0552036 0.0753604 0.0608029 0.0459255 0.103241 0.0788482
9.9946E-05 9.9946E-05 9.9946E-05 0.00457089 0.00536493 9.9946E-05 0.00700351 0.00986669 9.9946E-05 0.00625693 0.966337 9.9946E-05
9.99008E-05 9.99008E-05 9.99008E-05 9.99008E-05 9.99008E-05 9.99008E-05 9.99008E-05 9.99008E-05 9.99008E-05 9.99008E-05 0.998901 9.99008E-05
0.0269868 0.0642272 0.0584979 0.0344017 0.0233155 0.614169 0.0153029 0.0692041 0.0330298 9.9991E-05 0.0481929 0.0125722
9.9901E-05 9.9901E-05 0.998901 9.9901E-05 9.9901E-05 9.9901E-05 9.9901E-05 9.9901E-05 9.9901E-05 9.9901E-05 9.9901E-05 9.9901E-05
0.00990184 0.437545 0.0645421 0.0252826 0.0469218 0.134675 0.0379263 0.100257 0.0276221 0.0136832 0.0480389 0.0536038
0.00301496 0.0141833 9.9946E-05 9.9946E-05 0.00213142 9.9946E-05 9.9946E-05 0.950817 0.0190125 9.9946E-05 9.9946E-05 0.0102412
9.99009E-05 9.99009E-05 9.99009E-05 9.99009E-05 9.99009E-05 9.99009E-05 9.99009E-05 9.99009E-05 9.99009E-05 9.99009E-05 9.99009E-05 0.998901
0.0243275 0.0432263 0.0185516 0.0460747 0.00843841 0.0366103 0.0339922 0.680889 0.0128952 0.0168904 0.0393657 0.0387391
9.9901E-05 9.9901E-05 9.9901E-05 0.998901 9.9901E-05 9.9901E-05 9.9901E-05 9.9901E-05 9.9901E-05 9.9901E-05 9.9901E-05 9.9901E-05
9.9955E-05 9.9955E-05 9.9955E-05 0.944776 0.00913478 0.00831051 0.0101684 0.0238039 0.000798566 9.9955E-05 0.00250814 9.9955E-05
0.998901 9.9901E-05 9.9901E-05 9.9901E-05 9.9901E-05 9.9901E-05 9.9901E-05 9.9901E-05 9.9901E-05 9.9901E-05 9.9901E-05 9.9901E-05
0.871851 0.00207346 0.0164935 0.0161536 0.00935685 0.0123812 0.00435257 0.0273269 0.00546921 0.0116021 0.0085153 0.0144239
9.9901E-05 9.9901E-05 9.9901E-05 9.9901E-05 9.9901E-05 9.9901E-05 0.998901 9.9901E-05 9.9901E-05 9.9901E-05 9.9901E-05 9.9901E-05
9.9919E-05 9.9919E-05 9.9919E-05 9.9919E-05 0.996288 9.9919E-05 9.9919E-05 9.9919E-05 9.9919E-05 0.00170119 9.9919E-05 0.00111138
9.99099E-05 0.872309 9.99099E-05 9.99099E-05 9.99099E-05 9.99099E-05 9.99099E-05 9.99099E-05 9.99099E-05 0.126692 9.99099E-05 9.99099E-05
9.9901E-05 9.9901E-05 9.9901E-05 9.9901E-05 0.998901 9.9901E-05 9.9901E-05 9.9901E-05 9.9901E-05 9.9901E-05 9.9901E-05 9.9901E-05
9.9919E-05 0.874971 9.9919E-05 0.00157374 9.9919E-05 9.9919E-05 9.9919E-05 9.9919E-05 9.9919E-05 0.122556 9.9919E-05 9.9919E-05
9.99009E-05 9.99009E-05 9.99009E-05 9.99009E-05 9.99009E-05 0.998901 9.99009E-05 9.99009E-05 9.99009E-05 9.99009E-05 9.99009E-05 9.99009E-05
0.00096802 9.99456E-05 0.0064126 9.99456E-05 9.99456E-05 9.99456E-05 0.00954492 9.99456E-05 0.977188 0.0051867 9.99456E-05 9.99456E-05
0.0242449 0.0476866 9.999E-05 0.023371 0.024937 0.592447 0.0336193 0.0856614 0.0221863 0.0144854 0.0732016 0.0580588
9.9973E-05 9.9973E-05 0.000187447 0.0097529 0.00165553 9.9973E-05 0.0184133 0.0254586 0.00657259 0.00624095 0.931005 0.000413682
0.0174627 0.00401207 9.9929E-05 9.9929E-05 9.9929E-05 9.9929E-05 9.9929E-05 9.9929E-05 9.9929E-05 9.9929E-05 0.971595 0.00613102
0.0372075 0.069313 0.0462079 0.0235165 0.0330045 0.650442 0.0234895 0.0611732 0.0459683 9.9991E-05 0.00340401 0.00617348
9.9901E-05 9.9901E-05 0.998901 9.9901E-05 9.9901E-05 9.9901E-05 9.9901E-05 9.9901E-05 9.9901E-05 9.9901E-05 9.9901E-05 9.9901E-05
0.0524619 0.0239006 0.00101417 0.0358573 0.0292651 0.306677 0.0303392 0.0673028 0.0183025 0.0234845 0.0364741 0.374921
0.0213844 0.0228915 0.00226739 0.0223725 0.0234597 0.0210505 0.017615 0.821074 0.016906 0.0113709 0.00203894 0.0175695
9.9901E-05 9.9901E-05 9.9901E-05 9.9901E-05 9.9901E-05 9.9901E-05 9.9901E-05 9.9901E-05 9.9901E-05 9.9901E-05 9.9901E-05 0.998901
9.9901E-05 9.9901E-05 9.9901E-05 9.9901E-05 9.9901E-05 9.9901E-05 9.9901E-05 0.998901 9.9901E-05 9.9901E-05 9.9901E-05 9.9901E-05
0.00998651 9.9928E-05 9.9928E-05 0.977057 9.9928E-05 9.9928E-05 9.9928E-05 9.9928E-05 9.9928E-05 0.00957079 9.9928E-05 0.00258632
9.9946E-05 9.9946E-05 9.9946E-05 0.951176 0.00594871 9.9946E-05 0.00497631 0.02667 0.00244893 9.9946E-05 0.00818054 9.9946E-05
0.998901 9.9901E-05 9.9901E-05 9.9901E-05 9.9901E-05 9.9901E-05 9.9901E-05 9.9901E-05 9.9901E-05 9.9901E-05 9.9901E-05 9.9901E-05
0.563633 0.0327535 0.0322012 0.0267728 0.0279406 0.0947141 0.0216375 0.0716587 0.0326745 0.0422754 0.0249227 0.0288164
0.00267554 0.0064433 0.015438 0.000865052 0.000292195 9.9973E-05 0.95919 9.9973E-05 0.00297774 0.00730682 0.00451155 9.9973E-05
0.00404115 9.9955E-05 0.00325239 0.00725391 0.967492 9.9955E-05 9.9955E-05 9.9955E-05 0.00318772 0.010646 9.9955E-05 0.00362685
0.00558422 9.9964E-05 9.9964E-05 0.00963141 9.9964E-05 0.00723366 0.00611245 0.0021585 0.0107222 0.94125 9.9964E-05 0.0169073
0.0255182 0.0245524 9.9991E-05 0.0163287 0.843103 0.0217466 0.002211 0.0198101 0.0186995 0.00826202 0.000257579 0.0194108
9.99099E-05 0.877928 9.99099E-05 9.99099E-05 9.99099E-05 9.99099E-05 9.99099E-05 9.99099E-05 9.99099E-05 0.121073 9.99099E-05 9.99099E-05
0.000123959 9.99549E-05 9.99549E-05 0.0024692 0.00119689 0.969699 9.99549E-05 9.99549E-05 0.00587831 0.00310944 9.99549E-05 0.0170235
9.9901E-05 9.9901E-05 9.9901E-05 9.9901E-05 9.9901E-05 9.9901E-05 9.9901E-05 9.9901E-05 0.998901 9.9901E-05 9.9901E-05 9.9901E-05
0.0237887 0.027384 0.00641056 0.0121512 0.0118701 0.679031 0.0141822 0.0174957 0.0233582 0.0120509 0.110738 0.0615393
0.0269853 0.0365732 0.0317174 0.0275146 0.0375556 0.0809352 0.0323568 0.0885987 0.0137793 0.0346283 0.56774 0.0216155
9.99008E-05 9.99008E-05 9.99008E-05 9.99008E-05 9.99008E-05 9.99008E-05 9.99008E-05 9.99008E-05 9.99008E-05 9.99008E-05 0.998901 9.99008E-05
0.00448097 0.952943 0.0190519 9.9955E-05 9.9955E-05 9.9955E-05 0.00681432 0.0122757 0.000378699 9.9955E-05 9.9955E-05 0.0035553
0.0326379 0.0450654 0.0315961 0.0299208 0.0370941 0.662704 0.0454128 0.0580548 0.0470906 0.00452246 0.00357699 0.00232382
0.0511148 0.0532005 0.0107739 0.050682 0.04568 0.258896 0.0469225 0.045778 0.034114 0.0265379 0.0484211 0.327879
0.0257044 0.0262556 9.9973E-05 0.00388598 0.0123368 0.00855159 0.0024338 0.908304 9.9973E-05 0.00491892 9.9973E-05 0.00730902
9.99009E-05 9.99009E-05 9.99009E-05 9.99009E-05 9.99009E-05 9.99009E-05 9.99009E-05 9.99009E-05 9.99009E-05 9.99009E-05 9.99009E-05 0.998901
0.0275361 0.0394242 0.0227769 0.0171427 9.9991E-05 0.0374687 0.0216136 0.757638 0.00299918 0.012398 0.0355494 0.0253533
9.99101E-05 9.99101E-05 0.00048198 0.998519 9.99101E-05 9.99101E-05 9.99101E-05 9.99101E-05 9.99101E-05 9.99101E-05 9.99101E-05 9.99101E-05
9.99011E-05 9.99011E-05 9.99011E-05 0.998901 9.99011E-05 9.99011E-05 9.99011E-05 9.99011E-05 9.99011E-05 9.99011E-05 9.99011E-05 9.99011E-05
0.998901 9.9901E-05 9.9901E-05 9.9901E-05 9.9901E-05 9.9901E-05 9.9901E-05 9.9901E-05 9.9901E-05 9.9901E-05 9.9901E-05 9.9901E-05
0.559433 0.0538805 0.0243064 0.031934 0.0306307 0.0883691 0.0164401 0.0771902 0.0401779 0.0214283 0.0291303 0.0270794
0.0100776 0.0132861 0.00695953 0.000865461 0.0260503 0.00465731 0.832242 0.025462 0.0190594 0.00901686 0.024115 0.0282087
9.9901E-05 9.9901E-05 9.9901E-05 9.9901E-05 0.998901 9.9901E-05 9.9901E-05 9.9901E-05 9.9901E-05 9.9901E-05 9.9901E-05 9.9901E-05
9.9901E-05 9.9901E-05 9.9901E-05 9.9901E-05 9.9901E-05 9.9901E-05 9.9901E-05 9.9901E-05 9.9901E-05 0.998901 9.9901E-05 9.9901E-05
0.0414701 0.0207426 0.00774774 0.0193409 0.744375 0.0160334 0.0318523 0.0434633 0.0192516 0.00937078 0.0242779 0.0220743
9.99099E-05 0.890825 9.99099E-05 9.99099E-05 9.99099E-05 9.99099E-05 9.99099E-05 9.99099E-05 9.99099E-05 0.108175 9.99099E-05 9.99099E-05
9.99008E-05 9.99008E-05 9.99008E-05 9.99008E-05 9.99008E-05 0.998901 9.99008E-05 9.99008E-05 9.99008E-05 9.99008E-05 9.99008E-05 9.99008E-05
9.9901E-05 9.9901E-05 9.9901E-05 9.9901E-05 9.9901E-05 9.9901E-05 9.9901E-05 9.9901E-05 0.998901 9.9901E-05 9.9901E-05 9.9901E-05
0.0753653 0.162851 0.066916 0.0332792 0.0548707 0.242425 0.0376803 0.0991548 0.057148 0.0136811 0.0840543 0.072574
0.00243473 0.00883632 9.9982E-05 0.00692088 9.9982E-05 0.777977 0.0130927 0.0178009 0.0288876 0.00749991 0.104069 0.0322812
0.0463771 0.0507641 0.0267981 0.0213095 0.0222713 0.144788 0.0386552 0.0967405 0.0186285 0.000631562 0.517597 0.0154395
0.0108669 0.0308815 0.00578237 0.0260544 0.0260843 0.0719018 0.0185916 0.0312279 0.0266256 0.00927573 0.727468 0.0152398
0.0470686 0.550446 0.054194 0.0206033 0.0250779 0.117856 0.0300308 0.0390008 0.0182079 9.9991E-05 0.0673448 0.0300693
0.0272163 0.0478854 0.0426624 0.0311397 0.032515 0.651714 0.0359936 0.0712768 0.0372667 0.0062209 0.0160088 9.9991E-05
0.0269738 9.9982E-05 0.00824116 0.00919456 0.00578979 0.055265 0.0258568 0.0236496 0.00876307 0.0107159 9.9982E-05 0.82535
0.00822185 0.0177217 9.9973E-05 0.00758971 0.00438278 0.000320433 9.9973E-05 0.937636 0.00725761 0.00599847 9.9973E-05 0.010572
0.0130519 0.00749249 9.9973E-05 0.00742375 0.0142226 0.0103921 9.9973E-05 0.0149048 0.00565191 0.00458058 9.9973E-05 0.92198
9.9919E-05 0.00128335 9.9919E-05 9.9919E-05 9.9919E-05 9.9919E-05 9.9919E-05 0.997442 9.9919E-05 9.9919E-05 0.000375524 9.9919E-05
0.0175772 0.0136102 0.00348472 0.943089 9.9955E-05 9.9955E-05 9.9955E-05 9.9955E-05 0.00866622 0.00582013 9.9955E-05 0.00725229
9.99011E-05 9.99011E-05 9.99011E-05 0.998901 9.99011E-05 9.99011E-05 9.99011E-05 9.99011E-05 9.99011E-05 9.99011E-05 9.99011E-05 9.99011E-05
0.998901 9.9901E-05 9.9901E-05 9.9901E-05 9.9901E-05 9.9901E-05 9.9901E-05 9.9901E-05 9.9901E-05 9.9901E-05 9.9901E-05 9.9901E-05
0.910641 0.0198362 0.015098 0.00636591 0.00895341 9.9973E-05 0.0101845 0.0197143 0.006048 9.9973E-05 9.9973E-05 0.00285836
9.991E-05 9.991E-05 9.991E-05 0.00374288 9.991E-05 9.991E-05 0.995258 9.991E-05 9.991E-05 9.991E-05 9.991E-05 9.991E-05
9.9901E-05 9.9901E-05 9.9901E-05 9.9901E-05 0.998901 9.9901E-05 9.9901E-05 9.9901E-05 9.9901E-05 9.9901E-05 9.9901E-05 9.9901E-05
9.99009E-05 9.99009E-05 9.99009E-05 9.99009E-05 9.99009E-05 9.99009E-05 9.99009E-05 9.99009E-05 9.99009E-05 0.998901 9.99009E-05 9.99009E-05
9.99011E-05 9.99011E-05 9.99011E-05 9.99011E-05 0.998901 9.99011E-05 9.99011E-05 9.99011E-05 9.99011E-05 9.99011E-05 9.99011E-05 9.99011E-05
9.99099E-05 0.881575 9.99099E-05 9.99099E-05 9.99099E-05 9.99099E-05 9.99099E-05 9.99099E-05 9.99099E-05 0.117426 9.99099E-05 9.99099E-05
0.0215302 0.0341388 0.041124 0.02559 0.0532181 0.670617 0.0178377 0.0644325 0.0239559 9.9982E-05 0.0473562 9.9982E-05
9.9928E-05 9.9928E-05 9.9928E-05 0.00623918 0.00863007 0.0167725 9.9928E-05 9.9928E-05 0.967559 9.9928E-05 9.9928E-05 9.9928E-05
0.0697322 0.167862 0.0685456 0.0255646 0.0551424 0.262949 0.0497304 0.0936825 0.0529026 0.0111456 0.0707252 0.0720185
0.029331 0.0781012 0.000776409 0.0233354 0.0329424 0.519978 0.0334954 0.0687829 0.0164267 0.0283325 0.107571 0.0609269
0.0314725 0.061727 0.0301522 0.0195008 0.00988094 0.124269 0.0418028 0.0955853 0.0162864 0.00324306 0.555649 0.0104314
0.0216045 0.043762 0.0183668 0.00800614 0.0168516 0.102935 0.00427646 0.0533151 0.00465317 0.000712634 0.701548 0.0239689
9.99099E-05 0.995615 0.00338565 9.99099E-05 9.99099E-05 9.99099E-05 9.99099E-05 9.99099E-05 9.99099E-05 9.99099E-05 9.99099E-05 9.99099E-05
0.0424109 0.0536504 0.0346073 0.032382 0.0482168 0.590053 0.0294536 0.0678113 0.0337926 0.0135229 0.0443807 0.00971817
0.0263069 0.0257231 0.0160463 0.0143397 0.00724911 0.0449836 0.020889 0.0105789 0.0185142 9.9991E-05 0.00278616 0.812483
9.9901E-05 9.9901E-05 9.9901E-05 9.9901E-05 9.9901E-05 9.9901E-05 9.9901E-05 0.998901 9.9901E-05 9.9901E-05 9.9901E-05 9.9901E-05
9.99009E-05 9.99009E-05 9.99009E-05 9.99009E-05 9.99009E-05 9.99009E-05 9.99009E-05 9.99009E-05 9.99009E-05 9.99009E-05 9.99009E-05 0.998901
9.99101E-05 9.99101E-05 9.99101E-05 9.99101E-05 9.99101E-05 9.99101E-05 9.99101E-05 0.990913 9.99101E-05 9.99101E-05 0.0080879 9.99101E-05
0.0034266 0.00559231 0.00538616 0.953208 9.9955E-05 9.9955E-05 9.9955E-05 9.9955E-05 0.00976056 0.0113346 9.9955E-05 0.0107916
9.9919E-05 9.9919E-05 9.9919E-05 0.994042 9.9919E-05 0.00364641 9.9919E-05 0.00141252 9.9919E-05 9.9919E-05 9.9919E-05 9.9919E-05
0.998901 9.9901E-05 9.9901E-05 9.9901E-05 9.9901E-05 9.9901E-05 9.9901E-05 9.9901E-05 9.9901E-05 9.9901E-05 9.9901E-05 9.9901E-05
0.998901 9.9901E-05 9.9901E-05 9.9901E-05 9.9901E-05 9.9901E-05 9.9901E-05 9.9901E-05 9.9901E-05 9.9901E-05 9.9901E-05 9.9901E-05
9.9946E-05 9.9946E-05 0.00254344 9.9946E-05 0.00206761 9.9946E-05 0.968622 9.9946E-05 9.9946E-05 0.0066117 0.0166882 0.00286734
0.00176926 0.00462358 9.9955E-05 9.9955E-05 0.972758 0.0144978 9.9955E-05 9.9955E-05 0.00205199 0.00186569 0.00193428 9.9955E-05
0.0380171 0.324935 0.016301 0.0447384 0.02766 0.0833676 0.051197 0.0757099 0.0110328 0.226534 0.0511131 0.0493942
0.00244771 0.00730894 9.9964E-05 9.9964E-05 0.967475 9.9964E-05 0.00448908 0.00393083 0.00503338 9.9964E-05 0.00857037 0.000345183
0.00311094 9.9946E-05 9.9946E-05 0.00552623 0.0019929 9.9946E-05 9.9946E-05 9.9946E-05 0.983813 0.00113835 9.9946E-05 0.00381851
0.0245622 0.0106601 0.00954168 0.0307384 0.00938555 0.548943 0.00292582 0.0540059 0.0271637 0.0343292 0.161441 0.0863036
0.0787337 0.169273 0.0633266 0.0335224 0.0610459 0.256923 0.0388089 0.0890713 0.0489756 0.00374351 0.085693 0.0708835
0.0180042 0.0765088 0.0352804 0.0381282 0.0440625 0.492202 0.052765 0.0593515 0.0289098 0.0225697 0.0891437 0.0430741
0.0292523 0.0535406 0.0332033 0.0292749 0.00361438 0.12708 0.0418487 0.0871919 0.032324 0.00528548 0.557284 9.9991E-05
0.00708759 0.0641685 0.0105502 0.0349939 0.0417542 0.0662614 0.0339762 0.0525055 0.0319381 0.031608 0.587551 0.0376056
9.9901E-05 9.9901E-05 0.998901 9.9901E-05 9.9901E-05 9.9901E-05 9.9901E-05 9.9901E-05 9.9901E-05 9.9901E-05 9.9901E-05 9.9901E-05
9.991E-05 0.988322 0.0106786 9.991E-05 9.991E-05 9.991E-05 9.991E-05 9.991E-05 9.991E-05 9.991E-05 9.991E-05 9.991E-05
0.0210417 0.0670863 0.0665047 9.9982E-05 0.0568723 0.672556 0.0281236 0.0358421 0.0137743 0.00143183 0.0365676 9.9982E-05
0.0211213 0.00832549 0.00492663 0.00771637 9.9982E-05 0.0447596 0.0217802 0.0291812 0.00767716 9.9982E-05 0.00121044 0.853102
9.99009E-05 9.99009E-05 9.99009E-05 9.99009E-05 9.99009E-05 9.99009E-05 9.99009E-05 0.998901 9.99009E-05 9.99009E-05 9.99009E-05 9.99009E-05
9.99009E-05 9.99009E-05 9.99009E-05 9.99009E-05 9.99009E-05 9.99009E-05 9.99009E-05 9.99009E-05 9.99009E-05 9.99009E-05 9.99009E-05 0.998901
9.99371E-05 9.99371E-05 9.99371E-05 9.99371E-05 0.00128561 9.99371E-05 0.00933418 0.973876 9.99371E-05 0.0031184 0.0116864 9.99371E-05
9.99179E-05 9.99179E-05 9.99179E-05 0.990907 9.99179E-05 9.99179E-05 9.99179E-05 9.99179E-05 9.99179E-05 9.99179E-05 9.99179E-05 0.00809373
0.948987 0.0112913 0.00828503 0.00838333 9.9946E-05 9.9946E-05 9.9946E-05 0.0170426 0.00541088 9.9946E-05 9.9946E-05 9.9946E-05
9.9901E-05 9.9901E-05 9.9901E-05 9.9901E-05 9.9901E-05 9.9901E-05 0.998901 9.9901E-05 9.9901E-05 9.9901E-05 9.9901E-05 9.9901E-05
0.0514692 0.0447577 0.0110313 0.0413715 0.0384719 0.120954 0.485259 0.0885099 0.0156614 0.0163338 0.0860796 9.9991E-05
0.0580723 0.206721 0.0323908 0.0528175 0.0321089 0.1413 0.0302522 0.0884479 0.0339129 0.192173 0.0960439 0.0357595
9.9901E-05 9.9901E-05 9.9901E-05 9.9901E-05 0.998901 9.9901E-05 9.9901E-05 9.9901E-05 9.9901E-05 9.9901E-05 9.9901E-05 9.9901E-05
9.9901E-05 9.9901E-05 9.9901E-05 9.9901E-05 9.9901E-05 9.9901E-05 9.9901E-05 9.9901E-05 9.9901E-05 0.998901 9.9901E-05 9.9901E-05
0.0246326 0.0177992 9.9973E-05 0.00994602 0.867157 9.9973E-05 0.01888 9.9973E-05 0.0172548 0.0136059 0.0163808 0.0140434
9.9901E-05 9.9901E-05 9.9901E-05 9.9901E-05 9.9901E-05 9.9901E-05 9.9901E-05 9.9901E-05 0.998901 9.9901E-05 9.9901E-05 9.9901E-05
0.0484433 0.0403295 9.9991E-05 0.0110541 0.0215019 0.580284 0.0359985 0.0439012 0.029659 0.0178002 0.103713 0.0672147
0.0784841 0.0995815 0.0601338 0.0374478 0.0594648 0.243084 0.0374938 0.135234 0.0553826 0.0419779 0.0757138 0.0760016
0.0328586 0.0496114 0.0196827 0.0380071 0.0290498 0.514807 0.020769 0.0675768 0.0213619 0.0201795 0.134328 0.0517684
0.0132425 0.0274809 0.019767 0.00494386 0.0137661 0.0960122 0.038644 0.0414637 0.0121043 0.032503 0.657888 0.0421848
0.0111695 0.00859297 0.00125602 0.0268119 0.0200863 0.0426504 0.00571437 9.9991E-05 0.0226431 0.0187776 0.839901 0.00229677
9.9901E-05 9.9901E-05 0.998901 9.9901E-05 9.9901E-05 9.9901E-05 9.9901E-05 9.9901E-05 9.9901E-05 9.9901E-05 9.9901E-05 9.9901E-05
0.0264633 0.790651 0.0310296 0.0028921 0.0128672 9.9982E-05 0.0213969 0.0280711 0.0179959 9.9982E-05 0.0321331 0.0362996
0.0137023 0.0561217 0.0566738 0.0098258 0.0558807 0.682897 0.0228127 0.0431165 0.0233811 0.00529336 0.0301952 9.9991E-05
0.0225472 0.00869833 0.0118878 0.0196258 0.00523506 0.0556457 0.0309408 0.0139187 0.0228356 0.0127627 0.00387183 0.79203
9.9901E-05 9.9901E-05 9.9901E-05 9.9901E-05 9.9901E-05 9.9901E-05 9.9901E-05 0.998901 9.9901E-05 9.9901E-05 9.9901E-05 9.9901E-05
9.99009E-05 9.99009E-05 9.99009E-05 9.99009E-05 9.99009E-05 9.99009E-05 9.99009E-05 9.99009E-05 9.99009E-05 9.99009E-05 9.99009E-05 0.998901
9.9901E-05 9.9901E-05 9.9901E-05 0.998901 9.9901E-05 9.9901E-05 9.9901E-05 9.9901E-05 9.9901E-05 9.9901E-05 9.9901E-05 9.9901E-05
