9.998E-05 9.998E-05 9.998E-05 0.9997
9.998E-05 0.9997 9.998E-05 9.998E-05
9.998E-05 0.9997 9.998E-05 9.998E-05
0.00834891 0.988986 0.00256486 9.9991E-05
9.9982E-05 0.99017 0.00962999 9.9982E-05
0.0567885 0.781288 0.0874028 0.0745206
9.998E-05 9.998E-05 0.9997 9.998E-05
0.0140497 0.983887 0.0019637 9.9991E-05
0.169309 0.653238 0.0995126 0.0779401
0.00903361 0.957318 0.027029 0.00661931
0.129407 0.706056 0.0955323 0.0690051
0.135602 0.689386 0.106841 0.0681717
0.0858277 0.75617 0.112065 0.0459377
0.101194 0.759945 0.111933 0.0269267
0.032555 0.374073 0.569418 0.0239543
0.0838867 0.83751 0.0595185 0.0190848
0.0634005 0.868009 0.0553683 0.0132225
0.101953 0.692777 0.135374 0.0698953
0.819333 0.149318 0.00410521 0.0272436
0.124763 0.725119 0.0930085 0.0571098
0.9997 9.998E-05 9.998E-05 9.998E-05
0.113554 0.767348 0.0756159 0.0434822
0.000201039 0.0464977 0.0257701 0.927531
9.998E-05 0.9997 9.998E-05 9.998E-05
9.998E-05 0.9997 9.998E-05 9.998E-05
9.9982E-05 0.997925 0.00187548 9.9982E-05
9.998E-05 9.998E-05 0.9997 9.998E-05
0.0174005 0.9824 9.9982E-05 9.9982E-05
0.0098891 0.0322499 0.942029 0.0158319
0.0275858 0.972208 9.9991E-05 0.000106597
0.173529 0.672749 0.0796292 0.0740936
9.9991E-05 0.983139 0.0111183 0.0056423
0.131641 0.626173 0.134748 0.107438
0.0934824 0.741088 0.116539 0.0488905
0.111256 0.757903 0.101632 0.029209
0.101213 0.715585 0.100619 0.0825832
0.093334 0.827512 0.0598041 0.0193499
0.118948 0.73923 0.100327 0.0414955
0.101137 0.776459 0.0829731 0.0394309
0.9997 9.998E-05 9.998E-05 9.998E-05
0.117484 0.741104 0.0723008 0.0691117
9.998E-05 9.998E-05 9.998E-05 0.9997
0.00170966 0.0331889 0.00716518 0.957936
9.998E-05 0.9997 9.998E-05 9.998E-05
9.9982E-05 0.991865 9.9982E-05 0.00793486
9.9982E-05 0.989641 0.010159 9.9982E-05
9.998E-05 9.998E-05 0.9997 9.998E-05
0.0209985 0.903301 0.036069 0.0396311
9.998E-05 9.998E-05 0.9997 9.998E-05
0.0124889 0.899827 0.0467089 0.0409755
0.157896 0.66283 0.0973993 0.0818743
9.9991E-05 0.955625 0.0291171 0.0151575
0.167413 0.664947 0.0941113 0.0735291
0.0908537 0.747228 0.106001 0.0559177
0.110182 0.750313 0.0966225 0.0428826
0.0897568 0.726296 0.106956 0.0769915
0.096017 0.830201 0.0527883 0.020994
0.433277 0.453935 0.0590728 0.0537155
0.0978697 0.765175 0.0906288 0.0463265
0.9997 9.998E-05 9.998E-05 9.998E-05
0.0953315 0.807483 0.0634214 0.0337643
0.00668107 9.9982E-05 9.9982E-05 0.993119
0.00236744 0.0196367 0.0080768 0.969919
9.998E-05 0.9997 9.998E-05 9.998E-05
0.045874 0.895042 0.0282373 0.0308465
0.00630227 0.971576 0.00856954 0.0135519
0.00453216 9.9991E-05 0.983134 0.012234
0.0331519 0.958462 0.000776891 0.00760898
0.0280693 0.104001 0.851994 0.0159353
0.0266315 0.914887 0.0285633 0.0299178
0.167247 0.652492 0.093894 0.0863672
0.0103393 0.960127 0.0224179 0.00711621
0.161022 0.664377 0.094685 0.0799166
0.108675 0.709917 0.119121 0.0622871
0.128303 0.757124 0.0954652 0.0191073
0.0702354 0.86784 0.0431356 0.018789
0.0842784 0.723962 0.117452 0.0743075
0.36925 0.483415 0.070279 0.0770561
0.102168 0.78888 0.071983 0.0369688
0.9997 9.998E-05 9.998E-05 9.998E-05
0.112277 0.769212 0.072473 0.0460383
9.998E-05 9.998E-05 9.998E-05 0.9997
9.998E-05 9.998E-05 9.998E-05 0.9997
9.998E-05 0.9997 9.998E-05 9.998E-05
0.0399571 0.888635 0.036658 0.0347503
0.0410539 0.92679 0.0320559 9.9991E-05
9.998E-05 9.998E-05 0.9997 9.998E-05
0.0179068 0.981893 9.9982E-05 9.9982E-05
0.0318491 0.176902 0.758668 0.032581
0.0208932 0.917624 0.0257365 0.0357467
0.162186 0.665293 0.094012 0.078509
0.00723738 0.973933 0.00992617 0.00890301
0.124842 0.721461 0.105337 0.04836
0.161509 0.691327 0.0802017 0.0669626
0.0912333 0.760165 0.0857197 0.0628822
0.111363 0.723767 0.101064 0.0638058
0.0796929 0.799639 0.0758801 0.0447883
0.0953216 0.728066 0.108531 0.068081
0.84227 0.121973 0.00666319 0.0290934
0.0868315 0.780429 0.088719 0.0440202
0.943208 0.0299236 0.0184197 0.00844926
0.099421 0.790248 0.0820984 0.0282322
0.0122558 0.0250289 0.00426738 0.958448
9.998E-05 9.998E-05 9.998E-05 0.9997
9.998E-05 0.9997 9.998E-05 9.998E-05
9.998E-05 0.9997 9.998E-05 9.998E-05
9.9991E-05 0.983069 0.0119924 0.00483867
9.998E-05 9.998E-05 0.9997 9.998E-05
0.00600071 0.993799 9.9982E-05 9.9982E-05
9.998E-05 9.998E-05 0.9997 9.998E-05
0.00700519 0.931559 0.0326464 0.0287894
0.102972 0.693814 0.135586 0.067628
9.9991E-05 0.962379 0.0297728 0.00774821
0.128524 0.721502 0.102537 0.0474377
0.149539 0.672001 0.106381 0.0720791
0.0853611 0.759538 0.082856 0.0722453
0.124943 0.718981 0.106722 0.0493541
0.0611409 0.882093 0.0515429 0.00522314
0.0966791 0.69889 0.122729 0.081702
0.83308 0.136867 0.00490381 0.0251494
0.0928031 0.794073 0.0751186 0.0380049
0.9997 9.998E-05 9.998E-05 9.998E-05
0.103228 0.787013 0.0774921 0.0322675
0.0134832 0.0229483 9.9991E-05 0.963468
9.998E-05 9.998E-05 9.998E-05 0.9997
9.998E-05 0.9997 9.998E-05 9.998E-05
9.998E-05 0.9997 9.998E-05 9.998E-05
0.00388836 0.977199 0.0153677 0.00354529
0.000998865 0.00665589 0.985023 0.0073221
0.0875709 0.794812 0.062592 0.0550253
0.00410518 0.0156526 0.971913 0.00832885
0.00706423 0.949711 0.0231717 0.0200533
0.190551 0.63962 0.0785835 0.0912459
0.123338 0.729658 0.101024 0.0459796
0.127926 0.673896 0.113266 0.0849116
0.0696213 0.778457 0.0929953 0.058926
0.103469 0.712658 0.11856 0.0653129
0.106253 0.820793 0.0494835 0.0234702
0.0724364 0.867834 0.0467885 0.0129408
0.0920713 0.716696 0.142863 0.0483703
0.869455 0.116424 9.9991E-05 0.0140209
0.0874321 0.81252 0.0727795 0.0272686
0.9997 9.998E-05 9.998E-05 9.998E-05
0.097648 0.783463 0.08307 0.0358192
9.998E-05 9.998E-05 9.998E-05 0.9997
9.998E-05 0.9997 9.998E-05 9.998E-05
9.9982E-05 0.998845 0.000955453 9.9982E-05
0.0327518 0.839906 0.0695864 0.057756
0.0800242 0.778677 0.0701685 0.0711306
9.998E-05 9.998E-05 0.9997 9.998E-05
0.0245693 0.975231 9.9982E-05 9.9982E-05
0.0163571 0.0938346 0.873193 0.0166155
0.00605688 0.983006 0.00674722 0.00418972
0.17813 0.676073 0.083661 0.062136
0.134328 0.706131 0.104118 0.0554234
0.146658 0.671902 0.102422 0.0790169
0.116622 0.748039 0.0957849 0.0395539
0.0931302 0.730394 0.111633 0.0648427
0.077816 0.853237 0.0557855 0.0131612
0.0835933 0.811347 0.0676773 0.0373823
0.0958888 0.713313 0.136583 0.0542156
0.806785 0.142686 0.0179792 0.0325495
0.0952417 0.800809 0.0667308 0.0372186
0.9997 9.998E-05 9.998E-05 9.998E-05
9.998E-05 9.998E-05 9.998E-05 0.9997
