9.9919E-05 9.9919E-05 9.9919E-05 9.9919E-05 0.0015971 0.997504 9.9919E-05 9.9919E-05 9.9919E-05 9.9919E-05 9.9919E-05
9.9946E-05 9.9946E-05 0.00108123 9.9946E-05 0.00962012 9.9946E-05 0.0260407 9.9946E-05 9.9946E-05 0.945283 0.0173748
9.9955E-05 0.0037042 0.0179654 9.9955E-05 0.00848302 9.9955E-05 0.0200212 9.9955E-05 9.9955E-05 0.943808 0.00551795
9.99101E-05 9.99101E-05 9.99101E-05 0.999001 9.99101E-05 9.99101E-05 9.99101E-05 9.99101E-05 9.99101E-05 9.99101E-05 9.99101E-05
9.99101E-05 9.99101E-05 9.99101E-05 0.999001 9.99101E-05 9.99101E-05 9.99101E-05 9.99101E-05 9.99101E-05 9.99101E-05 9.99101E-05
0.114862 0.0290447 0.0928519 0.0397196 0.0556232 0.0566184 0.0941661 0.329501 0.0845528 0.0658352 0.0372254
9.99101E-05 9.99101E-05 9.99101E-05 9.99101E-05 0.999001 9.99101E-05 9.99101E-05 9.99101E-05 9.99101E-05 9.99101E-05 9.99101E-05
9.99101E-05 9.99101E-05 9.99101E-05 9.99101E-05 9.99101E-05 9.99101E-05 9.99101E-05 0.999001 9.99101E-05 9.99101E-05 9.99101E-05
0.395576 0.105376 0.14364 0.0263049 0.0541141 0.0550932 0.0908246 0.0399885 0.0412794 0.0282639 0.0195398
0.00662414 9.9955E-05 9.9955E-05 0.000828688 0.00167075 9.9955E-05 9.9955E-05 9.9955E-05 0.00352209 0.0113681 0.975486
0.240855 0.0926543 0.16011 0.0659134 0.057541 0.062544 0.107606 0.0365053 0.0630907 0.0637922 0.0493891
0.149136 0.0855973 0.163838 0.0432811 0.0651747 0.0564807 0.191749 0.0366578 0.0583312 0.0905759 0.0591786
0.989922 9.99279E-05 9.99279E-05 9.99279E-05 9.99279E-05 9.99279E-05 9.99279E-05 0.0078613 0.00141725 9.99279E-05 9.99279E-05
0.999001 9.99101E-05 9.99101E-05 9.99101E-05 9.99101E-05 9.99101E-05 9.99101E-05 9.99101E-05 9.99101E-05 9.99101E-05 9.99101E-05
0.120736 9.9982E-05 0.0600963 0.0131408 0.53819 0.011256 0.153492 9.9982E-05 0.0462571 0.0305082 0.0261239
9.99101E-05 9.99101E-05 9.99101E-05 9.99101E-05 9.99101E-05 9.99101E-05 0.999001 9.99101E-05 9.99101E-05 9.99101E-05 9.99101E-05
9.9937E-05 0.00322324 9.9937E-05 9.9937E-05 9.9937E-05 9.9937E-05 0.9766 9.9937E-05 0.00772676 0.01175 9.9937E-05
0.190915 0.0548052 0.167182 0.0579866 0.0813354 0.0656163 0.207486 0.0198329 0.0581093 0.0679232 0.0288082
0.00540571 0.787849 0.0330155 0.0258363 0.010142 0.0309183 0.0481361 9.9982E-05 9.9982E-05 0.0293337 0.0291631
0.0266368 0.0412274 0.70159 0.0409231 0.0365933 0.0332845 0.0211005 0.0298663 0.0219905 0.0262903 0.0204976
9.9937E-05 0.985971 9.9937E-05 9.9937E-05 9.9937E-05 9.9937E-05 0.0098392 0.00156467 9.9937E-05 0.00192604 9.9937E-05
0.0215547 0.00309839 0.937162 0.00965761 9.9973E-05 0.00444046 0.0193444 0.00262336 0.00181932 9.9973E-05 9.9973E-05
0.0187614 9.9973E-05 0.028273 0.0142926 0.00471063 0.920987 9.9973E-05 0.00350318 0.0011727 9.9973E-05 0.00799984
9.99101E-05 9.99101E-05 9.99101E-05 9.99101E-05 9.99101E-05 9.99101E-05 9.99101E-05 9.99101E-05 9.99101E-05 0.999001 9.99101E-05
0.00181637 9.9964E-05 0.0247579 9.9964E-05 0.0130642 0.00532811 0.0266025 9.9964E-05 9.9964E-05 0.911843 0.0161877
9.99101E-05 9.99101E-05 9.99101E-05 0.999001 9.99101E-05 9.99101E-05 9.99101E-05 9.99101E-05 9.99101E-05 9.99101E-05 9.99101E-05
9.99101E-05 9.99101E-05 9.99101E-05 9.99101E-05 0.999001 9.99101E-05 9.99101E-05 9.99101E-05 9.99101E-05 9.99101E-05 9.99101E-05
9.99101E-05 9.99101E-05 9.99101E-05 9.99101E-05 9.99101E-05 9.99101E-05 9.99101E-05 0.999001 9.99101E-05 9.99101E-05 9.99101E-05
0.013652 0.00547039 0.00685375 0.00631268 0.930839 0.00777451 0.0100264 0.00378082 0.00211774 0.00920359 0.00396934
9.9964E-05 0.00235695 9.9964E-05 0.00612963 0.000610024 9.9964E-05 0.00252829 0.972637 9.9964E-05 0.00935451 0.00598394
0.47781 0.100268 0.136215 0.0301729 0.0329488 0.0389095 0.0808553 0.0370134 0.0419846 0.0237234 9.9991E-05
9.99101E-05 9.99101E-05 9.99101E-05 9.99101E-05 9.99101E-05 9.99101E-05 9.99101E-05 9.99101E-05 9.99101E-05 9.99101E-05 0.999001
0.194559 0.106109 0.112767 0.0676891 0.0877537 0.100511 0.0924607 0.0622475 0.0327171 0.0875929 0.0555927
0.999001 9.99101E-05 9.99101E-05 9.99101E-05 9.99101E-05 9.99101E-05 9.99101E-05 9.99101E-05 9.99101E-05 9.99101E-05 9.99101E-05
0.999001 9.99101E-05 9.99101E-05 9.99101E-05 9.99101E-05 9.99101E-05 9.99101E-05 9.99101E-05 9.99101E-05 9.99101E-05 9.99101E-05
0.245361 0.053249 0.150072 0.0321016 0.0574345 0.0646533 0.26674 0.00458366 0.0334419 0.0432169 0.0491449
9.99101E-05 9.99101E-05 9.99101E-05 9.99101E-05 9.99101E-05 9.99101E-05 0.999001 9.99101E-05 9.99101E-05 9.99101E-05 9.99101E-05
0.0964814 0.0573743 0.123629 0.0419429 0.0387457 0.0314988 0.504928 0.0343311 0.0309232 0.0165789 0.0235675
9.9955E-05 0.0143023 0.952827 9.9955E-05 0.00257326 9.9955E-05 9.9955E-05 0.00221667 0.0150071 9.9955E-05 0.0125743
9.99101E-05 0.999001 9.99101E-05 9.99101E-05 9.99101E-05 9.99101E-05 9.99101E-05 9.99101E-05 9.99101E-05 9.99101E-05 9.99101E-05
0.0482331 0.0431055 0.689727 0.0191162 0.0159295 0.0472135 0.06114 0.0139287 0.0159189 0.0311402 0.0145476
9.99101E-05 9.99101E-05 9.99101E-05 9.99101E-05 9.99101E-05 0.999001 9.99101E-05 9.99101E-05 9.99101E-05 9.99101E-05 9.99101E-05
0.0175578 9.9955E-05 0.0196593 0.000942541 0.00229091 0.947576 9.9955E-05 9.9955E-05 9.9955E-05 9.9955E-05 0.0114732
9.99101E-05 9.99101E-05 9.99101E-05 9.99101E-05 9.99101E-05 9.99101E-05 9.99101E-05 9.99101E-05 9.99101E-05 0.999001 9.99101E-05
0.0195458 0.00149137 0.0222086 0.00299449 0.0153591 0.0126077 0.0286246 0.00796441 0.0102131 0.869145 0.00984556
9.99101E-05 9.99101E-05 9.99101E-05 0.999001 9.99101E-05 9.99101E-05 9.99101E-05 9.99101E-05 9.99101E-05 9.99101E-05 9.99101E-05
9.99101E-05 9.99101E-05 9.99101E-05 9.99101E-05 0.999001 9.99101E-05 9.99101E-05 9.99101E-05 9.99101E-05 9.99101E-05 9.99101E-05
9.9955E-05 0.00258726 9.9955E-05 0.0070707 0.00310456 9.9955E-05 9.9955E-05 9.9955E-05 0.982267 0.000915102 0.00355571
9.99101E-05 9.99101E-05 9.99101E-05 9.99101E-05 0.999001 9.99101E-05 9.99101E-05 9.99101E-05 9.99101E-05 9.99101E-05 9.99101E-05
9.99107E-05 9.99107E-05 9.99107E-05 9.99107E-05 9.99107E-05 9.99107E-05 9.99107E-05 9.99107E-05 0.999001 9.99107E-05 9.99107E-05
0.419648 0.101803 0.137985 0.0285224 0.0454279 0.053697 0.0876273 0.0381133 0.0395941 0.0230027 0.024579
9.9964E-05 9.9964E-05 0.00928679 0.00275076 0.00233216 0.000980158 9.9964E-05 0.00276456 9.9964E-05 0.0065567 0.974929
0.310462 0.102593 0.171366 0.0540363 0.0469553 0.0540189 0.0936471 0.0337225 0.0554298 0.0387434 0.0390252
0.965901 9.99639E-05 0.00364101 0.00561476 9.99639E-05 0.0101732 9.99639E-05 0.0130154 9.99639E-05 0.000942597 0.000311901
0.997089 0.00175428 9.99279E-05 9.99279E-05 9.99279E-05 9.99279E-05 9.99279E-05 9.99279E-05 9.99279E-05 9.99279E-05 0.000357672
0.211899 0.0577628 0.131576 0.0636973 0.0634217 0.0558948 0.220477 0.0148237 0.066185 0.0561652 0.0580963
9.99101E-05 9.99101E-05 9.99101E-05 9.99101E-05 9.99101E-05 9.99101E-05 0.999001 9.99101E-05 9.99101E-05 9.99101E-05 9.99101E-05
0.152004 0.403696 0.0883597 0.046819 0.0432349 0.0414453 0.0631178 0.0339891 0.0258886 0.0615611 0.0398839
0.0115584 0.0323018 0.839094 0.0124035 0.0169218 0.0133669 0.00592408 0.00405253 0.0264373 0.0257936 0.0121461
9.99101E-05 0.999001 9.99101E-05 9.99101E-05 9.99101E-05 9.99101E-05 9.99101E-05 9.99101E-05 9.99101E-05 9.99101E-05 9.99101E-05
9.99101E-05 9.99101E-05 0.999001 9.99101E-05 9.99101E-05 9.99101E-05 9.99101E-05 9.99101E-05 9.99101E-05 9.99101E-05 9.99101E-05
9.9946E-05 0.00147573 9.9946E-05 9.9946E-05 9.9946E-05 0.981738 0.00421734 0.00236407 9.9946E-05 0.00960559 9.9946E-05
0.00893311 9.9955E-05 0.0145405 0.0162193 0.00697319 0.951349 9.9955E-05 9.9955E-05 9.9955E-05 9.9955E-05 0.00148509
9.99101E-05 9.99101E-05 9.99101E-05 9.99101E-05 9.99101E-05 9.99101E-05 9.99101E-05 9.99101E-05 9.99101E-05 0.999001 9.99101E-05
0.0559104 0.0323817 0.0814758 0.0316702 0.0326821 0.0378809 0.0659098 0.0331481 0.0276034 0.564296 0.0370412
9.9946E-05 0.00205298 0.0120752 0.956 9.9946E-05 0.0111282 0.0181437 9.9946E-05 9.9946E-05 9.9946E-05 9.9946E-05
9.9946E-05 0.00754426 9.9946E-05 9.9946E-05 0.977669 0.00273286 9.9946E-05 9.9946E-05 0.00385296 0.00760085 9.9946E-05
9.9973E-05 0.0133504 9.9973E-05 0.00670226 0.000122622 0.0107646 0.00509983 0.937417 9.9973E-05 0.0134591 0.0127844
0.0169045 0.0137449 0.0191634 0.00704132 0.850023 0.0188228 9.9991E-05 0.0174162 0.0136927 0.0195144 0.0235772
9.99101E-05 9.99101E-05 9.99101E-05 9.99101E-05 9.99101E-05 9.99101E-05 9.99101E-05 9.99101E-05 0.999001 9.99101E-05 9.99101E-05
0.379912 0.102209 0.121751 0.0441023 0.0460477 0.0635693 0.0910495 0.0387367 0.0496725 0.0366383 0.0263121
9.99101E-05 9.99101E-05 9.99101E-05 9.99101E-05 9.99101E-05 9.99101E-05 9.99101E-05 9.99101E-05 9.99101E-05 9.99101E-05 0.999001
0.332518 0.114724 0.118048 0.0496633 0.0430461 0.058339 0.0869565 0.0352276 0.0471313 0.0466811 0.0676653
0.636306 0.0272342 0.0806295 0.0321397 0.0342924 0.04137 0.0695194 0.0308134 9.9991E-05 0.0340473 0.0135478
0.999001 9.99101E-05 9.99101E-05 9.99101E-05 9.99101E-05 9.99101E-05 9.99101E-05 9.99101E-05 9.99101E-05 9.99101E-05 9.99101E-05
0.0100864 9.9964E-05 0.00478958 9.9964E-05 9.9964E-05 0.00192176 0.956375 9.9964E-05 0.00647034 0.016277 0.00367966
0.20743 0.0381046 0.151526 0.0731369 0.0679815 0.0602819 0.211697 0.0105797 0.0596606 0.0602724 0.0593288
0.157528 0.342915 0.100841 0.0456349 0.0459901 0.0620597 0.0727224 0.0420144 0.0189921 0.0604433 0.0508581
9.9982E-05 0.012386 0.932367 9.9982E-05 0.00612409 0.00785611 0.00159463 0.00242929 0.0115423 0.0176336 0.00786712
9.99101E-05 0.999001 9.99101E-05 9.99101E-05 9.99101E-05 9.99101E-05 9.99101E-05 9.99101E-05 9.99101E-05 9.99101E-05 9.99101E-05
0.0478403 0.0216801 0.771075 0.0203649 0.00799718 0.014743 0.0623915 0.0190671 0.00482706 0.0268064 0.00320739
9.99101E-05 9.99101E-05 9.99101E-05 9.99101E-05 9.99101E-05 0.999001 9.99101E-05 9.99101E-05 9.99101E-05 9.99101E-05 9.99101E-05
9.99101E-05 9.99101E-05 9.99101E-05 9.99101E-05 9.99101E-05 0.999001 9.99101E-05 9.99101E-05 9.99101E-05 9.99101E-05 9.99101E-05
9.99101E-05 9.99101E-05 9.99101E-05 9.99101E-05 9.99101E-05 9.99101E-05 9.99101E-05 9.99101E-05 9.99101E-05 0.999001 9.99101E-05
0.0522787 0.0305336 0.0843734 0.0249899 0.0340654 0.0418277 0.0826017 0.0260788 0.0178024 0.566478 0.038971
0.0327162 0.023224 0.0275297 0.837582 0.0131179 0.0105634 0.0112663 0.0169035 0.00906971 0.0048929 0.0131348
9.99101E-05 9.99101E-05 9.99101E-05 9.99101E-05 0.999001 9.99101E-05 9.99101E-05 9.99101E-05 9.99101E-05 9.99101E-05 9.99101E-05
9.99101E-05 9.99101E-05 9.99101E-05 9.99101E-05 9.99101E-05 9.99101E-05 9.99101E-05 0.999001 9.99101E-05 9.99101E-05 9.99101E-05
0.0373751 0.0258943 0.0368542 0.0341542 0.745606 0.0257028 0.0155417 0.00858064 0.0114943 0.0320581 0.0267383
9.99101E-05 9.99101E-05 9.99101E-05 9.99101E-05 9.99101E-05 9.99101E-05 9.99101E-05 9.99101E-05 0.999001 9.99101E-05 9.99101E-05
0.414477 0.0961855 0.142396 0.043835 0.0317677 0.0616878 0.0976976 0.042033 0.0268707 0.0204023 0.0226472
9.99101E-05 9.99101E-05 9.99101E-05 9.99101E-05 9.99101E-05 9.99101E-05 9.99101E-05 9.99101E-05 9.99101E-05 9.99101E-05 0.999001
0.144378 0.0788515 0.145189 0.0527362 0.0650064 0.0436008 0.234372 0.0178242 0.0791712 0.0731401 0.0657308
0.384003 0.0963206 0.144293 0.0447121 0.0357641 0.0477578 0.0957909 0.0253164 0.0366458 0.0351035 0.0542932
0.605825 0.0171443 0.0993059 0.0417503 0.0259469 0.0375555 0.0744631 0.00115407 0.029823 0.0417047 0.0253268
0.806483 0.0272601 0.0169525 0.0180471 0.0206086 0.0239552 0.0281679 0.00872375 0.00304788 0.0154084 0.0313458
0.0926264 0.0161558 0.0729746 0.0326475 0.0333149 0.0268364 0.576528 0.0296116 0.0468874 0.0506371 0.0217804
0.203907 0.0364676 0.141607 0.0741411 0.0692402 0.0695618 0.221981 0.00981373 0.0680859 0.0512203 0.0539747
0.00329056 0.829066 0.0336633 0.0156095 0.00265579 0.0247826 0.0325002 0.0102521 9.9991E-05 0.0288915 0.0191884
9.9955E-05 9.9955E-05 0.941476 9.9955E-05 0.0152363 0.00433272 9.9955E-05 9.9955E-05 0.0212173 0.009226 0.00801214
0.00627213 0.922865 0.0104164 0.00253829 0.00886306 0.0133567 9.9991E-05 0.00740287 0.00121645 0.0154813 0.0114874
9.99101E-05 9.99101E-05 0.999001 9.99101E-05 9.99101E-05 9.99101E-05 9.99101E-05 9.99101E-05 9.99101E-05 9.99101E-05 9.99101E-05
9.9964E-05 0.00845702 9.9964E-05 9.9964E-05 0.00501254 0.953315 0.0102001 0.00647643 0.00115935 0.0149801 9.9964E-05
9.99101E-05 9.99101E-05 9.99101E-05 9.99101E-05 9.99101E-05 0.999001 9.99101E-05 9.99101E-05 9.99101E-05 9.99101E-05 9.99101E-05
9.99101E-05 9.99101E-05 9.99101E-05 9.99101E-05 9.99101E-05 9.99101E-05 9.99101E-05 9.99101E-05 9.99101E-05 0.999001 9.99101E-05
9.9973E-05 0.00643543 0.0151084 9.9973E-05 0.0131203 0.00814083 0.0236524 9.9973E-05 0.00521463 0.919697 0.00833101
9.9946E-05 0.00302904 9.9946E-05 0.992212 9.9946E-05 0.00220527 9.9946E-05 0.000851848 0.00110245 9.9946E-05 9.9946E-05
9.99101E-05 9.99101E-05 9.99101E-05 9.99101E-05 0.999001 9.99101E-05 9.99101E-05 9.99101E-05 9.99101E-05 9.99101E-05 9.99101E-05
9.99101E-05 9.99101E-05 9.99101E-05 9.99101E-05 9.99101E-05 9.99101E-05 9.99101E-05 0.999001 9.99101E-05 9.99101E-05 9.99101E-05
9.99101E-05 9.99101E-05 9.99101E-05 9.99101E-05 0.999001 9.99101E-05 9.99101E-05 9.99101E-05 9.99101E-05 9.99101E-05 9.99101E-05
9.99101E-05 9.99101E-05 9.99101E-05 9.99101E-05 9.99101E-05 9.99101E-05 9.99101E-05 9.99101E-05 0.999001 9.99101E-05 9.99101E-05
0.268229 0.0380513 0.143719 0.0376381 0.0940379 0.0564767 0.233991 9.9991E-05 0.0402924 0.0392483 0.0482169
0.00163202 9.9955E-05 9.9955E-05 9.9955E-05 0.0109274 0.0030409 0.00894389 0.00354535 9.9955E-05 9.9955E-05 0.971411
0.139661 0.0834338 0.1314 0.0566778 0.0623792 0.0411295 0.230771 0.0186783 0.0844292 0.0819381 0.0695027
0.311827 0.0943027 0.148001 0.0492881 0.0565179 0.0467114 0.087699 0.033662 0.0740427 0.0520166 0.0459308
0.649916 0.00276254 0.0957258 0.0410041 0.0172782 0.0303698 0.0710254 0.0106921 0.0321678 0.0246369 0.0244213
0.792118 0.0283036 0.0299154 0.0128037 0.0260243 0.00704007 0.0418146 0.00601059 0.0191585 0.0182453 0.0185655
9.99101E-05 9.99101E-05 9.99101E-05 9.99101E-05 9.99101E-05 9.99101E-05 0.999001 9.99101E-05 9.99101E-05 9.99101E-05 9.99101E-05
0.235996 0.0595944 0.132768 0.0614396 0.0775655 0.0650027 0.206509 0.0161858 0.0343417 0.062155 0.0484422
0.012043 0.817835 0.0240741 0.0150328 0.0031968 0.0235762 0.0400711 0.0120251 0.0063438 0.0189982 0.0268037
9.99101E-05 9.99101E-05 0.999001 9.99101E-05 9.99101E-05 9.99101E-05 9.99101E-05 9.99101E-05 9.99101E-05 9.99101E-05 9.99101E-05
9.99101E-05 0.999001 9.99101E-05 9.99101E-05 9.99101E-05 9.99101E-05 9.99101E-05 9.99101E-05 9.99101E-05 9.99101E-05 9.99101E-05
9.99101E-05 9.99101E-05 0.999001 9.99101E-05 9.99101E-05 9.99101E-05 9.99101E-05 9.99101E-05 9.99101E-05 9.99101E-05 9.99101E-05
9.9973E-05 0.0117798 9.9973E-05 9.9973E-05 0.00700223 0.959791 0.00107343 0.000905851 0.0106137 0.00565073 0.00288318
9.9919E-05 9.9919E-05 9.9919E-05 0.005209 9.9919E-05 0.993892 9.9919E-05 9.9919E-05 9.9919E-05 9.9919E-05 9.9919E-05
9.99101E-05 9.99101E-05 9.99101E-05 9.99101E-05 9.99101E-05 9.99101E-05 9.99101E-05 9.99101E-05 9.99101E-05 0.999001 9.99101E-05
9.99101E-05 9.99101E-05 9.99101E-05 9.99101E-05 9.99101E-05 9.99101E-05 9.99101E-05 9.99101E-05 9.99101E-05 0.999001 9.99101E-05
0.00111555 0.00869855 9.9973E-05 0.971754 0.000515406 0.00170319 9.9973E-05 0.00422654 9.9973E-05 0.0115397 0.000147229
9.9964E-05 0.00109528 0.000174163 0.0064904 0.977714 9.9964E-05 0.00516233 0.00124438 9.9964E-05 0.00771988 9.9964E-05
0.0796476 0.0532581 0.0923827 0.0505403 0.0391827 0.0438783 0.0716043 0.192125 0.315943 0.0503492 0.0110882
9.9955E-05 9.9955E-05 0.00847748 0.0112852 0.959872 9.9955E-05 0.000363497 9.9955E-05 0.00501965 0.0144828 9.9955E-05
9.99568E-05 9.99568E-05 0.00172287 9.99568E-05 0.00620872 0.000349079 9.99568E-05 0.00562685 9.99568E-05 0.00193797 0.983655
0.347305 0.135645 0.133097 0.0352146 0.0239796 0.0539081 0.114316 0.0393627 0.0214244 0.04325 0.0524971
0.151942 0.0856666 0.127638 0.0539616 0.0635582 0.0385754 0.241443 0.0212167 0.0695285 0.0728671 0.0736036
0.282716 0.0835927 0.136491 0.0676334 0.0658431 0.0637396 0.126158 0.0422441 0.0563584 0.0312991 0.0439239
0.654288 0.00167162 0.0750033 0.0533726 0.0155209 0.0345753 0.0668911 0.0120656 0.0365639 0.0312884 0.018759
0.658992 0.04192 0.0533844 0.0341101 0.0339894 0.0212339 0.0553282 0.0372385 0.0172406 0.0119446 0.034618
9.99101E-05 9.99101E-05 9.99101E-05 9.99101E-05 9.99101E-05 9.99101E-05 0.999001 9.99101E-05 9.99101E-05 9.99101E-05 9.99101E-05
9.9919E-05 9.9919E-05 9.9919E-05 9.9919E-05 9.9919E-05 9.9919E-05 0.990917 9.9919E-05 0.00818375 9.9919E-05 9.9919E-05
0.232267 0.0368833 0.139414 0.0539529 0.091917 0.0306082 0.270021 0.00101066 0.0690012 0.0510169 0.0239079
9.9973E-05 0.853224 0.0233996 0.0170112 9.9973E-05 0.021426 0.0384097 0.0103587 9.9973E-05 0.025533 0.0103381
9.99101E-05 9.99101E-05 0.999001 9.99101E-05 9.99101E-05 9.99101E-05 9.99101E-05 9.99101E-05 9.99101E-05 9.99101E-05 9.99101E-05
9.99101E-05 0.999001 9.99101E-05 9.99101E-05 9.99101E-05 9.99101E-05 9.99101E-05 9.99101E-05 9.99101E-05 9.99101E-05 9.99101E-05
0.00613045 9.9946E-05 0.979963 0.00616909 9.9946E-05 9.9946E-05 9.9946E-05 0.00340118 0.00373616 9.9946E-05 9.9946E-05
9.9937E-05 0.00103818 9.9937E-05 9.9937E-05 9.9937E-05 0.994256 0.00163544 0.00237117 9.9937E-05 9.9937E-05 9.9937E-05
9.9946E-05 9.9946E-05 0.0145189 9.9946E-05 0.00278058 9.9946E-05 0.0179681 9.9946E-05 9.9946E-05 0.954016 0.0101168
9.99101E-05 9.99101E-05 9.99101E-05 0.999001 9.99101E-05 9.99101E-05 9.99101E-05 9.99101E-05 9.99101E-05 9.99101E-05 9.99101E-05
0.119284 0.0107794 0.0999854 0.494592 0.03835 0.0517367 0.0467666 0.015951 0.0329699 0.0654576 0.0241268
0.139176 0.0429991 0.127812 0.0400114 0.0397906 0.0635957 0.104296 0.163487 0.190716 0.050572 0.0375446
9.99101E-05 9.99101E-05 9.99101E-05 9.99101E-05 0.999001 9.99101E-05 9.99101E-05 9.99101E-05 9.99101E-05 9.99101E-05 9.99101E-05
9.99101E-05 9.99101E-05 9.99101E-05 9.99101E-05 9.99101E-05 9.99101E-05 9.99101E-05 0.999001 9.99101E-05 9.99101E-05 9.99101E-05
0.0294921 0.00949847 9.9991E-05 0.00713262 0.849239 0.00988884 0.0239084 0.0219242 0.00480982 0.0272817 0.0167246
9.99101E-05 9.99101E-05 9.99101E-05 9.99101E-05 9.99101E-05 9.99101E-05 9.99101E-05 9.99101E-05 9.99101E-05 9.99101E-05 0.999001
0.323911 0.123994 0.140986 0.0442061 0.0379815 0.0479878 0.112471 0.0346596 0.0390955 0.0528075 0.0418998
0.15003 0.0966375 0.152053 0.0496531 0.0655918 0.0549502 0.18917 0.0438108 0.0580338 0.0882577 0.0518134
0.311317 0.0855026 0.139973 0.0577472 0.0604801 0.0500776 0.143365 0.0357911 0.0218934 0.0519003 0.0419525
0.716695 0.0389568 0.051646 0.0417131 0.0145299 0.0128893 0.0693329 0.0348925 9.9982E-05 9.9982E-05 0.0191442
0.902674 9.9973E-05 9.9973E-05 9.9973E-05 0.010223 0.0211301 0.00924615 0.0205699 0.00345623 0.0054494 0.0269514
9.99101E-05 9.99101E-05 9.99101E-05 9.99101E-05 9.99101E-05 9.99101E-05 0.999001 9.99101E-05 9.99101E-05 9.99101E-05 9.99101E-05
0.027886 0.0153241 0.0322501 0.0168146 0.0216732 0.0267556 0.800802 0.0116835 0.0124794 0.0245555 0.00977644
0.254608 0.050831 0.123643 0.0581669 0.0861058 0.0314289 0.267327 0.00258912 0.053342 0.0434365 0.0285216
0.0233104 0.782436 0.0240427 0.0250107 0.0156716 0.0260909 0.028755 0.020062 9.9991E-05 0.02987 0.0246507
9.99101E-05 9.99101E-05 0.999001 9.99101E-05 9.99101E-05 9.99101E-05 9.99101E-05 9.99101E-05 9.99101E-05 9.99101E-05 9.99101E-05
9.99101E-05 0.999001 9.99101E-05 9.99101E-05 9.99101E-05 9.99101E-05 9.99101E-05 9.99101E-05 9.99101E-05 9.99101E-05 9.99101E-05
9.99101E-05 9.99101E-05 9.99101E-05 9.99101E-05 9.99101E-05 0.999001 9.99101E-05 9.99101E-05 9.99101E-05 9.99101E-05 9.99101E-05
