9.99101E-05 9.99101E-05 9.99101E-05 9.99101E-05 9.99101E-05 9.99101E-05 9.99101E-05 9.99101E-05 9.99101E-05 0.999001 9.99101E-05
9.9964E-05 0.0216444 0.0109786 9.9964E-05 9.9964E-05 0.000899618 0.0210785 9.9964E-05 0.00213898 0.00165953 0.9412
9.9937E-05 0.0276221 0.00981091 9.9937E-05 9.9937E-05 9.9937E-05 0.0291501 9.9937E-05 9.9937E-05 9.9937E-05 0.932717
9.99101E-05 9.99101E-05 9.99101E-05 9.99101E-05 0.999001 9.99101E-05 9.99101E-05 9.99101E-05 9.99101E-05 9.99101E-05 9.99101E-05
9.99101E-05 9.99101E-05 9.99101E-05 9.99101E-05 0.999001 9.99101E-05 9.99101E-05 9.99101E-05 9.99101E-05 9.99101E-05 9.99101E-05
0.0253797 0.107524 0.038819 0.11862 0.0418452 0.0639514 0.0840291 0.31484 0.0958279 0.0555595 0.0536044
9.99101E-05 9.99101E-05 9.99101E-05 9.99101E-05 9.99101E-05 0.999001 9.99101E-05 9.99101E-05 9.99101E-05 9.99101E-05 9.99101E-05
9.99101E-05 9.99101E-05 9.99101E-05 9.99101E-05 9.99101E-05 9.99101E-05 9.99101E-05 0.999001 9.99101E-05 9.99101E-05 9.99101E-05
0.0905856 0.109547 0.0268584 0.436654 0.0367421 0.0564788 0.0772077 0.0244669 0.0431572 0.0594961 0.0388059
9.9946E-05 9.9946E-05 0.978495 9.9946E-05 9.9946E-05 0.00123866 9.9946E-05 9.9946E-05 0.00447574 0.00308862 0.0121023
0.086397 0.150779 0.0457432 0.274931 0.0653735 0.0534598 0.117098 0.0383956 0.0488693 0.0639555 0.0549981
0.0917621 0.137528 0.0615664 0.164918 0.0487351 0.0706919 0.168929 0.0443017 0.0631502 0.0571856 0.0912319
9.99459E-05 9.99459E-05 0.000706205 0.979887 0.00216797 9.99459E-05 0.00128119 0.0153582 9.99459E-05 9.99459E-05 9.99459E-05
9.99101E-05 9.99101E-05 9.99101E-05 0.999001 9.99101E-05 9.99101E-05 9.99101E-05 9.99101E-05 9.99101E-05 9.99101E-05 9.99101E-05
0.0101353 0.0643991 0.0247024 0.154902 0.0123836 0.529512 0.128992 9.9991E-05 0.0344359 0.0152706 0.0251674
9.99101E-05 9.99101E-05 9.99101E-05 9.99101E-05 9.99101E-05 9.99101E-05 0.999001 9.99101E-05 9.99101E-05 9.99101E-05 9.99101E-05
9.9964E-05 9.9964E-05 0.00480113 0.00230073 0.00503192 0.00913856 0.94962 9.9964E-05 0.0140719 9.9964E-05 0.0146357
0.0517139 0.1613 0.0316 0.208411 0.0670676 0.0795079 0.189105 0.0204513 0.0699017 0.0579148 0.0630266
0.798963 0.0330015 0.0203483 0.0086875 0.0145062 0.0101873 0.0443048 0.00788737 9.9991E-05 0.0267925 0.0352217
0.0469986 0.703081 0.0293595 0.0251675 0.0347576 0.0246528 0.0299095 0.0173373 0.0290255 0.0302383 0.0294729
0.996207 0.00164198 9.99372E-05 9.99372E-05 9.99372E-05 9.99372E-05 9.99372E-05 9.99372E-05 0.000545555 9.99372E-05 0.000905859
9.9973E-05 0.949365 0.00465407 0.0272107 0.0114406 9.9973E-05 0.00320023 0.000656082 9.9973E-05 0.000822397 0.00235073
0.000393092 0.0213806 9.9973E-05 0.0312948 0.00859922 0.0146405 9.9973E-05 0.000790104 0.0017868 0.920815 9.9973E-05
9.99101E-05 9.99101E-05 9.99101E-05 9.99101E-05 9.99101E-05 9.99101E-05 9.99101E-05 9.99101E-05 9.99101E-05 9.99101E-05 0.999001
9.9964E-05 0.0148981 0.0161183 9.9964E-05 0.000898888 0.0128402 0.0346433 9.9964E-05 9.9964E-05 0.0129669 0.907234
9.99101E-05 9.99101E-05 9.99101E-05 9.99101E-05 0.999001 9.99101E-05 9.99101E-05 9.99101E-05 9.99101E-05 9.99101E-05 9.99101E-05
9.9919E-05 9.9919E-05 9.9919E-05 9.9919E-05 0.00264048 0.99646 9.9919E-05 9.9919E-05 9.9919E-05 9.9919E-05 9.9919E-05
9.99101E-05 9.99101E-05 9.99101E-05 9.99101E-05 9.99101E-05 9.99101E-05 9.99101E-05 0.999001 9.99101E-05 9.99101E-05 9.99101E-05
0.00570466 0.0322412 0.0113785 0.00212364 0.00687102 0.92145 0.00244005 9.9991E-05 0.00581446 0.00271191 0.00916448
9.9955E-05 0.00545697 0.00233439 0.00229218 9.9955E-05 9.9955E-05 0.00449857 0.972194 9.9955E-05 9.9955E-05 0.0127237
0.0907452 0.122144 0.00426252 0.491627 0.0277368 0.0370275 0.0815203 0.0276893 0.0535719 0.0538288 0.0098466
9.99101E-05 9.99101E-05 0.999001 9.99101E-05 9.99101E-05 9.99101E-05 9.99101E-05 9.99101E-05 9.99101E-05 9.99101E-05 9.99101E-05
0.114227 0.104827 0.0590582 0.195932 0.0508229 0.0771309 0.111694 0.045259 0.0528223 0.089805 0.0984219
9.99101E-05 9.99101E-05 9.99101E-05 0.999001 9.99101E-05 9.99101E-05 9.99101E-05 9.99101E-05 9.99101E-05 9.99101E-05 9.99101E-05
9.99101E-05 9.99101E-05 9.99101E-05 0.999001 9.99101E-05 9.99101E-05 9.99101E-05 9.99101E-05 9.99101E-05 9.99101E-05 9.99101E-05
0.0500993 0.154229 0.0413145 0.25528 0.0297959 0.0556517 0.256881 0.0145731 0.0376047 0.061422 0.0431482
9.99101E-05 9.99101E-05 9.99101E-05 9.99101E-05 9.99101E-05 9.99101E-05 0.999001 9.99101E-05 9.99101E-05 9.99101E-05 9.99101E-05
0.0538579 0.109619 0.026152 0.105604 0.0398317 0.0370045 0.506344 0.0405414 0.0372775 0.0262757 0.0174918
0.00054707 0.952571 0.0160038 9.9964E-05 9.9964E-05 9.9964E-05 9.9964E-05 0.00376588 0.0186492 0.00268404 0.00537914
0.999001 9.99101E-05 9.99101E-05 9.99101E-05 9.99101E-05 9.99101E-05 9.99101E-05 9.99101E-05 9.99101E-05 9.99101E-05 9.99101E-05
0.0346862 0.69087 0.0192768 0.0492569 0.023974 0.019533 0.0503287 0.0181541 0.0326267 0.0288326 0.032461
9.99101E-05 9.99101E-05 9.99101E-05 9.99101E-05 9.99101E-05 9.99101E-05 9.99101E-05 9.99101E-05 9.99101E-05 0.999001 9.99101E-05
9.9955E-05 0.0197951 9.9955E-05 0.00760333 0.00735512 0.0121409 9.9955E-05 0.00293332 9.9955E-05 0.949672 9.9955E-05
9.99101E-05 9.99101E-05 9.99101E-05 9.99101E-05 9.99101E-05 9.99101E-05 9.99101E-05 9.99101E-05 9.99101E-05 9.99101E-05 0.999001
9.999E-05 0.0339349 0.0129761 0.00742531 0.00159259 0.00438967 0.0276834 0.00292372 0.0168461 0.0131991 0.878929
9.99101E-05 9.99101E-05 9.99101E-05 9.99101E-05 0.999001 9.99101E-05 9.99101E-05 9.99101E-05 9.99101E-05 9.99101E-05 9.99101E-05
9.99101E-05 9.99101E-05 9.99101E-05 9.99101E-05 9.99101E-05 0.999001 9.99101E-05 9.99101E-05 9.99101E-05 9.99101E-05 9.99101E-05
0.00425966 0.00682735 9.9955E-05 9.9955E-05 0.000746489 0.00251816 9.9955E-05 9.9955E-05 0.977786 0.00736283 9.9955E-05
9.99101E-05 9.99101E-05 9.99101E-05 9.99101E-05 9.99101E-05 0.999001 9.99101E-05 9.99101E-05 9.99101E-05 9.99101E-05 9.99101E-05
9.9928E-05 9.9928E-05 9.9928E-05 9.9928E-05 9.9928E-05 9.9928E-05 9.9928E-05 0.0004591 0.997917 9.9928E-05 0.00082454
0.0909882 0.130524 0.0267208 0.429165 0.0420821 0.0458396 0.0852688 0.0237742 0.0329797 0.0584572 0.0342007
0.00213109 9.99699E-05 0.977561 0.00231538 0.00428777 0.000168814 9.99699E-05 0.00475584 9.99699E-05 9.99699E-05 0.00837982
0.115681 0.166742 0.0437085 0.311129 0.0467903 0.0550019 0.0854713 0.0337278 0.0545278 0.0498345 0.0373858
9.99369E-05 9.99369E-05 9.99369E-05 0.971692 0.0100078 9.99369E-05 9.99369E-05 0.00981555 9.99369E-05 0.00778547 9.99369E-05
9.99101E-05 9.99101E-05 9.99101E-05 0.999001 9.99101E-05 9.99101E-05 9.99101E-05 9.99101E-05 9.99101E-05 9.99101E-05 9.99101E-05
0.0396067 0.144456 0.0644948 0.213786 0.0656977 0.0661722 0.203973 0.0123523 0.0666877 0.0692543 0.0535191
9.99101E-05 9.99101E-05 9.99101E-05 9.99101E-05 9.99101E-05 9.99101E-05 0.999001 9.99101E-05 9.99101E-05 9.99101E-05 9.99101E-05
0.397678 0.0891752 0.0464772 0.16435 0.0447077 0.0448204 0.0437186 0.0379276 0.0303826 0.0415139 0.0592485
0.0149213 0.833098 0.0193723 0.0195621 0.0111137 0.0197869 0.00869453 9.9991E-05 0.0315111 0.0107761 0.0310639
0.999001 9.99101E-05 9.99101E-05 9.99101E-05 9.99101E-05 9.99101E-05 9.99101E-05 9.99101E-05 9.99101E-05 9.99101E-05 9.99101E-05
9.99101E-05 0.999001 9.99101E-05 9.99101E-05 9.99101E-05 9.99101E-05 9.99101E-05 9.99101E-05 9.99101E-05 9.99101E-05 9.99101E-05
0.000923069 9.9928E-05 9.9928E-05 9.9928E-05 9.9928E-05 9.9928E-05 9.9928E-05 9.9928E-05 9.9928E-05 0.98924 0.00903708
9.9955E-05 0.0188964 9.9955E-05 0.0198098 0.0109641 0.00478144 9.9955E-05 0.000427759 9.9955E-05 0.944621 9.9955E-05
9.99101E-05 9.99101E-05 9.99101E-05 9.99101E-05 9.99101E-05 9.99101E-05 9.99101E-05 9.99101E-05 9.99101E-05 9.99101E-05 0.999001
0.049099 0.0980663 0.0399765 0.0681532 0.0241519 0.0280995 0.0541817 0.0330772 0.0228578 0.0284085 0.553929
9.9964E-05 0.0165996 9.9964E-05 9.9964E-05 0.955372 0.00766376 0.00315706 0.00191942 9.9964E-05 0.0100958 0.00479251
0.00147437 9.9964E-05 0.00957945 9.9964E-05 0.011968 0.963263 0.00136524 9.9964E-05 0.00793233 0.0040175 9.9964E-05
0.0131633 0.00183411 0.000966889 0.0057836 0.00168838 0.00971905 0.00271387 0.936168 9.9991E-05 0.0107114 0.0171518
0.0182791 0.0235804 0.022254 9.9991E-05 0.0109849 0.850609 0.00733532 0.0130508 0.00909621 0.0117806 0.0329295
9.99101E-05 9.99101E-05 9.99101E-05 9.99101E-05 9.99101E-05 9.99101E-05 9.99101E-05 9.99101E-05 0.999001 9.99101E-05 9.99101E-05
0.104721 0.102589 0.019478 0.396151 0.0449279 0.0593928 0.0832901 0.0368896 0.0475042 0.0694009 0.0356557
9.99101E-05 9.99101E-05 0.999001 9.99101E-05 9.99101E-05 9.99101E-05 9.99101E-05 9.99101E-05 9.99101E-05 9.99101E-05 9.99101E-05
0.103957 0.100861 0.0542932 0.378056 0.0526327 0.0530038 0.0943977 0.0335762 0.0241197 0.0631734 0.0419288
0.0314261 0.0729146 0.00913823 0.656444 0.0313006 0.0365816 0.0618153 0.0210954 0.00288265 0.0442354 0.0321659
9.99101E-05 9.99101E-05 9.99101E-05 0.999001 9.99101E-05 9.99101E-05 9.99101E-05 9.99101E-05 9.99101E-05 9.99101E-05 9.99101E-05
9.9973E-05 0.0075993 9.9973E-05 0.000706788 0.0123624 0.00943823 0.931461 9.9973E-05 0.0160265 0.00280817 0.0192978
0.0373805 0.155436 0.0653834 0.23242 0.0586051 0.0715415 0.191264 0.0148297 0.0619067 0.0564279 0.0548052
0.335755 0.0878366 0.0608733 0.158341 0.0509862 0.0448789 0.0598066 0.04528 0.0245903 0.062649 0.0690029
0.0169076 0.904879 0.00451248 9.9982E-05 0.00301514 0.0165072 9.9982E-05 0.0091766 0.0134655 0.00500779 0.026329
0.999001 9.99101E-05 9.99101E-05 9.99101E-05 9.99101E-05 9.99101E-05 9.99101E-05 9.99101E-05 9.99101E-05 9.99101E-05 9.99101E-05
0.020666 0.754274 9.9991E-05 0.0495369 0.0177992 0.00660484 0.0666218 0.0209546 0.0166193 0.0161508 0.0306729
9.99181E-05 9.99181E-05 9.99181E-05 9.99181E-05 9.99181E-05 9.99181E-05 9.99181E-05 9.99181E-05 9.99181E-05 0.999001 9.99181E-05
9.99101E-05 9.99101E-05 9.99101E-05 9.99101E-05 9.99101E-05 9.99101E-05 9.99101E-05 9.99101E-05 9.99101E-05 0.999001 9.99101E-05
9.99101E-05 9.99101E-05 9.99101E-05 9.99101E-05 9.99101E-05 9.99101E-05 9.99101E-05 9.99101E-05 9.99101E-05 9.99101E-05 0.999001
0.0299306 0.0930876 0.0418904 0.0512239 0.0263332 0.0331987 0.0648401 0.0271848 0.0282249 0.039249 0.564837
0.0242681 0.0386503 0.00820763 0.0352548 0.841345 0.0184327 9.9982E-05 0.0109443 0.0162413 0.0064563 9.9982E-05
9.99101E-05 9.99101E-05 9.99101E-05 9.99101E-05 9.99101E-05 0.999001 9.99101E-05 9.99101E-05 9.99101E-05 9.99101E-05 9.99101E-05
9.99101E-05 9.99101E-05 9.99101E-05 9.99101E-05 9.99101E-05 9.99101E-05 9.99101E-05 0.999001 9.99101E-05 9.99101E-05 9.99101E-05
0.0218432 0.0141922 0.0289183 0.0290977 0.0295751 0.752287 0.0221394 0.0158486 0.0232896 0.0316251 0.0311833
9.99101E-05 9.99101E-05 9.99101E-05 9.99101E-05 9.99101E-05 9.99101E-05 9.99101E-05 9.99101E-05 0.999001 9.99101E-05 9.99101E-05
0.0986126 0.125877 0.023763 0.446373 0.0331559 0.0423506 0.0797455 0.0387557 0.035746 0.0516031 0.0240182
9.99101E-05 9.99101E-05 0.999001 9.99101E-05 9.99101E-05 9.99101E-05 9.99101E-05 9.99101E-05 9.99101E-05 9.99101E-05 9.99101E-05
0.0883367 0.13366 0.0591094 0.176243 0.0457908 0.0526759 0.217796 0.0108584 0.0911026 0.0516018 0.072825
0.0936643 0.113223 0.0570069 0.428941 0.0484752 0.0340502 0.0843382 0.0321354 0.0300263 0.0527536 0.0253858
0.0165502 0.115376 0.0251358 0.630144 0.0400186 0.0188626 0.0683701 9.9991E-05 0.0233121 0.028474 0.0336561
0.0206403 0.0293685 0.0241876 0.808453 0.023335 0.0213924 0.0269598 0.00224885 0.0110734 0.019089 0.0132526
0.0219853 0.0567507 0.0213377 0.120151 0.0254814 0.0287579 0.562225 0.0466605 0.0407794 0.033151 0.04272
0.05406 0.14946 0.0663998 0.209074 0.0731722 0.070604 0.191649 0.0107844 0.0647594 0.0621807 0.0478571
0.822962 0.0148382 0.0270159 0.0195849 0.0172734 0.00973619 0.0306633 0.00905704 9.9991E-05 0.0193127 0.0294568
0.00328431 0.948726 0.0177511 9.9964E-05 9.9964E-05 0.00434039 9.9964E-05 9.9964E-05 0.0188752 0.00325702 0.003366
0.933553 0.0107409 9.9982E-05 0.011425 9.9982E-05 0.0130548 0.00882784 0.010485 0.000138467 0.00393165 0.00764325
9.9919E-05 0.993694 9.9919E-05 9.9919E-05 0.00540676 9.9919E-05 9.9919E-05 9.9919E-05 9.9919E-05 9.9919E-05 9.9919E-05
0.00872191 0.0012591 9.9964E-05 9.9964E-05 9.9964E-05 0.000291628 0.0103996 9.9964E-05 0.00272557 0.951415 0.0247869
9.99101E-05 9.99101E-05 9.99101E-05 9.99101E-05 9.99101E-05 9.99101E-05 9.99101E-05 9.99101E-05 9.99101E-05 0.999001 9.99101E-05
9.99101E-05 9.99101E-05 9.99101E-05 9.99101E-05 9.99101E-05 9.99101E-05 9.99101E-05 9.99101E-05 9.99101E-05 9.99101E-05 0.999001
0.000816899 0.019551 0.0190844 9.9964E-05 9.9964E-05 0.0124101 0.0281563 9.9964E-05 9.9964E-05 0.00920643 0.910375
9.9919E-05 9.9919E-05 9.9919E-05 9.9919E-05 0.99489 9.9919E-05 9.9919E-05 9.9919E-05 9.9919E-05 0.00421049 9.9919E-05
9.99101E-05 9.99101E-05 9.99101E-05 9.99101E-05 9.99101E-05 0.999001 9.99101E-05 9.99101E-05 9.99101E-05 9.99101E-05 9.99101E-05
9.99101E-05 9.99101E-05 9.99101E-05 9.99101E-05 9.99101E-05 9.99101E-05 9.99101E-05 0.999001 9.99101E-05 9.99101E-05 9.99101E-05
9.99101E-05 9.99101E-05 9.99101E-05 9.99101E-05 9.99101E-05 0.999001 9.99101E-05 9.99101E-05 9.99101E-05 9.99101E-05 9.99101E-05
9.99101E-05 9.99101E-05 9.99101E-05 9.99101E-05 9.99101E-05 9.99101E-05 9.99101E-05 9.99101E-05 0.999001 9.99101E-05 9.99101E-05
0.0510107 0.14575 0.052059 0.276243 0.0422297 0.0882094 0.202637 9.9991E-05 0.0517401 0.0507566 0.039265
9.9946E-05 0.0101643 0.967448 9.9946E-05 0.00411293 0.0135841 9.9946E-05 9.9946E-05 0.00409112 9.9946E-05 9.9946E-05
0.0944499 0.140753 0.0627845 0.159537 0.0471999 0.0568755 0.219438 0.00848431 0.100047 0.0378268 0.0726039
0.106362 0.143555 0.0473708 0.32947 0.0513834 0.053676 0.0812092 0.0250444 0.0700026 0.0408458 0.0510802
9.99832E-05 0.0913107 0.0239628 0.655655 0.0441125 0.00995183 0.0864278 9.99832E-05 0.0277255 0.0267726 0.0338817
0.0420094 0.0408695 0.00615532 0.767556 0.010783 0.0185125 0.0562183 0.00880286 0.0228058 0.00624078 0.0200463
9.9937E-05 9.9937E-05 9.9937E-05 9.9937E-05 0.00138564 9.9937E-05 0.987191 9.9937E-05 0.00891012 9.9937E-05 0.00181408
0.0553408 0.125024 0.054706 0.222119 0.0422881 0.0798402 0.198484 0.0310447 0.0509249 0.071021 0.0692077
0.826743 0.00888077 0.0160928 0.0214581 0.0300381 0.015517 0.0467747 0.00137445 0.00358445 0.0163705 0.0131658
9.99101E-05 0.999001 9.99101E-05 9.99101E-05 9.99101E-05 9.99101E-05 9.99101E-05 9.99101E-05 9.99101E-05 9.99101E-05 9.99101E-05
0.999001 9.99101E-05 9.99101E-05 9.99101E-05 9.99101E-05 9.99101E-05 9.99101E-05 9.99101E-05 9.99101E-05 9.99101E-05 9.99101E-05
9.9919E-05 0.993682 9.9919E-05 9.9919E-05 0.00541853 9.9919E-05 9.9919E-05 9.9919E-05 9.9919E-05 9.9919E-05 9.9919E-05
0.0139813 9.9964E-05 0.00707122 9.9964E-05 9.9964E-05 9.9964E-05 0.00182803 0.00387396 0.00578047 0.958143 0.0089226
9.9919E-05 9.9919E-05 9.9919E-05 9.9919E-05 0.00800253 9.9919E-05 9.9919E-05 9.9919E-05 9.9919E-05 0.991098 9.9919E-05
9.99101E-05 9.99101E-05 9.99101E-05 9.99101E-05 9.99101E-05 9.99101E-05 9.99101E-05 9.99101E-05 9.99101E-05 9.99101E-05 0.999001
9.99101E-05 9.99101E-05 9.99101E-05 9.99101E-05 9.99101E-05 9.99101E-05 9.99101E-05 9.99101E-05 9.99101E-05 9.99101E-05 0.999001
0.00288032 9.9955E-05 0.00394058 9.9955E-05 0.970117 9.9955E-05 0.00605653 9.9955E-05 0.00840903 9.9955E-05 0.00809688
9.9973E-05 9.9973E-05 0.00213905 9.9973E-05 0.00144425 0.974336 0.00352518 0.0108632 0.00381452 0.0011429 0.00243459
0.0536367 0.0952143 0.00324627 0.0802473 0.048345 0.0367307 0.0802031 0.189083 0.314271 0.0525494 0.0464728
9.9964E-05 9.9964E-05 0.00588012 0.0225254 0.000811329 0.956651 9.9964E-05 0.00299643 9.9964E-05 0.00775704 0.00297863
9.9928E-05 9.9928E-05 0.993038 9.9928E-05 9.9928E-05 0.000860157 9.9928E-05 9.9928E-05 9.9928E-05 0.00530244 9.9928E-05
0.126876 0.119025 0.0431614 0.385271 0.0323719 0.0295088 0.102732 0.0420065 0.0242853 0.0589962 0.0357665
0.0891724 0.128084 0.0617547 0.173876 0.0517389 0.0594076 0.228928 0.00849054 0.0872343 0.0348188 0.0764947
0.0809481 0.141332 0.0450394 0.275672 0.063994 0.0568226 0.125472 0.047087 0.0610048 0.0729173 0.0297109
0.00888088 0.0730919 0.0261929 0.6743 0.0361269 0.0118389 0.0808659 0.00235512 0.0246462 0.0333804 0.028321
0.0232014 0.0624174 0.0314219 0.650681 0.0335846 0.0433895 0.0615891 0.0349936 0.0209606 0.0242992 0.0134618
9.99101E-05 9.99101E-05 9.99101E-05 9.99101E-05 9.99101E-05 9.99101E-05 0.999001 9.99101E-05 9.99101E-05 9.99101E-05 9.99101E-05
9.9919E-05 9.9919E-05 9.9919E-05 9.9919E-05 9.9919E-05 9.9919E-05 0.980701 9.9919E-05 0.0183993 9.9919E-05 9.9919E-05
0.0419476 0.151368 0.0308122 0.261343 0.0527364 0.0889627 0.23038 0.000911759 0.0629895 0.0376519 0.0408975
0.842523 0.0248263 0.0186183 0.0108606 0.0126796 0.00101675 0.0357957 0.000264105 0.00290688 0.0231174 0.0273915
9.99101E-05 0.999001 9.99101E-05 9.99101E-05 9.99101E-05 9.99101E-05 9.99101E-05 9.99101E-05 9.99101E-05 9.99101E-05 9.99101E-05
0.999001 9.99101E-05 9.99101E-05 9.99101E-05 9.99101E-05 9.99101E-05 9.99101E-05 9.99101E-05 9.99101E-05 9.99101E-05 9.99101E-05
9.9946E-05 0.978446 9.9946E-05 0.00739321 0.00794214 0.00404472 9.9946E-05 0.001574 9.9946E-05 9.9946E-05 9.9946E-05
0.00160803 9.9928E-05 9.9928E-05 9.9928E-05 9.9928E-05 9.9928E-05 0.00206885 9.9928E-05 9.9928E-05 0.995524 9.9928E-05
9.9955E-05 0.0109359 0.00894278 9.9955E-05 9.9955E-05 0.00541151 0.0184199 9.9955E-05 9.9955E-05 0.00558812 0.950202
9.99101E-05 9.99101E-05 9.99101E-05 9.99101E-05 0.999001 9.99101E-05 9.99101E-05 9.99101E-05 9.99101E-05 9.99101E-05 9.99101E-05
0.0192714 0.0973542 0.0219064 0.121299 0.481546 0.0340373 0.0678734 0.0225987 0.0288617 0.0448399 0.0604113
0.0452254 0.12294 0.0368673 0.149221 0.0363155 0.0359014 0.101265 0.169667 0.184269 0.0622937 0.0560344
9.99101E-05 9.99101E-05 9.99101E-05 9.99101E-05 9.99101E-05 0.999001 9.99101E-05 9.99101E-05 9.99101E-05 9.99101E-05 9.99101E-05
9.99101E-05 9.99101E-05 9.99101E-05 9.99101E-05 9.99101E-05 9.99101E-05 9.99101E-05 0.999001 9.99101E-05 9.99101E-05 9.99101E-05
0.0206652 0.00679852 0.0138101 0.0422272 0.0038731 0.857145 0.00187409 0.0151753 0.00770843 0.00630563 0.0244177
9.99101E-05 9.99101E-05 0.999001 9.99101E-05 9.99101E-05 9.99101E-05 9.99101E-05 9.99101E-05 9.99101E-05 9.99101E-05 9.99101E-05
0.124741 0.120871 0.0390208 0.344083 0.0606941 0.0370242 0.107915 0.0319002 0.0312091 0.0504326 0.0521088
0.0981154 0.13892 0.0654993 0.162006 0.0559996 0.0716084 0.179322 0.0424998 0.0562642 0.0505018 0.0792636
0.0856981 0.134461 0.0436381 0.312993 0.056068 0.0565707 0.137132 0.0463789 0.0232815 0.05848 0.0452981
0.0340126 0.0579082 0.01594 0.73294 0.0376683 0.0155854 0.0571238 0.0359982 9.9991E-05 0.0123571 0.000366562
9.9955E-05 9.9955E-05 0.0250937 0.905114 9.9955E-05 0.0185935 9.9955E-05 0.0128136 0.0137937 0.0240918 9.9955E-05
9.99101E-05 9.99101E-05 9.99101E-05 9.99101E-05 9.99101E-05 9.99101E-05 0.999001 9.99101E-05 9.99101E-05 9.99101E-05 9.99101E-05
0.0222189 0.0117417 0.00621438 0.0493803 0.0325707 0.02777 0.780976 0.00437375 0.0201288 0.0128306 0.0317952
0.0388976 0.140584 0.0422237 0.272982 0.0567252 0.0807549 0.229944 0.00544679 0.0543774 0.0381684 0.0398966
0.786143 0.0247097 0.0298301 0.0146522 0.0307611 0.0236855 0.0215577 0.0181323 0.00523193 0.0199036 0.025393
9.99101E-05 0.999001 9.99101E-05 9.99101E-05 9.99101E-05 9.99101E-05 9.99101E-05 9.99101E-05 9.99101E-05 9.99101E-05 9.99101E-05
0.999001 9.99101E-05 9.99101E-05 9.99101E-05 9.99101E-05 9.99101E-05 9.99101E-05 9.99101E-05 9.99101E-05 9.99101E-05 9.99101E-05
9.99101E-05 9.99101E-05 9.99101E-05 9.99101E-05 9.99101E-05 9.99101E-05 9.99101E-05 9.99101E-05 9.99101E-05 0.999001 9.99101E-05
