9.993E-05 9.993E-05 9.993E-05 9.993E-05 0.999201 9.993E-05 9.993E-05 9.993E-05 9.993E-05
0.00035833 9.9973E-05 0.0182056 9.9973E-05 0.00640626 0.945654 9.9973E-05 0.023054 0.00602209
0.00163862 9.9973E-05 0.0154525 9.9973E-05 0.00577161 0.930115 9.9973E-05 0.027472 0.0192499
9.993E-05 9.993E-05 9.993E-05 0.999201 9.993E-05 9.993E-05 9.993E-05 9.993E-05 9.993E-05
9.993E-05 9.993E-05 9.993E-05 0.999201 9.993E-05 9.993E-05 9.993E-05 9.993E-05 9.993E-05
0.0564924 0.0364352 0.0422848 0.0405679 0.0667243 0.0589183 0.386461 0.0984163 0.213699
0.999201 9.993E-05 9.993E-05 9.993E-05 9.993E-05 9.993E-05 9.993E-05 9.993E-05 9.993E-05
9.993E-05 9.993E-05 9.993E-05 9.993E-05 9.993E-05 9.993E-05 0.999201 9.993E-05 9.993E-05
0.0509672 0.0870182 0.0218497 0.0451806 0.0612186 0.0343866 0.0460006 0.112671 0.540707
0.00613817 0.00314317 0.971639 0.00342616 0.00222034 0.0131328 9.9973E-05 9.9973E-05 9.9973E-05
0.0606225 0.0931046 0.047789 0.080962 0.0680774 0.0578386 0.0690275 0.131036 0.391542
0.074005 0.0851321 0.0615841 0.0331755 0.040642 0.0931693 0.0786303 0.206668 0.326993
0.0234017 9.9955E-05 9.9955E-05 9.9955E-05 0.0109776 9.9955E-05 0.0114469 9.9955E-05 0.953674
9.993E-05 9.993E-05 9.993E-05 9.993E-05 9.993E-05 9.993E-05 9.993E-05 9.993E-05 0.999201
0.53421 9.9991E-05 0.0290709 0.0157925 0.0130316 0.0130145 0.00715114 0.146905 0.240725
9.993E-05 9.993E-05 9.993E-05 9.993E-05 9.993E-05 9.993E-05 9.993E-05 0.999201 9.993E-05
0.00960475 9.9955E-05 9.9955E-05 0.007381 9.9955E-05 0.00684087 9.9955E-05 0.975674 9.9955E-05
0.0760069 0.0567379 0.0239945 0.0570124 0.062327 0.0661964 0.0421109 0.19647 0.419144
9.999E-05 0.793178 0.0343525 0.0281305 0.0251252 0.0266216 0.00012219 0.0400089 0.0523608
0.0168638 0.0440618 0.0200666 0.0349861 0.0323756 0.0451112 0.0246172 0.0323308 0.749587
9.9964E-05 0.985288 9.9964E-05 0.000967634 9.9964E-05 0.00609468 0.00251589 0.00473348 9.9964E-05
9.999E-05 0.00277502 0.00609731 0.00604145 0.00278957 0.00812516 0.0119328 0.00111259 0.961026
0.0127649 9.9964E-05 0.00482724 0.00943802 0.921 9.9964E-05 9.9964E-05 9.9964E-05 0.0515701
9.993E-05 9.993E-05 9.993E-05 9.993E-05 9.993E-05 0.999201 9.993E-05 9.993E-05 9.993E-05
0.0105863 9.9973E-05 0.0169457 9.9973E-05 0.0110056 0.911879 9.9973E-05 0.0267246 0.0225588
9.993E-05 9.993E-05 9.993E-05 0.999201 9.993E-05 9.993E-05 9.993E-05 9.993E-05 9.993E-05
0.998287 9.9937E-05 9.9937E-05 9.9937E-05 9.9937E-05 0.00101345 9.9937E-05 9.9937E-05 9.9937E-05
9.993E-05 9.993E-05 9.993E-05 9.993E-05 9.993E-05 9.993E-05 0.999201 9.993E-05 9.993E-05
0.927991 0.00583476 0.0120656 0.00973055 0.00142007 0.00285478 0.01443 0.00693332 0.0187397
9.993E-05 9.993E-05 9.993E-05 9.993E-05 9.993E-05 9.993E-05 0.999201 9.993E-05 9.993E-05
0.0346364 0.0905048 0.00888576 0.0351129 0.0471503 0.0142063 0.055901 0.0891682 0.624434
9.993E-05 9.993E-05 0.999201 9.993E-05 9.993E-05 9.993E-05 9.993E-05 9.993E-05 9.993E-05
0.105628 0.0828217 0.0525506 0.0776479 0.0941332 0.0830178 0.0771348 0.0964869 0.330579
0.0227172 9.9964E-05 9.9964E-05 0.007827 0.00959514 9.9964E-05 0.00156705 9.9964E-05 0.957894
9.993E-05 9.993E-05 9.993E-05 9.993E-05 9.993E-05 9.993E-05 9.993E-05 9.993E-05 0.999201
0.0514749 0.0518344 0.0522786 0.036347 0.0548793 0.045184 0.0187371 0.253784 0.435481
9.993E-05 9.993E-05 9.993E-05 9.993E-05 9.993E-05 9.993E-05 9.993E-05 0.999201 9.993E-05
0.0431416 0.0514168 0.0321688 0.0415675 0.0272923 0.0190133 0.0597776 0.510985 0.214638
0.00103118 0.00465888 0.0166118 0.000572554 0.00296802 0.010552 0.0122823 9.9991E-05 0.951223
9.993E-05 0.999201 9.993E-05 9.993E-05 9.993E-05 9.993E-05 9.993E-05 9.993E-05 9.993E-05
0.0088221 0.028519 0.0120913 0.0260246 0.0406424 0.027723 0.0423444 0.0570601 0.756773
9.993E-05 9.993E-05 9.993E-05 9.993E-05 0.999201 9.993E-05 9.993E-05 9.993E-05 9.993E-05
0.00416422 9.9964E-05 0.00106724 0.0101576 0.947671 9.9964E-05 9.9964E-05 9.9964E-05 0.0365396
9.993E-05 9.993E-05 9.993E-05 9.993E-05 9.993E-05 0.999201 9.993E-05 9.993E-05 9.993E-05
0.0148852 0.0155213 0.00982632 9.9991E-05 0.00210833 0.869201 0.0203704 0.0300621 0.0379257
9.993E-05 9.993E-05 9.993E-05 0.999201 9.993E-05 9.993E-05 9.993E-05 9.993E-05 9.993E-05
0.999201 9.993E-05 9.993E-05 9.993E-05 9.993E-05 9.993E-05 9.993E-05 9.993E-05 9.993E-05
0.0195509 9.9991E-05 0.019772 0.0099065 0.0273178 0.0164491 0.524259 0.223138 0.159506
0.999201 9.993E-05 9.993E-05 9.993E-05 9.993E-05 9.993E-05 9.993E-05 9.993E-05 9.993E-05
0.0275449 9.9991E-05 0.0195672 0.0101417 0.0337476 0.00974717 0.531436 0.225965 0.14175
0.0618135 0.09076 0.0291785 0.046861 0.0566032 0.0250847 0.0516869 0.088877 0.549135
9.9964E-05 9.9964E-05 0.979712 9.9964E-05 0.00179071 0.00498126 0.0120476 0.00106866 9.9964E-05
0.0466687 0.111309 0.033477 0.0539935 0.0591858 0.0466206 0.0530182 0.11372 0.482007
0.0208942 9.9973E-05 9.9973E-05 0.0108147 0.0136032 0.00206889 0.0152004 9.9973E-05 0.937119
0.00708209 0.0146956 0.00625901 9.9973E-05 0.00720715 9.9973E-05 0.00361437 9.9973E-05 0.960842
0.0592539 0.0473483 0.0548832 0.0526155 0.0621633 0.0646719 0.0364776 0.218367 0.40422
9.993E-05 9.993E-05 9.993E-05 9.993E-05 9.993E-05 9.993E-05 9.993E-05 0.999201 9.993E-05
0.0460895 0.400648 0.0470787 0.0434554 0.0375255 0.0656456 0.0408184 0.0709081 0.247831
0.020278 0.018015 0.0143188 0.00879176 0.0187593 0.0555122 0.0254056 9.9991E-05 0.838819
9.993E-05 0.999201 9.993E-05 9.993E-05 9.993E-05 9.993E-05 9.993E-05 9.993E-05 9.993E-05
9.993E-05 9.993E-05 9.993E-05 9.993E-05 9.993E-05 9.993E-05 9.993E-05 9.993E-05 0.999201
9.9964E-05 0.00162401 0.00248905 9.9964E-05 0.984215 0.00962126 9.9964E-05 0.0016511 9.9964E-05
0.00327023 9.9955E-05 9.9955E-05 0.0121112 0.953513 9.9955E-05 9.9955E-05 9.9955E-05 0.0306062
9.993E-05 9.993E-05 9.993E-05 9.993E-05 9.993E-05 0.999201 9.993E-05 9.993E-05 9.993E-05
0.0280268 0.0285883 0.0290986 0.0235242 0.0319849 0.571124 0.0444631 0.0635832 0.179607
9.9973E-05 0.00370389 0.00957886 0.961063 0.00901729 9.9973E-05 0.0125036 0.0038336 9.9973E-05
0.971473 9.9982E-05 0.0023109 0.000674021 0.00570075 0.00318828 0.000121793 0.0163315 9.9982E-05
9.9973E-05 0.00277709 0.00660799 0.00716839 0.00108583 0.00681387 0.975247 9.9973E-05 9.9973E-05
0.846067 0.0175553 0.00437958 0.00539043 0.0127203 0.0310443 0.0104933 0.0154218 0.0569283
0.00925191 0.0034933 0.0177625 9.9991E-05 0.0281254 0.0134492 0.550052 0.227699 0.150067
0.0490479 0.106675 0.0357508 0.0581693 0.0605587 0.0398547 0.0648828 0.0933088 0.491752
9.993E-05 9.993E-05 0.999201 9.993E-05 9.993E-05 9.993E-05 9.993E-05 9.993E-05 9.993E-05
0.0448509 0.110794 0.0500243 0.0523726 0.0633009 0.0456108 0.0593281 0.0817635 0.491955
0.0355918 0.0426157 0.0179129 0.030955 0.0420471 0.0281667 0.0199979 0.0771616 0.705551
9.993E-05 9.993E-05 9.993E-05 9.993E-05 9.993E-05 9.993E-05 9.993E-05 9.993E-05 0.999201
0.00378335 9.9973E-05 9.9973E-05 0.0048308 0.00353066 0.0183434 9.9973E-05 0.960302 0.00891016
0.0644916 0.0417404 0.0628323 0.0553819 0.072527 0.061664 0.0208747 0.221731 0.398757
0.0460521 0.364765 0.0493233 0.0320221 0.0478924 0.0766051 0.0534036 0.0713169 0.25862
0.0101904 0.0106661 0.00371699 0.00451942 0.00984443 0.0248374 0.0213454 9.9991E-05 0.91478
9.993E-05 0.999201 9.993E-05 9.993E-05 9.993E-05 9.993E-05 9.993E-05 9.993E-05 9.993E-05
0.00612009 0.00931177 0.00651294 0.0157421 0.0131433 0.027291 0.0274664 0.0550919 0.839321
9.993E-05 9.993E-05 9.993E-05 9.993E-05 0.999201 9.993E-05 9.993E-05 9.993E-05 9.993E-05
9.993E-05 9.993E-05 9.993E-05 9.993E-05 0.999201 9.993E-05 9.993E-05 9.993E-05 9.993E-05
9.993E-05 9.993E-05 9.993E-05 9.993E-05 9.993E-05 0.999201 9.993E-05 9.993E-05 9.993E-05
0.0330076 0.0414005 0.0344178 0.0328608 0.033302 0.564951 0.0520952 0.0694489 0.138516
0.021518 0.0267677 0.00521258 0.83962 9.9991E-05 0.0166383 0.0176688 0.0227988 0.0496756
0.999201 9.993E-05 9.993E-05 9.993E-05 9.993E-05 9.993E-05 9.993E-05 9.993E-05 9.993E-05
9.993E-05 9.993E-05 9.993E-05 9.993E-05 9.993E-05 9.993E-05 0.999201 9.993E-05 9.993E-05
0.741998 0.0183841 0.0191402 0.0206726 0.0349524 0.0358761 0.0343013 0.0336014 0.0610743
0.0157104 9.9991E-05 0.0103589 0.00366611 0.0230567 0.00995763 0.555997 0.242652 0.138502
0.0415423 0.107337 0.0160627 0.0469914 0.0525307 0.0145124 0.0530124 0.0994446 0.568566
9.993E-05 9.993E-05 0.999201 9.993E-05 9.993E-05 9.993E-05 9.993E-05 9.993E-05 9.993E-05
0.0591296 0.0754456 0.0530325 0.0449119 0.0453052 0.0809954 0.0461157 0.248421 0.346643
0.0225583 0.106945 0.057501 0.0453176 0.0588428 0.016695 0.0493234 0.0906169 0.5522
0.0249323 0.019588 0.0178208 0.0363842 0.0360351 0.041661 0.0148484 0.0769608 0.731769
0.0229626 0.0341715 0.0309912 0.0272823 0.0299122 0.00673152 0.0170239 0.0364919 0.794433
0.0435642 0.0171059 0.0165043 0.0308587 0.0316738 0.0567599 0.0521875 0.590536 0.16081
0.0596173 0.0475508 0.0567439 0.0646562 0.0632195 0.0493866 0.0383539 0.222144 0.398328
0.00838503 0.822518 0.0201225 0.0255229 0.0159957 0.0319316 9.9991E-05 0.0228485 0.052576
0.0129337 0.00150936 0.0161411 0.00077808 9.9982E-05 0.0183261 0.0108207 9.9982E-05 0.939291
0.0117389 0.937577 0.00607121 9.9991E-05 0.00557019 0.00502077 0.0167395 0.0101595 0.0070232
9.993E-05 9.993E-05 9.993E-05 9.993E-05 9.993E-05 9.993E-05 9.993E-05 9.993E-05 0.999201
0.00701193 0.00341554 9.9973E-05 9.9973E-05 0.949418 0.0174296 0.00165705 0.0207679 9.9973E-05
9.993E-05 9.993E-05 9.993E-05 9.993E-05 0.999201 9.993E-05 9.993E-05 9.993E-05 9.993E-05
9.993E-05 9.993E-05 9.993E-05 9.993E-05 9.993E-05 0.999201 9.993E-05 9.993E-05 9.993E-05
9.9964E-05 9.9964E-05 0.00580569 9.9964E-05 0.00863713 0.917281 9.9964E-05 0.0343638 0.033512
9.9946E-05 9.9946E-05 9.9946E-05 0.996883 0.00199737 0.000519825 9.9946E-05 9.9946E-05 9.9946E-05
0.999201 9.993E-05 9.993E-05 9.993E-05 9.993E-05 9.993E-05 9.993E-05 9.993E-05 9.993E-05
9.993E-05 9.993E-05 9.993E-05 9.993E-05 9.993E-05 9.993E-05 0.999201 9.993E-05 9.993E-05
0.999201 9.993E-05 9.993E-05 9.993E-05 9.993E-05 9.993E-05 9.993E-05 9.993E-05 9.993E-05
0.00989136 9.9991E-05 0.0276295 0.00322092 0.0250552 0.00741878 0.56822 0.215473 0.142992
0.0922319 0.040759 0.0518791 0.0332627 0.0623421 0.0402473 0.0220281 0.213647 0.443603
0.00545786 9.9973E-05 0.980994 0.00232309 0.00264172 9.9973E-05 9.9973E-05 0.0013001 0.00698376
0.0597627 0.0853781 0.0582651 0.053699 0.0435607 0.0815642 0.0441448 0.241457 0.332168
0.0604473 0.0906979 0.0392619 0.0575547 0.0424439 0.0478221 0.0606309 0.107696 0.493445
0.0128138 0.0137225 0.0171606 0.0430989 0.0309005 0.0224701 0.0110415 0.0950079 0.753784
0.0331112 0.0420554 0.00631959 0.0256482 0.0199494 0.0190731 0.0171007 0.0576263 0.779116
9.993E-05 9.993E-05 9.993E-05 9.993E-05 9.993E-05 9.993E-05 9.993E-05 0.999201 9.993E-05
0.0710435 0.0521462 0.0473831 0.0472387 0.0601037 0.0727981 0.0483144 0.192984 0.407988
0.00116889 0.819985 0.0286423 0.0190224 0.0242549 0.0274813 0.0115836 0.0355062 0.0323558
9.99369E-05 9.99369E-05 9.99369E-05 9.99369E-05 9.99369E-05 0.0143138 9.99369E-05 9.99369E-05 0.984987
9.993E-05 0.999201 9.993E-05 9.993E-05 9.993E-05 9.993E-05 9.993E-05 9.993E-05 9.993E-05
9.9937E-05 9.9937E-05 9.9937E-05 0.0040721 9.9937E-05 9.9937E-05 9.9937E-05 9.9937E-05 0.995228
9.9964E-05 0.0157542 0.00659135 9.9964E-05 0.962211 0.00955169 0.00549218 9.9964E-05 9.9964E-05
9.993E-05 9.993E-05 9.993E-05 9.993E-05 0.999201 9.993E-05 9.993E-05 9.993E-05 9.993E-05
9.993E-05 9.993E-05 9.993E-05 9.993E-05 9.993E-05 0.999201 9.993E-05 9.993E-05 9.993E-05
9.993E-05 9.993E-05 9.993E-05 9.993E-05 9.993E-05 0.999201 9.993E-05 9.993E-05 9.993E-05
0.00353938 0.0103087 9.9973E-05 0.971886 0.00746978 9.9973E-05 0.00274234 0.00375381 9.9973E-05
0.966303 0.00176475 0.00230196 0.00369599 9.9982E-05 0.00126744 0.013884 0.0105826 9.9982E-05
0.0348061 0.0476671 0.0154637 0.0541623 0.0549817 0.0473777 0.377149 0.138272 0.230119
0.964853 9.9964E-05 9.9964E-05 0.00551881 9.9964E-05 0.0053332 9.9964E-05 0.00560945 0.0182857
0.00192731 0.00338794 0.98612 9.9964E-05 9.9964E-05 0.000914082 9.9964E-05 9.9964E-05 0.00725071
0.0300348 0.130118 0.0409623 0.0292292 0.065882 0.0460021 0.0645043 0.0909335 0.502333
0.0596027 0.0807251 0.0631139 0.0528839 0.0406929 0.0766391 0.0470343 0.244367 0.334941
0.0648043 0.0829727 0.0367679 0.0664949 0.0667324 0.0313978 0.0726151 0.150518 0.427697
0.0264169 0.0188193 0.0160483 0.0372811 0.0392217 0.0302027 0.0237381 0.0696709 0.738601
0.0378296 0.0343864 0.0291624 0.0335375 0.0259785 0.00427268 0.051934 0.0780534 0.704846
9.993E-05 9.993E-05 9.993E-05 9.993E-05 9.993E-05 9.993E-05 9.993E-05 0.999201 9.993E-05
9.993E-05 9.993E-05 9.993E-05 9.993E-05 9.993E-05 9.993E-05 9.993E-05 0.999201 9.993E-05
0.0808085 0.0334943 0.0334307 0.0590258 0.0354842 0.0405745 0.0270926 0.260942 0.429148
0.00272254 0.84982 0.0211454 0.0198797 0.0167705 0.0228777 9.9991E-05 0.024683 0.0420011
9.993E-05 9.993E-05 9.993E-05 9.993E-05 9.993E-05 9.993E-05 9.993E-05 9.993E-05 0.999201
9.993E-05 0.999201 9.993E-05 9.993E-05 9.993E-05 9.993E-05 9.993E-05 9.993E-05 9.993E-05
9.9946E-05 9.9946E-05 9.9946E-05 0.00670473 9.9946E-05 9.9946E-05 0.00139099 9.9946E-05 0.991305
9.9955E-05 0.0028086 9.9955E-05 9.9955E-05 0.990989 9.9955E-05 0.00262093 0.00308194 9.9955E-05
0.0026198 9.9964E-05 0.0129503 9.9964E-05 0.0063567 0.943595 9.9964E-05 0.034078 9.9964E-05
9.993E-05 9.993E-05 9.993E-05 0.999201 9.993E-05 9.993E-05 9.993E-05 9.993E-05 9.993E-05
0.0431167 0.0153381 0.0301623 0.490406 0.053435 0.0581101 0.0242471 0.0651038 0.220081
0.0397801 0.0511811 0.0427521 0.0285347 0.0676701 0.0590864 0.290014 0.134859 0.286122
0.999201 9.993E-05 9.993E-05 9.993E-05 9.993E-05 9.993E-05 9.993E-05 9.993E-05 9.993E-05
9.993E-05 9.993E-05 9.993E-05 9.993E-05 9.993E-05 9.993E-05 0.999201 9.993E-05 9.993E-05
0.869111 0.0182294 0.0119856 0.00766575 0.0119448 0.0314362 0.0110258 0.0157037 0.0228977
9.993E-05 9.993E-05 0.999201 9.993E-05 9.993E-05 9.993E-05 9.993E-05 9.993E-05 9.993E-05
0.0523984 0.12052 0.0478273 0.0541575 0.0556748 0.0512645 0.0563785 0.106745 0.455034
0.0611466 0.0857838 0.0511661 0.0492779 0.0467781 0.0879195 0.0764819 0.210348 0.331098
0.0629722 0.0824367 0.0567641 0.0520216 0.0638799 0.047528 0.0540404 0.138805 0.441552
0.0237738 0.0395357 0.0233841 0.0409778 0.0107047 0.00428113 0.0412207 0.0730519 0.74307
0.0331137 0.0119733 0.0200171 0.00141789 0.0312872 0.0040029 0.020081 0.00594387 0.872163
9.993E-05 9.993E-05 9.993E-05 9.993E-05 9.993E-05 9.993E-05 9.993E-05 0.999201 9.993E-05
0.0187429 0.0219836 0.0190238 0.0161552 0.013207 0.0397573 0.0108872 0.812228 0.0480152
0.0727635 0.0406836 0.046697 0.0579222 0.0390385 0.0218085 0.0319689 0.266841 0.422276
0.00971992 0.80438 0.0234377 0.0263722 0.0173629 0.0230669 9.9991E-05 0.0575203 0.0380401
9.9937E-05 9.9937E-05 9.9937E-05 9.9937E-05 9.9937E-05 0.00632267 9.9937E-05 9.9937E-05 0.992978
9.993E-05 0.999201 9.993E-05 9.993E-05 9.993E-05 9.993E-05 9.993E-05 9.993E-05 9.993E-05
9.993E-05 9.993E-05 9.993E-05 9.993E-05 0.999201 9.993E-05 9.993E-05 9.993E-05 9.993E-05
