9.997E-05 0.9996 9.997E-05 9.997E-05 9.997E-05
0.0357121 0.00415612 0.00942991 0.950602 9.9991E-05
0.0420913 0.00125821 0.00599465 0.950556 9.9991E-05
0.9996 9.997E-05 9.997E-05 9.997E-05 9.997E-05
0.9996 9.997E-05 9.997E-05 9.997E-05 9.997E-05
0.729909 0.0722521 0.0710836 0.0885355 0.0382201
9.997E-05 9.997E-05 0.9996 9.997E-05 9.997E-05
0.963371 9.9973E-05 9.9973E-05 0.036329 9.9973E-05
0.650639 0.059292 0.0879369 0.0515824 0.15055
0.947847 0.0019556 0.00413504 0.0459625 9.9991E-05
0.628282 0.0875246 0.0819783 0.0782036 0.124011
0.609952 0.0571651 0.0980485 0.116917 0.117917
0.793857 0.0336546 0.0952594 0.0265394 0.0506895
0.832313 0.00619099 0.0876185 0.00378853 0.0700895
0.365158 0.0165393 0.558707 0.0334838 0.026112
0.807469 0.0134426 0.0515437 0.0575688 0.069976
0.812311 0.0146139 0.0347918 0.0825347 0.0557486
0.642362 0.065093 0.116721 0.0913501 0.0844743
0.129012 0.0316253 0.00911195 0.0302408 0.80001
0.705068 0.057585 0.0687509 0.0728801 0.0957156
9.9973E-05 9.9973E-05 9.9973E-05 0.00206897 0.997631
0.82009 0.0290904 0.0491041 0.0366437 0.0650715
0.0437128 0.927038 0.0216437 0.00750573 9.9991E-05
9.997E-05 9.997E-05 9.997E-05 0.9996 9.997E-05
0.0428407 0.0100303 0.0246278 0.922401 9.9991E-05
0.9996 9.997E-05 9.997E-05 9.997E-05 9.997E-05
9.997E-05 9.997E-05 0.9996 9.997E-05 9.997E-05
0.952406 9.9982E-05 9.9982E-05 0.0448843 0.00250998
0.0422372 0.0196612 0.934803 0.00319811 9.9991E-05
0.934072 9.9982E-05 9.9982E-05 0.0547126 0.0110156
0.698019 0.0604243 0.0728527 0.0290306 0.139673
0.983207 9.9973E-05 9.9973E-05 0.0164932 9.9973E-05
0.571568 0.0911024 0.119008 0.104817 0.113504
0.806823 0.038061 0.0925992 0.00985989 0.0526569
0.802418 0.0128099 0.0942924 0.0162162 0.0742634
0.674101 0.0756314 0.0851796 0.0642388 0.100849
0.809704 0.0162945 0.0364518 0.0571493 0.080401
0.730082 0.0452412 0.0689189 0.0569113 0.0988469
0.784578 0.0309468 0.0563039 0.051341 0.0768298
9.997E-05 9.997E-05 9.997E-05 9.997E-05 0.9996
0.733346 0.0643015 0.0539901 0.0590092 0.0893529
9.997E-05 0.9996 9.997E-05 9.997E-05 9.997E-05
0.0372111 0.950706 0.0102365 9.9991E-05 0.00174695
9.997E-05 9.997E-05 9.997E-05 0.9996 9.997E-05
0.0812207 0.0125166 0.0184654 0.885128 0.00266895
0.9996 9.997E-05 9.997E-05 9.997E-05 9.997E-05
9.997E-05 9.997E-05 0.9996 9.997E-05 9.997E-05
0.89912 0.0279614 0.0219045 0.0483809 0.0026329
9.997E-05 9.997E-05 0.9996 9.997E-05 9.997E-05
0.890255 0.0385966 0.0170191 0.0540292 9.9991E-05
0.676905 0.0622043 0.0889475 0.0370455 0.134898
0.963524 0.00809712 0.00780032 0.0204788 9.9991E-05
0.632767 0.0799144 0.0889239 0.0515576 0.146837
0.790088 0.0371023 0.089551 0.0216954 0.0615637
0.785391 0.0351425 0.07667 0.0251909 0.0776059
0.691851 0.0666622 0.0979356 0.0648733 0.0786778
0.809069 0.0128544 0.0321577 0.0631199 0.0827987
0.386117 0.0565946 0.0690575 0.0703605 0.41787
0.768326 0.0322914 0.0644534 0.0625446 0.0723842
9.997E-05 9.997E-05 9.997E-05 9.997E-05 0.9996
0.818997 0.0306774 0.0384944 0.0366676 0.0751637
9.9973E-05 0.989677 9.9973E-05 0.0100234 9.9973E-05
0.0232559 0.964263 0.0122808 9.9982E-05 9.9982E-05
9.997E-05 9.997E-05 9.997E-05 0.9996 9.997E-05
0.303274 0.0405711 0.0374567 0.5692 0.0494983
0.9996 9.997E-05 9.997E-05 9.997E-05 9.997E-05
0.00304975 0.00606067 0.984126 9.9991E-05 0.00666381
0.915728 0.00193951 9.9991E-05 0.0632195 0.0190133
0.0944844 0.00717612 0.855699 0.0262266 0.0164135
0.90478 0.0225319 0.0194866 0.0430996 0.0101021
0.652825 0.0848955 0.0786664 0.0564848 0.127129
0.977824 9.9973E-05 9.9973E-05 0.0218759 9.9973E-05
0.636831 0.0687177 0.0902939 0.0657058 0.138452
0.726418 0.0543348 0.0958239 0.0434987 0.0799242
0.812454 0.00393896 0.0844882 0.00865335 0.0904655
0.818782 0.0073834 0.0245132 0.0898179 0.0595032
0.703976 0.0687363 0.0886259 0.0662528 0.0724092
0.414504 0.0545878 0.0663358 0.0886859 0.375887
0.772561 0.0376923 0.0615844 0.0559014 0.0722606
9.997E-05 9.997E-05 9.997E-05 9.997E-05 0.9996
0.768151 0.0396459 0.053964 0.0542485 0.0839909
9.9973E-05 0.998523 9.9973E-05 0.00117745 9.9973E-05
9.997E-05 0.9996 9.997E-05 9.997E-05 9.997E-05
9.997E-05 9.997E-05 9.997E-05 0.9996 9.997E-05
0.296953 0.0349904 0.0425772 0.580646 0.0448335
0.965091 9.9982E-05 0.0101325 9.9982E-05 0.0245762
9.997E-05 9.997E-05 0.9996 9.997E-05 9.997E-05
0.946628 9.9982E-05 9.9982E-05 0.0500697 0.0031025
0.152229 0.0286881 0.749056 0.0409849 0.0290422
0.909875 0.0327575 0.0154744 0.0417927 9.99998E-05
0.696719 0.0643168 0.0633623 0.0352628 0.140339
0.981209 9.9973E-05 9.9973E-05 0.018491 9.9973E-05
0.653113 0.0490785 0.0901132 0.0965326 0.111162
0.681608 0.0607015 0.0684275 0.0362096 0.153054
0.725982 0.0529831 0.0773559 0.0691545 0.0745247
0.741794 0.0543227 0.0878936 0.0334461 0.0825439
0.716089 0.0460744 0.0674627 0.0950312 0.0753423
0.684119 0.0696906 0.0904966 0.0742705 0.0814233
0.101368 0.0145662 0.00825542 0.0346711 0.841139
0.774756 0.0356059 0.0707431 0.0482802 0.0706143
0.0235564 0.00663133 0.0185561 0.00820905 0.943047
0.827834 0.0221501 0.0649025 0.0238477 0.0612653
0.00738227 0.960239 9.9991E-05 0.0201626 0.0121164
9.997E-05 0.9996 9.997E-05 9.997E-05 9.997E-05
9.997E-05 9.997E-05 9.997E-05 0.9996 9.997E-05
0.0591568 0.0114555 0.00833269 0.920955 9.9991E-05
0.9996 9.997E-05 9.997E-05 9.997E-05 9.997E-05
9.997E-05 9.997E-05 0.9996 9.997E-05 9.997E-05
0.954326 9.9973E-05 9.9973E-05 0.0453739 9.9973E-05
9.997E-05 9.997E-05 0.9996 9.997E-05 9.997E-05
0.918228 0.0192114 0.0157283 0.0467321 9.9991E-05
0.657418 0.0722281 0.11661 0.0670408 0.0867034
0.963238 0.00540661 0.0157332 0.0155219 9.9991E-05
0.644473 0.0505195 0.0774189 0.102572 0.125017
0.642282 0.0570726 0.0925137 0.0754194 0.132712
0.766274 0.054904 0.0679343 0.0472069 0.0636811
0.739343 0.0316079 0.0909788 0.0423533 0.095717
0.84728 0.00254646 0.0209435 0.0779635 0.051267
0.666336 0.0609302 0.104277 0.088696 0.0797603
0.0999599 0.0294248 0.00959855 0.0335298 0.827487
0.813011 0.0286046 0.0467969 0.04376 0.067828
9.997E-05 9.997E-05 9.997E-05 9.997E-05 0.9996
0.859609 0.0204865 0.0469211 0.00483475 0.0681483
0.0206189 0.962016 9.9991E-05 0.00789292 0.00937224
9.9973E-05 0.99344 0.00625966 9.9973E-05 9.9973E-05
9.997E-05 9.997E-05 9.997E-05 0.9996 9.997E-05
9.997E-05 9.997E-05 9.997E-05 0.9996 9.997E-05
0.9996 9.997E-05 9.997E-05 9.997E-05 9.997E-05
0.0193751 9.9991E-05 0.978929 0.0014807 0.000115084
0.748513 0.0573132 0.0465366 0.0730833 0.074554
0.0226069 9.9991E-05 0.968801 0.00363589 0.00485595
0.980136 0.00191183 9.9982E-05 0.0177523 9.9982E-05
0.630582 0.0807072 0.0594163 0.0602597 0.169035
0.648435 0.0479047 0.0850687 0.101534 0.117058
0.653688 0.078487 0.0962137 0.0524044 0.119207
0.769682 0.0535848 0.0745353 0.0494434 0.0527543
0.727045 0.056288 0.100062 0.0254248 0.0911803
0.794078 0.00814627 0.0337423 0.0677766 0.0962564
0.832681 0.00784669 0.0252832 0.0730759 0.0611136
0.709632 0.0402705 0.124152 0.0550828 0.0708624
0.0863287 0.0104017 0.00121163 0.0316179 0.87044
0.8272 0.0175725 0.0528256 0.0426017 0.0598
9.997E-05 9.997E-05 9.997E-05 9.997E-05 0.9996
0.842748 0.0174904 0.0610628 0.0128879 0.0658108
9.9973E-05 0.999257 9.9973E-05 9.9973E-05 0.000443232
0.0299317 0.00836089 0.00714974 0.954458 9.9991E-05
0.9996 9.997E-05 9.997E-05 9.997E-05 9.997E-05
0.81511 0.0508955 0.0491995 0.065265 0.0195296
0.710423 0.0678867 0.0538454 0.0902574 0.077587
9.997E-05 9.997E-05 0.9996 9.997E-05 9.997E-05
0.950166 9.9982E-05 9.9982E-05 0.0434536 0.00618006
0.0953793 0.0183106 0.859035 0.0205141 0.00676131
0.979237 9.9973E-05 9.9973E-05 0.0204628 9.9973E-05
0.633092 0.0639841 0.0756839 0.0682073 0.159032
0.633817 0.0509376 0.0910831 0.110949 0.113214
0.68482 0.0717707 0.072332 0.0470152 0.124063
0.763825 0.0292894 0.0787505 0.0340154 0.09412
0.753153 0.0588984 0.0962192 0.0262874 0.0654419
0.807212 0.00867291 0.0360197 0.0697249 0.0783701
0.773344 0.0318937 0.0548073 0.0751274 0.0648274
0.712388 0.041574 0.112171 0.0577459 0.0761217
0.13664 0.0196207 0.0133132 0.0267718 0.803655
0.80802 0.0306129 0.0485448 0.0491632 0.0636591
9.997E-05 9.997E-05 9.997E-05 9.997E-05 0.9996
9.997E-05 0.9996 9.997E-05 9.997E-05 9.997E-05
