0.9995 9.996E-05 9.996E-05 9.996E-05 9.996E-05 9.996E-05
0.00437481 0.947938 0.00205764 0.00734998 9.9991E-05 0.0381798
0.00535616 0.947175 0.000504525 9.9991E-05 0.00439139 0.0424728
9.996E-05 9.996E-05 0.9995 9.996E-05 9.996E-05 9.996E-05
9.996E-05 9.996E-05 0.9995 9.996E-05 9.996E-05 9.996E-05
0.0626958 0.0746498 0.0487661 0.0625495 0.0352681 0.716071
9.996E-05 9.996E-05 9.996E-05 0.9995 9.996E-05 9.996E-05
9.996E-05 9.996E-05 9.996E-05 9.996E-05 9.996E-05 0.9995
0.0798102 0.0379968 0.0810931 0.0918078 0.12985 0.579442
9.9964E-05 0.00757955 9.9964E-05 9.9964E-05 9.9964E-05 0.992021
0.0707243 0.0650362 0.0899556 0.0958381 0.121286 0.55716
0.0515996 0.0889341 0.0669513 0.105012 0.122061 0.565443
0.0340221 9.9991E-05 0.0629432 0.0868237 0.0513514 0.76476
0.0161641 9.9991E-05 0.0514445 0.0809125 0.0747795 0.776599
0.0260913 0.0227551 0.0241518 0.560918 0.0278927 0.338191
0.00621957 0.0457703 0.0625134 0.0421736 0.0667435 0.77658
0.00752299 0.0658128 0.0655921 0.0432809 0.0640728 0.753718
0.063687 0.0624976 0.0884321 0.112805 0.0849933 0.587585
0.0300065 0.0320159 0.0165437 0.020737 0.798096 0.102601
0.0511608 0.0429565 0.0660563 0.0667819 0.0888402 0.684204
9.9973E-05 0.00210851 0.0037145 9.9973E-05 0.993877 9.9973E-05
0.0286259 0.00801665 0.0724916 0.0501178 0.0613646 0.779383
0.925703 0.0119783 0.0143113 0.0181718 9.9991E-05 0.0297355
9.996E-05 0.9995 9.996E-05 9.996E-05 9.996E-05 9.996E-05
0.0109471 0.920347 9.9982E-05 0.0138435 9.9982E-05 0.0546622
9.996E-05 9.996E-05 0.9995 9.996E-05 9.996E-05 9.996E-05
9.996E-05 9.996E-05 9.996E-05 0.9995 9.996E-05 9.996E-05
9.996E-05 9.996E-05 9.996E-05 9.996E-05 9.996E-05 0.9995
0.00972866 0.0127196 0.00591853 0.941621 0.0027449 0.0272672
9.9964E-05 0.00569541 9.9964E-05 9.9964E-05 9.9964E-05 0.993905
0.0590405 0.0212948 0.0755933 0.0743659 0.136016 0.63369
9.996E-05 9.996E-05 9.996E-05 9.996E-05 9.996E-05 0.9995
0.0918046 0.0957063 0.094583 0.106687 0.108475 0.502745
0.0366469 9.9991E-05 0.0614359 0.0918456 0.0628953 0.747076
0.0168254 9.9991E-05 0.0502785 0.0844549 0.0879234 0.760418
0.0738466 0.0454431 0.0741106 0.0857145 0.0885671 0.632318
0.0143382 0.0411731 0.0703141 0.0377438 0.078733 0.757698
0.041137 0.041136 0.0832547 0.0782677 0.095572 0.660633
0.0260273 0.0283043 0.0551057 0.0601013 0.0651404 0.765321
9.996E-05 9.996E-05 9.996E-05 9.996E-05 0.9995 9.996E-05
0.0529701 0.0416568 0.056747 0.0610162 0.0868333 0.700777
0.9995 9.996E-05 9.996E-05 9.996E-05 9.996E-05 9.996E-05
0.958718 9.9991E-05 0.00608204 0.0105461 0.00578719 0.0187669
9.996E-05 0.9995 9.996E-05 9.996E-05 9.996E-05 9.996E-05
0.0183514 0.875366 0.00757207 0.0137667 0.00768541 0.0772584
9.996E-05 9.996E-05 0.9995 9.996E-05 9.996E-05 9.996E-05
9.996E-05 9.996E-05 9.996E-05 0.9995 9.996E-05 9.996E-05
0.0199437 0.013362 0.000686668 0.0207723 9.9991E-05 0.945135
9.996E-05 9.996E-05 9.996E-05 0.9995 9.996E-05 9.996E-05
0.0245968 0.0202385 0.00281565 0.0187069 9.9991E-05 0.933542
0.0633514 0.0312748 0.0717264 0.0888157 0.134586 0.610245
9.99706E-05 9.99706E-05 9.99706E-05 0.000459085 9.99706E-05 0.999141
0.062096 0.0378458 0.0921952 0.0808626 0.144297 0.582703
0.0399973 0.0158027 0.0633025 0.0771368 0.0635302 0.740231
0.0282698 0.010647 0.0582776 0.0664766 0.0713365 0.764992
0.062227 0.0734198 0.0861357 0.0997264 0.0848698 0.593621
0.00346255 0.0512275 0.0602117 0.038195 0.0790786 0.767825
0.0420036 0.0658243 0.0533977 0.0574553 0.407937 0.373382
0.026537 0.0548589 0.0535274 0.0704674 0.0603525 0.734257
9.996E-05 9.996E-05 9.996E-05 9.996E-05 0.9995 9.996E-05
0.0218999 0.0202039 0.0448292 0.0382436 0.0529826 0.821841
0.987589 0.00888073 9.9973E-05 9.9973E-05 0.00323036 9.9973E-05
0.953703 9.9982E-05 0.0192888 0.00923674 9.9982E-05 0.0175714
9.996E-05 0.9995 9.996E-05 9.996E-05 9.996E-05 9.996E-05
0.0386889 0.561992 0.0434586 0.0347083 0.0397366 0.281415
0.00994843 0.00339989 0.973534 0.00238688 0.000285387 0.0104453
0.00387261 9.9982E-05 9.9982E-05 0.981049 0.00764012 0.00723835
9.9973E-05 0.0167882 9.9973E-05 9.9973E-05 0.0051673 0.977745
0.0184623 0.0177277 0.00443643 0.857204 0.0159333 0.0862358
0.0169031 0.00921665 9.9982E-05 0.0109191 9.9982E-05 0.962761
0.0671126 0.0386726 0.0796731 0.0855495 0.141391 0.587601
9.996E-05 9.996E-05 9.996E-05 9.996E-05 9.996E-05 0.9995
0.0695777 0.0555107 0.0800768 0.0786539 0.142342 0.573839
0.05592 0.034054 0.0732041 0.0975275 0.0723832 0.666911
0.00774519 9.9991E-05 0.0521424 0.0758728 0.0854611 0.778679
0.0135386 0.0605211 0.0637483 0.0422816 0.0658901 0.75402
0.0638134 0.0650565 0.104981 0.090999 0.0768043 0.598346
0.0588366 0.0615579 0.0589693 0.0597997 0.366933 0.393904
0.0196499 0.0424576 0.0528388 0.0588574 0.0690384 0.757158
9.996E-05 9.996E-05 9.996E-05 9.996E-05 0.9995 9.996E-05
0.0288908 0.0382199 0.0653418 0.0525453 0.0824707 0.732532
0.9995 9.996E-05 9.996E-05 9.996E-05 9.996E-05 9.996E-05
0.9995 9.996E-05 9.996E-05 9.996E-05 9.996E-05 9.996E-05
9.996E-05 0.9995 9.996E-05 9.996E-05 9.996E-05 9.996E-05
0.0389195 0.565992 0.0364128 0.0293816 0.0449963 0.284298
0.0128593 0.016628 0.846192 0.0229538 0.0320753 0.0692915
9.996E-05 9.996E-05 9.996E-05 0.9995 9.996E-05 9.996E-05
9.996E-05 9.996E-05 9.996E-05 9.996E-05 9.996E-05 0.9995
0.0177984 0.0466196 0.0182531 0.755274 0.0235321 0.138523
0.0102881 0.00493314 9.9982E-05 0.00693009 9.9982E-05 0.977649
0.0711183 0.0155546 0.0809816 0.0757212 0.147077 0.609547
9.996E-05 9.996E-05 9.996E-05 9.996E-05 9.996E-05 0.9995
0.0544984 0.0877396 0.0710926 0.0852941 0.103504 0.597872
0.0557877 0.028041 0.0740225 0.0794494 0.144113 0.618587
0.0458053 0.0533839 0.085936 0.0765429 0.0655892 0.672743
0.0494961 0.0154835 0.0759347 0.0740534 0.0913509 0.693681
0.0399865 0.0790903 0.074892 0.0624059 0.0629232 0.680702
0.0718643 0.0603868 0.0922259 0.0922445 0.0879554 0.595323
0.0150778 0.038372 0.0213929 0.00428756 0.830334 0.0905357
0.034166 0.0184032 0.0507251 0.0672161 0.0586391 0.77085
9.9982E-05 0.00712418 9.9982E-05 0.0121049 0.949351 0.0312199
0.00890108 9.9991E-05 0.0762467 0.0544122 0.0690887 0.791251
0.957804 0.00660886 9.9982E-05 9.9982E-05 0.00857847 0.026809
0.9995 9.996E-05 9.996E-05 9.996E-05 9.996E-05 9.996E-05
9.996E-05 0.9995 9.996E-05 9.996E-05 9.996E-05 9.996E-05
0.0154204 0.912818 0.00916089 0.00884638 0.012845 0.0409093
9.996E-05 9.996E-05 0.9995 9.996E-05 9.996E-05 9.996E-05
9.996E-05 9.996E-05 9.996E-05 0.9995 9.996E-05 9.996E-05
9.996E-05 9.996E-05 9.996E-05 9.996E-05 9.996E-05 0.9995
9.996E-05 9.996E-05 9.996E-05 0.9995 9.996E-05 9.996E-05
0.0153571 0.00506256 9.9982E-05 0.00403237 9.9982E-05 0.975348
0.0727672 0.0439262 0.0726937 0.123393 0.0791506 0.60807
9.996E-05 9.996E-05 9.996E-05 9.996E-05 9.996E-05 0.9995
0.0419985 0.0806759 0.079307 0.0811402 0.10855 0.608329
0.0546232 0.0492252 0.0867834 0.0927179 0.124741 0.59191
0.0496393 0.0319801 0.0953326 0.0735089 0.0553501 0.694189
0.03809 0.0310503 0.0723795 0.0849137 0.091393 0.682173
9.9991E-05 0.0549524 0.0539387 0.0302123 0.0587183 0.802078
0.0723806 0.0656637 0.0772948 0.11203 0.0805864 0.592045
0.0152501 0.0313287 0.019142 0.0121398 0.825277 0.0968627
0.0216333 0.0316555 0.0505683 0.0524112 0.055429 0.788303
9.996E-05 9.996E-05 9.996E-05 9.996E-05 0.9995 9.996E-05
0.0145686 9.9991E-05 0.0754029 0.0515776 0.0676988 0.790652
0.965128 0.0130772 9.9982E-05 9.9982E-05 0.0146899 0.006905
0.995886 9.9964E-05 0.00371392 9.9964E-05 9.9964E-05 9.9964E-05
9.996E-05 0.9995 9.996E-05 9.996E-05 9.996E-05 9.996E-05
9.996E-05 0.9995 9.996E-05 9.996E-05 9.996E-05 9.996E-05
0.00432259 0.00428922 0.986808 9.9982E-05 0.00438061 9.9982E-05
9.9973E-05 0.0108582 0.00222408 0.986618 9.9973E-05 9.9973E-05
0.0611759 0.0391666 0.0595078 0.0509131 0.0674558 0.721781
9.9982E-05 0.0110603 0.00128849 0.974313 9.9982E-05 0.0131386
0.0013821 9.9964E-05 9.9964E-05 9.9964E-05 9.9964E-05 0.998218
0.0812975 0.0489893 0.0571962 0.0674611 0.16932 0.575736
0.0489587 0.0917181 0.0771739 0.0891757 0.117591 0.575383
0.068241 0.0381188 0.0895333 0.107666 0.106713 0.589727
0.0537608 0.0293521 0.100475 0.0765254 0.0476561 0.692231
0.0537333 0.0187702 0.0833958 0.0923636 0.072554 0.679183
0.0105664 0.0478048 0.0667764 0.0351803 0.0850074 0.754665
0.00227788 0.0593071 0.0535159 0.0292133 0.0535689 0.802117
0.0438862 0.0500775 0.090334 0.117316 0.0715525 0.626834
0.0144959 0.025223 0.0144822 0.00566561 0.860785 0.079348
0.017655 0.0165358 0.0421633 0.0361939 0.0528493 0.834603
9.996E-05 9.996E-05 9.996E-05 9.996E-05 0.9995 9.996E-05
0.0217454 9.9991E-05 0.0698797 0.0556138 0.0612389 0.791422
0.993681 0.00258215 9.9973E-05 9.9973E-05 0.00343677 9.9973E-05
0.00577785 0.96555 0.00391569 0.000232256 9.9991E-05 0.0244245
9.996E-05 9.996E-05 0.9995 9.996E-05 9.996E-05 9.996E-05
0.047056 0.0698657 0.517613 0.0506579 0.0302318 0.284575
0.0644211 0.0711814 0.0500198 0.0437886 0.0597202 0.710869
9.996E-05 9.996E-05 9.996E-05 0.9995 9.996E-05 9.996E-05
9.996E-05 9.996E-05 9.996E-05 9.996E-05 9.996E-05 0.9995
0.0260276 0.0181967 0.00323143 0.862891 0.0148386 0.074815
9.996E-05 9.996E-05 9.996E-05 9.996E-05 9.996E-05 0.9995
0.0602298 0.0538813 0.0932012 0.0745317 0.151907 0.566249
0.0582958 0.101651 0.0748254 0.0896152 0.115308 0.560305
0.0618726 0.0528284 0.0842833 0.0838077 0.132986 0.584222
0.0356027 0.0108863 0.0945158 0.0805504 0.0839662 0.694479
0.0501519 0.00709962 0.0569578 0.0883275 0.0657821 0.731681
0.0076786 0.0516645 0.0668413 0.0436659 0.0625731 0.767577
0.0294022 0.0753029 0.0684054 0.0507184 0.0717145 0.704457
0.0395649 0.0361011 0.0887895 0.111532 0.0786739 0.645339
0.0195588 0.0298524 0.0270216 0.0260625 0.799509 0.0979959
0.0286288 0.029548 0.0541744 0.0435742 0.0327399 0.811335
9.996E-05 9.996E-05 9.996E-05 9.996E-05 0.9995 9.996E-05
0.9995 9.996E-05 9.996E-05 9.996E-05 9.996E-05 9.996E-05
