9.995E-05 9.995E-05 9.995E-05 9.995E-05 9.995E-05 0.9994 9.995E-05
9.9973E-05 0.00730335 0.0225432 9.9973E-05 0.956631 9.9973E-05 0.0132225
9.9982E-05 0.0243062 0.00598978 0.012577 0.953918 9.9982E-05 0.00300909
0.9994 9.995E-05 9.995E-05 9.995E-05 9.995E-05 9.995E-05 9.995E-05
0.9994 9.995E-05 9.995E-05 9.995E-05 9.995E-05 9.995E-05 9.995E-05
0.0338111 0.697671 0.0389602 0.0345624 0.0677806 0.0655248 0.0616897
9.995E-05 9.995E-05 9.995E-05 9.995E-05 9.995E-05 9.995E-05 0.9994
9.995E-05 0.9994 9.995E-05 9.995E-05 9.995E-05 9.995E-05 9.995E-05
0.0540276 0.601449 0.0299792 0.12207 0.0369166 0.0651176 0.0904399
9.9955E-05 9.9955E-05 0.988659 9.9955E-05 0.0108412 9.9955E-05 9.9955E-05
0.0869173 0.522299 0.0666655 0.108584 0.0650895 0.0685775 0.0818668
0.0633633 0.510707 0.0715314 0.113973 0.0915443 0.0570496 0.0918306
0.0492174 0.797489 0.0062077 0.029086 0.00913498 0.0328351 0.0760298
0.0272877 0.840821 0.00333708 0.0569131 9.9991E-05 0.00460403 0.0669375
0.0160054 0.312596 0.048132 0.0181822 0.0343817 0.0235081 0.547195
0.0466613 0.728016 0.0818932 0.0573297 0.0440638 0.0122905 0.0297454
0.0658723 0.715026 0.0725185 0.0449436 0.0587036 0.00991365 0.0330227
0.0863896 0.55382 0.0570152 0.0718304 0.0682909 0.0626721 0.0999814
0.0216867 0.0604849 0.0318419 0.809344 0.0395929 0.0206383 0.0164115
0.0696567 0.656864 0.0393555 0.0681981 0.0457252 0.0507665 0.0694343
9.9964E-05 0.0105746 9.9964E-05 0.986161 0.00286501 9.9964E-05 9.9964E-05
0.0581023 0.786345 0.0217638 0.058646 0.0130497 0.0209713 0.0411215
0.00469884 0.054144 9.9991E-05 0.0032189 0.000387147 0.925001 0.0124497
9.995E-05 9.995E-05 9.995E-05 9.995E-05 0.9994 9.995E-05 9.995E-05
9.99924E-05 0.0157774 0.0209934 0.000316163 0.929558 0.00936006 0.0238951
0.9994 9.995E-05 9.995E-05 9.995E-05 9.995E-05 9.995E-05 9.995E-05
9.995E-05 9.995E-05 9.995E-05 9.995E-05 9.995E-05 9.995E-05 0.9994
9.995E-05 0.9994 9.995E-05 9.995E-05 9.995E-05 9.995E-05 9.995E-05
9.999E-05 0.0153259 0.0108166 0.00539451 0.0133997 0.0159945 0.938969
9.995E-05 0.9994 9.995E-05 9.995E-05 9.995E-05 9.995E-05 9.995E-05
0.0580003 0.663936 0.0129678 0.131756 0.0145156 0.0572742 0.0615507
9.995E-05 9.995E-05 0.9994 9.995E-05 9.995E-05 9.995E-05 9.995E-05
0.0819201 0.458218 0.0757304 0.107758 0.0774408 0.101536 0.0973964
0.0486508 0.796876 0.0143716 0.0336917 9.9991E-05 0.0279392 0.0783705
0.0366278 0.814471 0.000490131 0.0655783 9.9991E-05 0.0056556 0.0770776
0.0568559 0.597167 0.0626836 0.0824864 0.049002 0.0699012 0.081904
0.0558201 0.706151 0.0835945 0.0627603 0.0465079 0.0136571 0.0315093
0.0757358 0.610658 0.077999 0.0913654 0.0397871 0.0346967 0.0697577
0.0416268 0.793781 0.0372999 0.0551371 0.0127934 0.0171341 0.0422275
9.995E-05 9.995E-05 9.995E-05 0.9994 9.995E-05 9.995E-05 9.995E-05
0.0684093 0.669889 0.0385058 0.0756269 0.0391091 0.0614718 0.0469886
9.995E-05 9.995E-05 9.995E-05 9.995E-05 9.995E-05 0.9994 9.995E-05
0.0128122 0.019648 0.0026136 0.00454169 9.9991E-05 0.950319 0.00996535
9.995E-05 9.995E-05 9.995E-05 9.995E-05 0.9994 9.995E-05 9.995E-05
0.00427223 0.0564041 0.0151221 0.00971142 0.881614 0.0159905 0.0168857
0.9994 9.995E-05 9.995E-05 9.995E-05 9.995E-05 9.995E-05 9.995E-05
9.995E-05 9.995E-05 9.995E-05 9.995E-05 9.995E-05 9.995E-05 0.9994
9.9973E-05 0.962532 0.0106702 9.9973E-05 0.00838769 0.0181105 9.9973E-05
9.995E-05 9.995E-05 9.995E-05 9.995E-05 9.995E-05 9.995E-05 0.9994
9.9982E-05 0.957266 0.0118768 9.9982E-05 0.00250591 0.0249494 0.00320186
0.0721386 0.613155 0.0311812 0.115353 0.0138598 0.0616788 0.0926337
0.0101051 9.9981E-05 0.987204 9.9981E-05 0.00170283 9.9981E-05 0.000687746
0.0707634 0.561453 0.0584738 0.132507 0.0409542 0.0541888 0.0816598
0.0550951 0.751922 0.0196981 0.0509972 0.0135089 0.0345073 0.0742711
0.0406642 0.780858 0.0105004 0.063262 0.0128503 0.0269958 0.0648696
0.06479 0.558274 0.0891584 0.0634244 0.058762 0.0743105 0.0912806
0.0574916 0.7091 0.0754695 0.0695277 0.058808 0.0028941 0.0267091
0.0546999 0.310716 0.0510661 0.413145 0.0748782 0.0395624 0.0559324
0.062637 0.717439 0.0348527 0.0655638 0.0395681 0.0317539 0.0481859
9.995E-05 9.995E-05 9.995E-05 0.9994 9.995E-05 9.995E-05 9.995E-05
0.0331495 0.819611 0.0400235 0.0399608 0.0185242 0.0200482 0.0286825
9.9964E-05 9.9964E-05 9.9964E-05 0.00726747 0.0141935 0.978139 9.9964E-05
0.0124626 0.0181507 9.9973E-05 9.9973E-05 9.9973E-05 0.96213 0.00695702
9.995E-05 9.995E-05 9.995E-05 9.995E-05 0.9994 9.995E-05 9.995E-05
0.034851 0.245016 0.0467452 0.039422 0.564007 0.0411324 0.0288269
0.965666 0.0217228 9.9982E-05 9.9982E-05 0.000950459 0.00797393 0.00348684
9.9973E-05 0.00397814 0.0111601 9.9973E-05 9.9973E-05 0.00839823 0.976164
9.9955E-05 0.994654 9.9955E-05 9.9955E-05 0.00484655 9.9955E-05 9.9955E-05
0.00379203 0.0674662 0.0180504 0.0221545 0.0237973 0.0195616 0.845178
9.9964E-05 0.998198 0.000677368 9.9964E-05 9.9964E-05 0.000724551 9.9964E-05
0.0606672 0.583219 0.0313699 0.136299 0.0344394 0.0686221 0.0853833
9.995E-05 9.995E-05 0.9994 9.995E-05 9.995E-05 9.995E-05 9.995E-05
0.0760897 0.540265 0.0719356 0.122523 0.046063 0.0610164 0.0821072
0.061858 0.671412 0.0353277 0.0681116 0.0263632 0.0480105 0.0889168
0.0310064 0.837165 9.9982E-05 0.0668784 9.9982E-05 0.00152512 0.0632256
0.0586605 0.71191 0.0657918 0.0472933 0.0733964 0.0161307 0.0268178
0.098154 0.529138 0.0871488 0.0616159 0.0619718 0.0686961 0.0932753
0.0543369 0.326581 0.0563322 0.367853 0.0601886 0.0681414 0.0665675
0.0385509 0.766237 0.0287651 0.0562514 0.0411476 0.0220984 0.0469501
9.995E-05 9.995E-05 9.995E-05 0.9994 9.995E-05 9.995E-05 9.995E-05
0.0535507 0.738307 0.0333979 0.0693119 0.0299509 0.0336638 0.0418173
9.995E-05 9.995E-05 9.995E-05 9.995E-05 9.995E-05 0.9994 9.995E-05
9.995E-05 9.995E-05 9.995E-05 9.995E-05 9.995E-05 0.9994 9.995E-05
9.995E-05 9.995E-05 9.995E-05 9.995E-05 0.9994 9.995E-05 9.995E-05
0.0451325 0.232717 0.0359726 0.036035 0.565831 0.0414327 0.0428794
0.841759 0.0797577 0.00479616 0.0318424 0.00908396 0.001099 0.0316614
9.995E-05 9.995E-05 9.995E-05 9.995E-05 9.995E-05 9.995E-05 0.9994
9.995E-05 0.9994 9.995E-05 9.995E-05 9.995E-05 9.995E-05 9.995E-05
0.0210128 0.0830162 0.0355428 0.0330801 0.0473046 0.0287125 0.751331
9.9955E-05 0.998294 9.9955E-05 9.9955E-05 9.9955E-05 0.00120591 9.9955E-05
0.0580789 0.619774 0.0414498 0.132274 0.0208699 0.0594162 0.068137
9.995E-05 9.995E-05 0.9994 9.995E-05 9.995E-05 9.995E-05 9.995E-05
0.0762483 0.533809 0.0838505 0.100176 0.0831849 0.0489064 0.0738254
0.0688486 0.580695 0.07359 0.129437 0.0293459 0.0519188 0.0661646
0.0798007 0.665823 0.0361722 0.0560198 0.0402877 0.0486744 0.0732221
0.0590105 0.696208 0.0418988 0.0615182 0.01238 0.0486228 0.0803612
0.0708114 0.598446 0.0701307 0.0705569 0.0818768 0.0489872 0.0591911
0.0866144 0.558524 0.0914855 0.0694309 0.055142 0.0549048 0.0838983
0.028215 0.0459351 0.0233299 0.845653 0.0235244 0.0259418 0.00740125
0.0386115 0.771087 0.0410025 0.0538956 0.0238376 0.0225801 0.0489861
0.0119816 0.0222895 0.00600541 0.93645 0.0147776 0.00578917 0.00270666
0.0508186 0.816792 0.0173408 0.0478182 9.9991E-05 0.0171444 0.0499861
9.9982E-05 0.0130478 0.00501927 0.00598887 0.023105 0.952639 9.9982E-05
9.995E-05 9.995E-05 9.995E-05 9.995E-05 9.995E-05 0.9994 9.995E-05
9.995E-05 9.995E-05 9.995E-05 9.995E-05 0.9994 9.995E-05 9.995E-05
0.00180449 0.0345637 0.0204788 0.000955383 0.918963 0.00988414 0.0133503
0.9994 9.995E-05 9.995E-05 9.995E-05 9.995E-05 9.995E-05 9.995E-05
9.995E-05 9.995E-05 9.995E-05 9.995E-05 9.995E-05 9.995E-05 0.9994
9.995E-05 0.9994 9.995E-05 9.995E-05 9.995E-05 9.995E-05 9.995E-05
9.995E-05 9.995E-05 9.995E-05 9.995E-05 9.995E-05 9.995E-05 0.9994
9.9964E-05 0.988303 0.00957571 9.9964E-05 0.00172097 9.9964E-05 9.9964E-05
0.0735547 0.558942 0.0757079 0.0710857 0.0424571 0.0610205 0.117232
0.000828821 9.9973E-05 0.978834 9.9973E-05 9.9973E-05 0.00950716 0.0105304
0.0731125 0.524996 0.0842613 0.103716 0.091399 0.0490545 0.0734601
0.0724508 0.568716 0.039323 0.124008 0.056149 0.0538189 0.0855339
0.0813758 0.703814 0.0256569 0.0519786 0.030222 0.0515711 0.0553819
0.0526165 0.697219 0.0297616 0.0906286 0.0130884 0.0340203 0.0826657
0.0614488 0.735241 0.0758613 0.0434308 0.0611722 0.00405258 0.0187934
0.0797665 0.539475 0.0727053 0.0724912 0.0668333 0.0649989 0.10373
0.0272607 0.0565324 0.0256719 0.82182 0.0396033 0.0206419 0.0084695
0.0327305 0.81788 0.0243295 0.0385626 0.0298003 0.0209807 0.0357164
9.995E-05 9.995E-05 9.995E-05 0.9994 9.995E-05 9.995E-05 9.995E-05
0.0580372 0.824142 0.0155218 0.0506089 9.9991E-05 0.00797241 0.0436175
9.9991E-05 0.00589654 0.0112138 0.01292 0.00793295 0.959864 0.00207226
0.00331839 9.9955E-05 9.9955E-05 9.9955E-05 9.9955E-05 0.996182 9.9955E-05
9.995E-05 9.995E-05 9.995E-05 9.995E-05 0.9994 9.995E-05 9.995E-05
9.995E-05 9.995E-05 9.995E-05 9.995E-05 0.9994 9.995E-05 9.995E-05
0.98426 9.9982E-05 0.00200357 0.00275949 0.0100804 9.9982E-05 0.000696762
0.00652077 0.0064752 0.00110252 9.9982E-05 0.0069713 9.9982E-05 0.97873
0.0504981 0.74776 0.00953184 0.0608697 0.045383 0.0486671 0.0372898
0.00951022 0.00882604 0.00524962 0.00466839 0.00132442 0.00595575 0.964466
9.9964E-05 9.9964E-05 0.992113 9.9964E-05 0.00318969 0.00429701 9.9964E-05
0.051017 0.553461 0.0679047 0.151881 0.042235 0.0731423 0.0603589
0.0729841 0.506991 0.0804971 0.114392 0.0888749 0.0543439 0.0819167
0.0966072 0.557108 0.0571154 0.0949945 0.0357474 0.0665824 0.0918448
0.0843122 0.701037 0.0412606 0.0391281 0.0264796 0.0470792 0.0607037
0.0689804 0.655391 0.0427942 0.0833521 0.00420279 0.0559849 0.0892945
0.0512922 0.701411 0.0783142 0.075373 0.0512349 0.0129737 0.0294005
0.0535695 0.744785 0.067273 0.0434435 0.0507154 0.010036 0.0301781
0.0866353 0.589576 0.0599336 0.0590514 0.0515409 0.0383194 0.114944
0.0260059 0.0447933 0.0172739 0.866421 0.0284057 0.0170003 9.9991E-05
0.0379301 0.835446 0.0225821 0.0354243 0.0143355 0.00883039 0.0454513
9.995E-05 9.995E-05 9.995E-05 0.9994 9.995E-05 9.995E-05 9.995E-05
0.0607515 0.803615 0.0221644 0.041089 9.9991E-05 0.0161337 0.0561461
9.9955E-05 9.9955E-05 9.9955E-05 0.0090204 9.9955E-05 0.99048 9.9955E-05
0.001111 0.0211327 0.0147108 9.9991E-05 0.959144 0.00292151 0.000879544
0.9994 9.995E-05 9.995E-05 9.995E-05 9.995E-05 9.995E-05 9.995E-05
0.500023 0.268225 0.0403141 0.0227891 0.0678021 0.0502285 0.0506178
0.0336564 0.701288 0.0516981 0.049178 0.0586703 0.0638904 0.0416189
9.995E-05 9.995E-05 9.995E-05 9.995E-05 9.995E-05 9.995E-05 0.9994
9.995E-05 0.9994 9.995E-05 9.995E-05 9.995E-05 9.995E-05 9.995E-05
0.00968513 0.0551264 0.0158938 0.00568422 0.0218735 0.0314351 0.860302
9.995E-05 9.995E-05 0.9994 9.995E-05 9.995E-05 9.995E-05 9.995E-05
0.0769574 0.54548 0.0498524 0.150446 0.0579681 0.0505352 0.0687609
0.062966 0.518377 0.0847028 0.10808 0.0885503 0.0522583 0.0850649
0.0877292 0.559922 0.0475099 0.105756 0.0530975 0.0649257 0.0810594
0.0663193 0.707995 0.0337024 0.0906576 0.0120569 0.0256492 0.0636195
0.035782 0.739353 0.0375917 0.0590279 0.00439325 0.0458633 0.0779892
0.0563029 0.706493 0.0822749 0.0557729 0.056867 0.0103983 0.0318913
0.0601542 0.647863 0.0793619 0.0591422 0.0832149 0.0248528 0.0454112
0.0813156 0.582186 0.0657796 0.067363 0.0522709 0.0423493 0.108736
0.0263233 0.0656231 0.0327423 0.810715 0.0336887 0.0255484 0.00535944
0.036096 0.82515 0.019585 0.0396734 0.0170664 0.0181392 0.0442903
9.995E-05 9.995E-05 9.995E-05 0.9994 9.995E-05 9.995E-05 9.995E-05
9.995E-05 9.995E-05 9.995E-05 9.995E-05 9.995E-05 0.9994 9.995E-05
