9.999E-05 0.9998 9.999E-05
0.9998 9.999E-05 9.999E-05
0.99769 0.00220978 9.9991E-05
0.987525 0.00735805 0.00511683
0.988994 9.9991E-05 0.0109056
0.840511 0.0796516 0.0798371
9.999E-05 9.999E-05 0.9998
0.982368 0.0175321 9.9991E-05
0.814626 0.086307 0.0990667
0.951414 0.028756 0.0198302
0.799468 0.0946962 0.105836
0.837981 0.0617599 0.100259
0.833128 0.0527704 0.114101
0.867854 0.0276625 0.104483
0.395638 0.0274037 0.576958
0.921515 0.0257841 0.0527006
0.926678 0.0189545 0.0543673
0.795197 0.0808828 0.12392
0.984587 0.0152714 0.000141308
0.852226 0.0648468 0.0829271
0.9998 9.999E-05 9.999E-05
0.881792 0.0488988 0.0693095
0.0485944 0.927835 0.0235704
0.9998 9.999E-05 9.999E-05
0.983612 0.0142099 0.0021785
0.984435 0.00743947 0.00812526
9.999E-05 9.999E-05 0.9998
0.990351 0.00795789 0.00169109
0.0584809 0.0079596 0.933559
0.990859 0.00904058 9.9991E-05
0.844476 0.0719237 0.0836007
0.953599 0.0273668 0.0190342
0.744223 0.11295 0.142828
0.850806 0.0373985 0.111796
0.851213 0.0423984 0.106388
0.826245 0.0775948 0.0961602
0.919175 0.0238323 0.0569925
0.857766 0.0588487 0.0833851
0.882538 0.0404721 0.0769896
0.9998 9.999E-05 9.999E-05
0.839182 0.078745 0.0820733
9.999E-05 0.9998 9.999E-05
0.0307691 0.954587 0.0146438
0.9998 9.999E-05 9.999E-05
0.981522 0.0148087 0.00366885
0.988286 0.00645607 0.00525812
9.999E-05 9.999E-05 0.9998
0.92041 0.0421035 0.0374863
9.999E-05 9.999E-05 0.9998
0.917036 0.0493071 0.0336569
0.824101 0.0804403 0.0954584
0.945038 0.0260905 0.028871
0.8292 0.0770342 0.0937663
0.843884 0.0534337 0.102682
0.866955 0.0445748 0.0884707
0.830591 0.0739554 0.0954538
0.929789 0.022745 0.0474661
0.890078 0.050373 0.0595493
0.864647 0.0519327 0.0834206
0.9998 9.999E-05 9.999E-05
0.888921 0.0428933 0.0681853
9.999E-05 0.9998 9.999E-05
0.0293286 0.965063 0.00560874
0.9998 9.999E-05 9.999E-05
0.919163 0.0408787 0.0399587
0.961661 0.0275181 0.0108211
0.012004 0.00401058 0.983985
0.981619 0.0176475 0.000733586
0.117556 0.0240328 0.858412
0.923392 0.0424895 0.0341182
0.825972 0.0774303 0.0965981
0.960835 0.0187235 0.0204414
0.835804 0.080235 0.0839605
0.816744 0.0745798 0.108677
0.875925 0.0210934 0.102981
0.924264 0.028672 0.0470637
0.809823 0.0891673 0.10101
0.862026 0.0652169 0.0727574
0.88549 0.0449934 0.0695162
0.9998 9.999E-05 9.999E-05
0.878587 0.0511372 0.0702761
9.999E-05 0.9998 9.999E-05
9.999E-05 0.9998 9.999E-05
0.9998 9.999E-05 9.999E-05
0.912897 0.0466637 0.040439
0.943277 0.0199977 0.0367258
9.999E-05 9.999E-05 0.9998
0.999766 0.000134072 9.9991E-05
0.204509 0.0388435 0.756647
0.926296 0.0475027 0.0262018
0.839735 0.0709513 0.089314
0.954507 0.0265608 0.0189317
0.848828 0.0663572 0.0848149
0.842277 0.0705423 0.0871805
0.845544 0.0694909 0.0849648
0.833955 0.0573261 0.108719
0.860783 0.0570909 0.0821257
0.809251 0.0889988 0.10175
0.993466 9.9991E-05 0.00643351
0.865861 0.0462169 0.0879222
0.986755 9.9991E-05 0.0131453
0.879262 0.0425405 0.0781974
0.037398 0.960623 0.00197868
9.999E-05 0.9998 9.999E-05
0.9998 9.999E-05 9.999E-05
0.987198 0.0127018 9.9991E-05
0.975178 0.0152692 0.00955294
9.999E-05 9.999E-05 0.9998
0.994649 0.00525096 9.9991E-05
9.999E-05 9.999E-05 0.9998
0.924742 0.0448612 0.0303965
0.796435 0.0784301 0.125135
0.948364 0.0234123 0.0282233
0.854538 0.0532389 0.0922229
0.834568 0.0679984 0.0974338
0.851588 0.0638193 0.0845922
0.849454 0.0469492 0.103597
0.939341 0.012637 0.0480219
0.78941 0.0898425 0.120747
0.99526 0.00307654 0.00166336
0.894996 0.0409139 0.0640897
0.9998 9.999E-05 9.999E-05
0.894123 0.0391323 0.0667444
0.0298647 0.970035 9.9991E-05
9.999E-05 0.9998 9.999E-05
0.998773 0.00112662 9.9991E-05
0.9998 9.999E-05 9.999E-05
0.965943 0.0188646 0.0151924
0.0131461 0.000266827 0.986587
0.868309 0.0623501 0.069341
0.0209018 0.00168535 0.977413
0.934396 0.03192 0.033684
0.843521 0.0813154 0.0751635
0.857675 0.05182 0.0905053
0.81093 0.0893348 0.0997355
0.838176 0.0702826 0.0915414
0.831706 0.0561133 0.112181
0.926348 0.0254709 0.0481811
0.925419 0.0194563 0.0551251
0.818836 0.0552553 0.125909
0.992498 0.0058404 0.00166209
0.905298 0.0320754 0.062627
0.9998 9.999E-05 9.999E-05
0.880453 0.0420588 0.0774883
9.9991E-05 0.999064 0.000836062
0.99509 0.00481021 9.9991E-05
0.985215 0.00974596 0.00503873
0.868705 0.0674483 0.0638469
0.853928 0.0849745 0.0610977
9.999E-05 9.999E-05 0.9998
0.998528 0.00137247 9.9991E-05
0.106273 0.0213098 0.872417
0.958873 0.0318589 0.00926803
0.848315 0.0660506 0.0856339
0.828338 0.0655038 0.106159
0.826158 0.0760675 0.0977744
0.852733 0.0529297 0.0943373
0.83523 0.0664085 0.0983616
0.924285 0.0268936 0.0488214
0.87917 0.0529744 0.0678556
0.83217 0.0509071 0.116923
0.974998 0.00975547 0.0152464
0.888325 0.0461817 0.065493
0.9998 9.999E-05 9.999E-05
9.999E-05 0.9998 9.999E-05
