9.99011E-05 9.99011E-05 9.99011E-05 9.99011E-05 9.99011E-05 0.998901 9.99011E-05 9.99011E-05 9.99011E-05 9.99011E-05 9.99011E-05 9.99011E-05
0.941122 9.9964E-05 0.0112734 0.00225291 0.0152075 9.9964E-05 0.00166266 0.0114763 9.9964E-05 0.000467001 0.0161386 9.9964E-05
0.928843 0.00126491 0.0117657 9.9946E-05 0.013246 9.9946E-05 9.9946E-05 0.0257211 9.9946E-05 9.9946E-05 0.0185595 9.9946E-05
9.99009E-05 9.99009E-05 9.99009E-05 9.99009E-05 9.99009E-05 9.99009E-05 9.99009E-05 9.99009E-05 9.99009E-05 9.99009E-05 9.99009E-05 0.998901
9.99009E-05 9.99009E-05 9.99009E-05 9.99009E-05 9.99009E-05 9.99009E-05 9.99009E-05 9.99009E-05 9.99009E-05 9.99009E-05 9.99009E-05 0.998901
0.0638963 0.024652 0.0405768 0.0566322 0.0299502 0.0623834 0.112943 0.098672 0.324972 0.0981653 0.0418191 0.0453374
9.9901E-05 9.9901E-05 9.9901E-05 0.998901 9.9901E-05 9.9901E-05 9.9901E-05 9.9901E-05 9.9901E-05 9.9901E-05 9.9901E-05 9.9901E-05
9.9901E-05 9.9901E-05 9.9901E-05 9.9901E-05 9.9901E-05 9.9901E-05 9.9901E-05 9.9901E-05 0.998901 9.9901E-05 9.9901E-05 9.9901E-05
0.0443766 0.0934158 0.0292854 0.0634488 0.0482201 0.056616 0.392852 0.134936 0.0223157 0.0507373 0.0236772 0.0401194
0.00733335 9.9946E-05 0.977023 0.00060845 9.9946E-05 0.00654127 0.00480914 9.9946E-05 9.9946E-05 0.0030855 9.9946E-05 9.9946E-05
0.0615672 0.0898004 0.0551311 0.0468561 0.0585459 0.0664998 0.250001 0.144669 0.0498841 0.0526392 0.0541048 0.070301
0.0928564 0.0871485 0.0607475 0.0685134 0.0709206 0.0588001 0.15711 0.163931 0.0415818 0.0643808 0.0815701 0.0524395
9.99369E-05 9.99369E-05 9.99369E-05 0.00108693 9.99369E-05 0.00618224 0.988079 9.99369E-05 0.00316663 0.000785935 9.99369E-05 9.99369E-05
9.99008E-05 9.99008E-05 9.99008E-05 9.99008E-05 9.99008E-05 9.99008E-05 0.998901 9.99008E-05 9.99008E-05 9.99008E-05 9.99008E-05 9.99008E-05
0.0303811 0.00196306 0.0311546 0.536669 0.0492873 0.0136967 0.139347 0.072006 9.9991E-05 0.0420604 0.0668613 0.0164736
9.9901E-05 9.9901E-05 9.9901E-05 9.9901E-05 0.998901 9.9901E-05 9.9901E-05 9.9901E-05 9.9901E-05 9.9901E-05 9.9901E-05 9.9901E-05
9.99009E-05 9.99009E-05 9.99009E-05 9.99009E-05 9.99009E-05 9.99009E-05 9.99009E-05 9.99009E-05 9.99009E-05 9.99009E-05 0.998901 9.99009E-05
0.056467 0.0357619 0.0390294 0.0812276 0.0685817 0.0599166 0.216996 0.189175 0.0271235 0.0645933 0.0900247 0.0711039
0.0415148 0.796097 0.0240289 0.00570206 0.0154791 0.0179055 0.00233482 0.03381 0.00423437 9.9991E-05 0.0395687 0.0192242
0.0453805 0.0427036 0.0153148 0.0312619 0.0127024 0.0456584 0.012618 0.701301 0.0185563 0.0221423 0.024406 0.027955
9.9928E-05 0.992316 9.9928E-05 9.9928E-05 9.9928E-05 9.9928E-05 0.00323445 0.00134612 0.00230413 9.9928E-05 9.9928E-05 9.9928E-05
9.9964E-05 0.00672902 9.9964E-05 0.00169602 9.9964E-05 9.9964E-05 0.0203633 0.940957 0.0111749 0.000411053 0.00998291 0.00828577
0.00313476 0.00406256 9.9955E-05 0.0118851 9.9955E-05 0.926382 0.0167366 0.035394 9.9955E-05 9.9955E-05 9.9955E-05 0.00190556
0.998901 9.99009E-05 9.99009E-05 9.99009E-05 9.99009E-05 9.99009E-05 9.99009E-05 9.99009E-05 9.99009E-05 9.99009E-05 9.99009E-05 9.99009E-05
0.918334 9.9955E-05 0.0146863 0.00410053 0.00384805 0.0130569 9.9955E-05 0.0239146 9.9955E-05 9.9955E-05 0.0215599 9.9955E-05
9.9901E-05 9.9901E-05 9.9901E-05 9.9901E-05 9.9901E-05 9.9901E-05 9.9901E-05 9.9901E-05 9.9901E-05 9.9901E-05 9.9901E-05 0.998901
9.9901E-05 9.9901E-05 9.9901E-05 0.998901 9.9901E-05 9.9901E-05 9.9901E-05 9.9901E-05 9.9901E-05 9.9901E-05 9.9901E-05 9.9901E-05
9.9901E-05 9.9901E-05 9.9901E-05 9.9901E-05 9.9901E-05 9.9901E-05 9.9901E-05 9.9901E-05 0.998901 9.9901E-05 9.9901E-05 9.9901E-05
0.00849302 0.00145469 0.0115834 0.926917 9.9973E-05 0.00961533 9.9973E-05 0.00952539 0.00293496 0.0139703 0.0152062 9.9973E-05
0.00227774 9.9955E-05 0.0024652 9.9955E-05 9.9955E-05 9.9955E-05 0.00216416 0.00417823 0.980309 9.9955E-05 0.00697751 0.00112825
0.0245206 0.0950167 0.0106219 0.0299584 0.0488742 0.0412789 0.456545 0.152041 0.0342505 0.0533 0.0114473 0.0421458
9.9901E-05 9.9901E-05 0.998901 9.9901E-05 9.9901E-05 9.9901E-05 9.9901E-05 9.9901E-05 9.9901E-05 9.9901E-05 9.9901E-05 9.9901E-05
0.0772605 0.0938232 0.0616496 0.102421 0.0357052 0.10393 0.215054 0.082263 0.0694554 0.0393507 0.0521578 0.0669308
9.99009E-05 9.99009E-05 9.99009E-05 9.99009E-05 9.99009E-05 9.99009E-05 0.998901 9.99009E-05 9.99009E-05 9.99009E-05 9.99009E-05 9.99009E-05
9.99008E-05 9.99008E-05 9.99008E-05 9.99008E-05 9.99008E-05 9.99008E-05 0.998901 9.99008E-05 9.99008E-05 9.99008E-05 9.99008E-05 9.99008E-05
0.0523326 0.0649606 0.05274 0.0588709 0.104321 0.0589284 0.231252 0.164658 0.0229264 0.0364503 0.112102 0.0404576
9.99009E-05 9.99009E-05 9.99009E-05 9.99009E-05 0.998901 9.99009E-05 9.99009E-05 9.99009E-05 9.99009E-05 9.99009E-05 9.99009E-05 9.99009E-05
0.0189146 0.0605656 0.0229084 0.0420294 0.0636409 0.0293763 0.0767005 0.111522 0.0452842 0.0349531 0.445917 0.048189
0.00557657 0.010615 0.0150054 0.00401347 9.9946E-05 9.9946E-05 9.9946E-05 0.950107 9.9946E-05 0.0140829 9.9946E-05 9.9946E-05
9.99009E-05 0.998901 9.99009E-05 9.99009E-05 9.99009E-05 9.99009E-05 9.99009E-05 9.99009E-05 9.99009E-05 9.99009E-05 9.99009E-05 9.99009E-05
0.0288314 0.0381282 0.0183185 0.00971064 0.0185465 0.0395626 0.0454846 0.694098 0.0215069 0.0283814 0.0252193 0.0322124
9.9901E-05 9.9901E-05 9.9901E-05 9.9901E-05 9.9901E-05 0.998901 9.9901E-05 9.9901E-05 9.9901E-05 9.9901E-05 9.9901E-05 9.9901E-05
9.9937E-05 9.9937E-05 0.00349852 0.0018123 9.9937E-05 0.956061 0.017426 0.0205022 9.9937E-05 9.9937E-05 9.9937E-05 9.9937E-05
0.998901 9.99009E-05 9.99009E-05 9.99009E-05 9.99009E-05 9.99009E-05 9.99009E-05 9.99009E-05 9.99009E-05 9.99009E-05 9.99009E-05 9.99009E-05
0.870051 0.0113755 0.0130953 0.00755528 0.0140134 0.0207404 0.000572631 0.0317427 0.016565 0.00742602 0.00676234 9.9991E-05
9.9901E-05 9.9901E-05 9.9901E-05 9.9901E-05 9.9901E-05 9.9901E-05 9.9901E-05 9.9901E-05 9.9901E-05 9.9901E-05 9.9901E-05 0.998901
9.9901E-05 9.9901E-05 9.9901E-05 0.998901 9.9901E-05 9.9901E-05 9.9901E-05 9.9901E-05 9.9901E-05 9.9901E-05 9.9901E-05 9.9901E-05
0.000209451 0.00233052 9.9946E-05 9.9946E-05 9.9946E-05 9.9946E-05 9.9946E-05 0.0105656 9.9946E-05 0.979649 0.00368529 0.00296021
9.9901E-05 9.9901E-05 9.9901E-05 0.998901 9.9901E-05 9.9901E-05 9.9901E-05 9.9901E-05 9.9901E-05 9.9901E-05 9.9901E-05 9.9901E-05
9.991E-05 9.991E-05 9.991E-05 9.991E-05 0.00262242 9.991E-05 9.991E-05 9.991E-05 9.991E-05 0.996378 9.991E-05 9.991E-05
0.0326404 0.0901925 0.0261364 0.0432688 0.0593088 0.0632933 0.40834 0.132771 0.0258318 0.0665278 0.0168813 0.034808
9.9946E-05 9.9946E-05 0.984049 0.000109954 9.9946E-05 0.00271159 9.9946E-05 9.9946E-05 0.00879473 0.00288541 9.9946E-05 0.000849338
0.046652 0.106499 0.0412821 0.054209 0.018069 0.0525677 0.302543 0.174622 0.0366869 0.0552994 0.0498867 0.0616831
0.00880323 9.99369E-05 0.0041779 9.99369E-05 9.99369E-05 0.00160796 0.978081 9.99369E-05 9.99369E-05 9.99369E-05 9.99369E-05 0.00663059
9.99009E-05 9.99009E-05 9.99009E-05 9.99009E-05 9.99009E-05 9.99009E-05 0.998901 9.99009E-05 9.99009E-05 9.99009E-05 9.99009E-05 9.99009E-05
0.0651917 0.054941 0.0646229 0.0698759 0.0849526 0.0606115 0.200689 0.168115 0.011125 0.0809851 0.0754131 0.0634776
9.99009E-05 9.99009E-05 9.99009E-05 9.99009E-05 0.998901 9.99009E-05 9.99009E-05 9.99009E-05 9.99009E-05 9.99009E-05 9.99009E-05 9.99009E-05
0.0681816 0.39704 0.0440738 0.0467965 0.0188325 0.0370749 0.147053 0.108304 0.0391799 0.0185472 0.0335418 0.0413752
0.0399185 0.0137329 0.0153926 0.0153177 0.0145938 0.0110223 0.00876555 0.834412 0.00934314 0.011818 0.01554 0.0101429
9.99009E-05 0.998901 9.99009E-05 9.99009E-05 9.99009E-05 9.99009E-05 9.99009E-05 9.99009E-05 9.99009E-05 9.99009E-05 9.99009E-05 9.99009E-05
9.99009E-05 9.99009E-05 9.99009E-05 9.99009E-05 9.99009E-05 9.99009E-05 9.99009E-05 0.998901 9.99009E-05 9.99009E-05 9.99009E-05 9.99009E-05
0.00627666 0.000761052 9.9937E-05 9.9937E-05 9.9937E-05 0.988161 9.9937E-05 9.9937E-05 0.00191297 9.9937E-05 0.00218841 9.9937E-05
9.9937E-05 9.9937E-05 9.9937E-05 0.0061415 9.9937E-05 0.95094 0.0152084 0.0105474 9.9937E-05 9.9937E-05 9.9937E-05 0.0164632
0.998901 9.9901E-05 9.9901E-05 9.9901E-05 9.9901E-05 9.9901E-05 9.9901E-05 9.9901E-05 9.9901E-05 9.9901E-05 9.9901E-05 9.9901E-05
0.566744 0.0388542 0.0279104 0.0323434 0.0295127 0.0338636 0.0674394 0.0941149 0.0388611 0.0226237 0.015141 0.0325918
9.9973E-05 0.00757498 0.00358187 0.00196699 0.00222411 0.00529416 9.9973E-05 0.0104477 0.0121875 9.9973E-05 0.00612946 0.950293
0.00428476 0.00486404 0.00535894 0.969554 0.00572696 0.000461654 9.9973E-05 9.9973E-05 0.00422965 0.00481876 9.9973E-05 0.000401179
0.00608349 0.00762136 0.0155969 0.000183932 9.9982E-05 0.00670122 0.00763739 0.0022434 0.940212 9.9982E-05 0.00766926 0.0058514
0.00983931 0.0128723 0.0132746 0.84964 9.9991E-05 0.0240399 0.00102307 0.0386094 0.018824 0.00812839 0.00277882 0.0208699
9.99009E-05 9.99009E-05 9.99009E-05 9.99009E-05 9.99009E-05 9.99009E-05 9.99009E-05 9.99009E-05 9.99009E-05 0.998901 9.99009E-05 9.99009E-05
0.0383679 0.107907 0.0449164 0.0492711 0.0425892 0.0571268 0.372235 0.137737 0.0425645 0.0345628 0.0225353 0.0501872
9.9901E-05 9.9901E-05 0.998901 9.9901E-05 9.9901E-05 9.9901E-05 9.9901E-05 9.9901E-05 9.9901E-05 9.9901E-05 9.9901E-05 9.9901E-05
0.0453926 0.111896 0.0631597 0.0530889 0.0348172 0.0640614 0.334846 0.122925 0.0389865 0.0393278 0.0413435 0.0501555
0.0300706 0.0281677 0.0154328 0.0324275 0.0239625 0.0310335 0.655709 0.0791002 0.0355954 9.9991E-05 0.0376237 0.0307768
9.99008E-05 9.99008E-05 9.99008E-05 9.99008E-05 9.99008E-05 9.99008E-05 0.998901 9.99008E-05 9.99008E-05 9.99008E-05 9.99008E-05 9.99008E-05
9.99009E-05 9.99009E-05 9.99009E-05 9.99009E-05 9.99009E-05 9.99009E-05 9.99009E-05 9.99009E-05 9.99009E-05 9.99009E-05 0.998901 9.99009E-05
0.0610007 0.0482983 0.0644242 0.0669928 0.0757703 0.0689565 0.222653 0.171241 0.0138014 0.0697067 0.0685712 0.0685832
0.0790383 0.332122 0.0539529 0.036956 0.032814 0.0533042 0.149374 0.110236 0.0375208 0.0230305 0.0478671 0.0437841
0.0132045 0.00933105 0.012406 0.0109153 9.9982E-05 0.00935 9.9982E-05 0.91563 0.0114754 0.00892277 0.006319 0.0022457
9.99009E-05 0.998901 9.99009E-05 9.99009E-05 9.99009E-05 9.99009E-05 9.99009E-05 9.99009E-05 9.99009E-05 9.99009E-05 9.99009E-05 9.99009E-05
0.0174327 0.0191712 0.00416726 0.00390317 0.0212687 0.0147864 0.0456137 0.768334 0.0217984 0.0191942 0.0344686 0.0298616
9.9928E-05 0.00198708 9.9928E-05 9.9928E-05 9.9928E-05 0.994461 9.9928E-05 9.9928E-05 0.00252878 9.9928E-05 0.00022417 9.9928E-05
9.99011E-05 9.99011E-05 9.99011E-05 9.99011E-05 9.99011E-05 0.998901 9.99011E-05 9.99011E-05 9.99011E-05 9.99011E-05 9.99011E-05 9.99011E-05
0.998901 9.99009E-05 9.99009E-05 9.99009E-05 9.99009E-05 9.99009E-05 9.99009E-05 9.99009E-05 9.99009E-05 9.99009E-05 9.99009E-05 9.99009E-05
0.569575 0.0460084 0.0342007 0.0340376 0.0377921 0.0323675 0.0532378 0.0839216 0.0282973 0.0194618 0.0287221 0.0323777
0.0134699 0.0297692 0.00533773 0.0139624 9.9991E-05 0.00871513 0.0157596 0.0319144 0.018272 0.00404133 0.0151518 0.843507
9.9901E-05 9.9901E-05 9.9901E-05 0.998901 9.9901E-05 9.9901E-05 9.9901E-05 9.9901E-05 9.9901E-05 9.9901E-05 9.9901E-05 9.9901E-05
9.9901E-05 9.9901E-05 9.9901E-05 9.9901E-05 9.9901E-05 9.9901E-05 9.9901E-05 9.9901E-05 0.998901 9.9901E-05 9.9901E-05 9.9901E-05
0.0330833 0.0251373 0.0313224 0.738252 0.0199069 0.0253623 0.0133959 0.0403882 0.0128467 0.0196086 0.00856274 0.0321333
9.99009E-05 9.99009E-05 9.99009E-05 9.99009E-05 9.99009E-05 9.99009E-05 9.99009E-05 9.99009E-05 9.99009E-05 0.998901 9.99009E-05 9.99009E-05
0.0356687 0.096167 0.0220677 0.0479077 0.0393936 0.049468 0.437312 0.132495 0.0309568 0.0342431 0.0342186 0.0401017
9.9901E-05 9.9901E-05 0.998901 9.9901E-05 9.9901E-05 9.9901E-05 9.9901E-05 9.9901E-05 9.9901E-05 9.9901E-05 9.9901E-05 9.9901E-05
0.0871735 0.0930403 0.0592271 0.0537195 0.0813149 0.0498907 0.176909 0.135823 0.0195136 0.0818877 0.104696 0.0568046
0.0423147 0.104056 0.0630281 0.0319424 0.0257034 0.0451 0.40017 0.136288 0.0319963 0.0414767 0.0388083 0.0391157
0.0399308 0.0131081 0.0269217 0.0247899 0.0285445 0.0331188 0.634357 0.0925998 0.000702843 0.0218385 0.0420381 0.0420495
0.0208199 0.0132329 0.0217169 0.0169399 0.0167154 0.0215626 0.788037 0.0326939 0.00660897 0.0136172 0.0240032 0.0240518
0.0447053 0.0334027 0.0303383 0.0249639 0.0414687 0.0363828 0.0873092 0.0373623 0.0378505 0.0424249 0.556277 0.0275148
0.0646347 0.0451786 0.0698982 0.0694656 0.0854644 0.0570552 0.208561 0.166226 0.01323 0.065298 0.0791058 0.0758823
0.0207049 0.831708 0.0245536 0.0125165 0.00921985 0.0160533 0.00603293 0.0270346 0.00519291 9.9991E-05 0.0325633 0.0143198
0.00214635 0.00460088 0.017601 0.0145321 9.9964E-05 0.00128507 9.9964E-05 0.943123 9.9964E-05 0.0127972 0.00351403 9.9964E-05
0.0111503 0.931534 0.00443291 0.0100217 0.0117603 0.0106905 0.00194866 0.00590034 0.00590433 0.00645723 9.9982E-05 9.9982E-05
9.9901E-05 9.9901E-05 9.9901E-05 9.9901E-05 9.9901E-05 9.9901E-05 9.9901E-05 0.998901 9.9901E-05 9.9901E-05 9.9901E-05 9.9901E-05
0.0152283 9.9955E-05 0.0100894 9.9955E-05 0.00746773 0.948442 9.9955E-05 9.9955E-05 0.0110994 0.00537313 0.00180002 9.9955E-05
9.9901E-05 9.9901E-05 9.9901E-05 9.9901E-05 9.9901E-05 0.998901 9.9901E-05 9.9901E-05 9.9901E-05 9.9901E-05 9.9901E-05 9.9901E-05
0.998901 9.9901E-05 9.9901E-05 9.9901E-05 9.9901E-05 9.9901E-05 9.9901E-05 9.9901E-05 9.9901E-05 9.9901E-05 9.9901E-05 9.9901E-05
0.919319 0.00170009 0.013924 0.00356196 0.00778693 0.00129958 0.00286289 0.0243005 0.00521288 9.9982E-05 0.0198324 9.9982E-05
9.991E-05 9.991E-05 9.991E-05 9.991E-05 9.991E-05 0.0064006 9.991E-05 9.991E-05 9.991E-05 9.991E-05 9.991E-05 0.9926
9.9901E-05 9.9901E-05 9.9901E-05 0.998901 9.9901E-05 9.9901E-05 9.9901E-05 9.9901E-05 9.9901E-05 9.9901E-05 9.9901E-05 9.9901E-05
9.9901E-05 9.9901E-05 9.9901E-05 9.9901E-05 9.9901E-05 9.9901E-05 9.9901E-05 9.9901E-05 0.998901 9.9901E-05 9.9901E-05 9.9901E-05
9.99011E-05 9.99011E-05 9.99011E-05 0.998901 9.99011E-05 9.99011E-05 9.99011E-05 9.99011E-05 9.99011E-05 9.99011E-05 9.99011E-05 9.99011E-05
9.99009E-05 9.99009E-05 9.99009E-05 9.99009E-05 9.99009E-05 9.99009E-05 9.99009E-05 9.99009E-05 9.99009E-05 0.998901 9.99009E-05 9.99009E-05
0.0463744 0.0527024 0.059473 0.0842216 0.0893809 0.0508498 0.265538 0.156331 0.0101766 0.0495526 0.0880562 0.0473437
9.9946E-05 9.9946E-05 0.972126 0.0089318 0.00119345 9.9946E-05 0.0112454 0.00416848 9.9946E-05 0.00173486 9.9946E-05 9.9946E-05
0.0874707 0.0912014 0.0812018 0.0705276 0.0754844 0.0387608 0.17226 0.11282 0.0106949 0.0949095 0.111765 0.052904
0.0473939 0.0966495 0.0430219 0.0578874 0.0227359 0.0489718 0.321134 0.16442 0.0344095 0.0704555 0.0439489 0.048971
0.0429158 0.00366379 0.0243338 0.0157834 0.0247069 0.0251216 0.657279 0.090302 0.00408264 0.0347302 0.0338746 0.0432062
0.0200669 0.0394497 0.0105286 0.0242658 0.00877488 0.016359 0.760207 0.0337779 9.9991E-05 0.0284781 0.0402649 0.0177274
9.99008E-05 9.99008E-05 9.99008E-05 9.99008E-05 9.99008E-05 9.99008E-05 9.99008E-05 9.99008E-05 9.99008E-05 9.99008E-05 0.998901 9.99008E-05
0.0753034 0.0538718 0.057071 0.0807817 0.0814939 0.0560011 0.223107 0.162853 0.0275995 0.047589 0.0746054 0.0597239
0.0305224 0.822749 0.024803 0.00412836 0.00357542 0.0209487 0.0122511 0.0198713 0.0145631 0.00275689 0.0347567 0.00907429
9.99009E-05 9.99009E-05 9.99009E-05 9.99009E-05 9.99009E-05 9.99009E-05 9.99009E-05 0.998901 9.99009E-05 9.99009E-05 9.99009E-05 9.99009E-05
9.99009E-05 0.998901 9.99009E-05 9.99009E-05 9.99009E-05 9.99009E-05 9.99009E-05 9.99009E-05 9.99009E-05 9.99009E-05 9.99009E-05 9.99009E-05
9.991E-05 9.991E-05 9.991E-05 9.991E-05 9.991E-05 9.991E-05 9.991E-05 0.998001 9.991E-05 9.991E-05 9.991E-05 0.00100017
9.9946E-05 0.0203763 0.0030531 9.9946E-05 0.00110124 0.9472 9.9946E-05 9.9946E-05 9.9946E-05 0.00959825 0.0180717 9.9946E-05
9.9919E-05 9.9919E-05 9.9919E-05 9.9919E-05 9.9919E-05 0.994791 0.00244879 9.9919E-05 9.9919E-05 9.9919E-05 9.9919E-05 0.00186118
0.998901 9.9901E-05 9.9901E-05 9.9901E-05 9.9901E-05 9.9901E-05 9.9901E-05 9.9901E-05 9.9901E-05 9.9901E-05 9.9901E-05 9.9901E-05
0.998901 9.9901E-05 9.9901E-05 9.9901E-05 9.9901E-05 9.9901E-05 9.9901E-05 9.9901E-05 9.9901E-05 9.9901E-05 9.9901E-05 9.9901E-05
0.00650327 0.00446471 9.9955E-05 0.00327191 0.0011601 0.00613375 9.9955E-05 9.9955E-05 0.00271673 9.9955E-05 9.9955E-05 0.97525
9.9955E-05 9.9955E-05 0.00218618 0.96642 0.00268341 9.9955E-05 0.00314668 0.0080456 0.0110004 9.9955E-05 9.9955E-05 0.00601841
0.0551005 0.05866 0.0135346 0.0376326 0.0206437 0.0484612 0.0850503 0.0900169 0.17579 0.328792 0.0343209 0.0519972
0.0125495 9.9955E-05 0.00838075 0.960412 0.00364491 9.9955E-05 0.0113422 9.9955E-05 0.00284966 9.9955E-05 9.9955E-05 0.000321248
0.000652306 9.9928E-05 0.99051 0.00189495 9.9928E-05 9.9928E-05 9.9928E-05 0.00614318 9.9928E-05 9.9928E-05 9.9928E-05 9.9928E-05
0.0420218 0.146708 0.0325004 0.0352095 0.0427409 0.0596122 0.374101 0.132392 0.0460405 0.0313404 0.0364508 0.0208831
0.0948976 0.0895312 0.0618419 0.0616414 0.0832333 0.0434017 0.170028 0.134011 0.0137309 0.0800175 0.112187 0.055478
0.029128 0.0768352 0.0416579 0.0688112 0.0637693 0.0714593 0.274921 0.142237 0.0459644 0.067383 0.0474106 0.0704238
0.036808 9.9991E-05 0.0226831 0.0259319 0.0272208 0.028744 0.684556 0.0742529 0.0115234 0.0220762 0.0220856 0.0440182
0.0106171 0.0328322 0.0341293 0.0364124 0.0254823 0.0246556 0.652072 0.0634 0.0286434 0.0167003 0.0487004 0.0263549
9.9901E-05 9.9901E-05 9.9901E-05 9.9901E-05 0.998901 9.9901E-05 9.9901E-05 9.9901E-05 9.9901E-05 9.9901E-05 9.9901E-05 9.9901E-05
9.99008E-05 9.99008E-05 9.99008E-05 9.99008E-05 9.99008E-05 9.99008E-05 9.99008E-05 9.99008E-05 9.99008E-05 9.99008E-05 0.998901 9.99008E-05
0.0470254 0.0393767 0.0401412 0.0935762 0.107034 0.0326217 0.264396 0.15224 0.0129618 0.0589844 0.0896756 0.0619672
0.0308557 0.847218 0.01795 0.00202411 0.00610322 0.0254857 9.9982E-05 0.0275763 9.9982E-05 0.00255936 0.0184529 0.0215749
9.99009E-05 9.99009E-05 9.99009E-05 9.99009E-05 9.99009E-05 9.99009E-05 9.99009E-05 0.998901 9.99009E-05 9.99009E-05 9.99009E-05 9.99009E-05
9.99009E-05 0.998901 9.99009E-05 9.99009E-05 9.99009E-05 9.99009E-05 9.99009E-05 9.99009E-05 9.99009E-05 9.99009E-05 9.99009E-05 9.99009E-05
9.9928E-05 9.9928E-05 9.9928E-05 9.9928E-05 9.9928E-05 9.9928E-05 9.9928E-05 0.985624 9.9928E-05 0.00452738 0.00584384 0.00320556
9.9928E-05 0.000432006 9.9928E-05 9.9928E-05 0.000381257 0.997262 9.9928E-05 9.9928E-05 9.9928E-05 9.9928E-05 0.00112557 9.9928E-05
0.963416 9.9937E-05 0.00980021 9.9937E-05 0.0041541 9.9937E-05 9.9937E-05 0.00520683 9.9937E-05 9.9937E-05 0.0167232 9.9937E-05
9.9901E-05 9.9901E-05 9.9901E-05 9.9901E-05 9.9901E-05 9.9901E-05 9.9901E-05 9.9901E-05 9.9901E-05 9.9901E-05 9.9901E-05 0.998901
0.0639397 0.00748029 0.0321051 0.0293551 0.0244451 0.0475994 0.10925 0.105744 0.0308996 0.0230741 0.0377701 0.488338
0.0655908 0.0371882 0.036599 0.0436493 0.0459209 0.0618916 0.134529 0.120517 0.168827 0.191617 0.0506517 0.0430185
9.99009E-05 9.99009E-05 9.99009E-05 0.998901 9.99009E-05 9.99009E-05 9.99009E-05 9.99009E-05 9.99009E-05 9.99009E-05 9.99009E-05 9.99009E-05
9.9901E-05 9.9901E-05 9.9901E-05 9.9901E-05 9.9901E-05 9.9901E-05 9.9901E-05 9.9901E-05 0.998901 9.9901E-05 9.9901E-05 9.9901E-05
0.0217179 0.0167199 0.0161548 0.854061 0.0145381 0.019983 0.0212263 9.9991E-05 0.00590145 0.0116025 0.00759251 0.0104028
9.9901E-05 9.9901E-05 0.998901 9.9901E-05 9.9901E-05 9.9901E-05 9.9901E-05 9.9901E-05 9.9901E-05 9.9901E-05 9.9901E-05 9.9901E-05
0.0665747 0.12301 0.0456076 0.0442273 0.0249602 0.0462284 0.329508 0.146743 0.0330949 0.0285029 0.0595513 0.0519916
0.0871021 0.0930547 0.0684459 0.0662834 0.0740243 0.052316 0.150948 0.149968 0.0370774 0.0654294 0.0904726 0.0648785
0.0405174 0.0775836 0.0527317 0.047655 0.0474731 0.0651786 0.351099 0.129542 0.0426997 0.0127546 0.0680789 0.0646859
0.0113181 0.0263586 0.0190202 0.0230513 0.0237999 0.00787103 0.722048 0.0589857 0.0398355 0.0026365 0.0355053 0.0295699
0.00199178 9.9973E-05 0.0213408 0.0115281 9.9973E-05 0.0224715 0.90966 9.9973E-05 0.0163782 0.0141923 0.00156295 0.000574061
9.9901E-05 9.9901E-05 9.9901E-05 9.9901E-05 0.998901 9.9901E-05 9.9901E-05 9.9901E-05 9.9901E-05 9.9901E-05 9.9901E-05 9.9901E-05
0.0230221 0.0205972 0.0157184 0.013643 9.9982E-05 0.020915 0.00282774 9.9982E-05 0.011247 0.00683535 0.862583 0.022411
0.0423862 0.0429869 0.0516493 0.0801854 0.113594 0.0329786 0.262695 0.14895 0.0111075 0.0546205 0.0943167 0.0645302
0.0308643 0.788498 0.0165055 0.0174179 0.0213612 0.0252096 0.00415334 0.024902 0.0175183 0.000137062 0.0244602 0.0289723
9.99009E-05 9.99009E-05 9.99009E-05 9.99009E-05 9.99009E-05 9.99009E-05 9.99009E-05 0.998901 9.99009E-05 9.99009E-05 9.99009E-05 9.99009E-05
9.99009E-05 0.998901 9.99009E-05 9.99009E-05 9.99009E-05 9.99009E-05 9.99009E-05 9.99009E-05 9.99009E-05 9.99009E-05 9.99009E-05 9.99009E-05
9.9901E-05 9.9901E-05 9.9901E-05 9.9901E-05 9.9901E-05 0.998901 9.9901E-05 9.9901E-05 9.9901E-05 9.9901E-05 9.9901E-05 9.9901E-05
