9.999E-05 9.999E-05 0.9998
0.987738 9.9991E-05 0.012162
0.995149 9.9991E-05 0.00475093
0.990605 0.00929518 9.9991E-05
0.977054 0.0104751 0.0124707
0.835866 0.0802051 0.0839293
9.999E-05 0.9998 9.999E-05
0.994114 9.9991E-05 0.00578558
0.824794 0.0954723 0.0797334
0.94984 0.0208623 0.0292976
0.835184 0.0911173 0.0736989
0.829323 0.106719 0.0639583
0.844736 0.0994521 0.0558122
0.878522 0.0947122 0.0267659
0.401379 0.565452 0.0331684
0.935593 0.0465611 0.0178461
0.92267 0.0549064 0.0224233
0.792617 0.124613 0.0827696
0.988099 9.9991E-05 0.0118013
0.865 0.0775315 0.0574684
0.9998 9.999E-05 9.999E-05
0.89025 0.0720261 0.0377242
0.0469469 0.0250508 0.928002
0.9998 9.999E-05 9.999E-05
0.978929 0.00489517 0.0161761
0.986706 0.00478521 0.00850831
9.999E-05 0.9998 9.999E-05
0.993707 9.9991E-05 0.00619316
0.0345611 0.9446 0.0208394
0.985929 9.9991E-05 0.0139706
0.852675 0.0833499 0.0639748
0.962603 0.0136364 0.023761
0.758393 0.130538 0.11107
0.838607 0.112641 0.0487527
0.875917 0.0974405 0.0266424
0.824746 0.0940183 0.081236
0.93433 0.0441179 0.0215516
0.864424 0.0879856 0.0475901
0.879602 0.0728629 0.047535
0.9998 9.999E-05 9.999E-05
0.871694 0.0699256 0.0583801
9.999E-05 9.999E-05 0.9998
0.0366513 0.0106458 0.952703
0.9998 9.999E-05 9.999E-05
0.972692 9.9991E-05 0.027208
0.984372 0.0113353 0.00429225
9.999E-05 0.9998 9.999E-05
0.919886 0.0355959 0.0445178
9.999E-05 0.9998 9.999E-05
0.915636 0.0381939 0.0461703
0.810065 0.10702 0.0829149
0.932614 0.035256 0.0321298
0.827328 0.104126 0.0685467
0.843764 0.10006 0.0561765
0.86962 0.0899164 0.0404637
0.810733 0.113227 0.0760408
0.943363 0.0421496 0.0144875
0.881536 0.0668525 0.051612
0.877651 0.0710447 0.0513039
0.9998 9.999E-05 9.999E-05
0.8978 0.0624132 0.0397868
0.0102204 9.9991E-05 0.98968
0.0169716 0.0101007 0.972928
0.9998 9.999E-05 9.999E-05
0.93211 0.0324569 0.0354328
0.969805 0.019216 0.0109792
9.9991E-05 0.987811 0.0120889
0.974078 0.00439207 0.02153
0.115797 0.862647 0.0215554
0.922766 0.0441098 0.0331239
0.801625 0.107716 0.0906594
0.950809 0.0279356 0.0212557
0.845899 0.0815507 0.0725502
0.812953 0.12033 0.0667166
0.893712 0.0905035 0.0157844
0.914619 0.0544981 0.0308832
0.818564 0.107598 0.0738381
0.868906 0.0681879 0.0629061
0.89383 0.0642215 0.041948
0.9998 9.999E-05 9.999E-05
0.892297 0.0562777 0.0514255
9.999E-05 9.999E-05 0.9998
9.999E-05 9.999E-05 0.9998
0.9998 9.999E-05 9.999E-05
0.922935 0.035449 0.0416164
0.948568 0.0355593 0.0158725
9.999E-05 0.9998 9.999E-05
0.988017 9.9991E-05 0.0118827
0.206642 0.755579 0.0377789
0.920196 0.037943 0.0418609
0.843762 0.0824798 0.0737583
0.953889 0.0191183 0.0269926
0.847217 0.0961206 0.0566625
0.864663 0.069433 0.0659036
0.842406 0.0891169 0.0684772
0.833906 0.0997318 0.0663618
0.87599 0.0690842 0.0549255
0.807415 0.11397 0.0786156
0.990811 0.00449727 0.00469216
0.877107 0.0802564 0.0426364
0.994175 0.00572475 9.9991E-05
0.890769 0.0718472 0.0373834
0.0355563 0.00286989 0.961574
9.999E-05 9.999E-05 0.9998
0.999044 9.9991E-05 0.00085644
0.989063 9.9991E-05 0.0108371
0.984571 0.00421206 0.0112166
9.999E-05 0.9998 9.999E-05
0.9998 9.999E-05 9.999E-05
9.999E-05 0.9998 9.999E-05
0.924382 0.040427 0.0351907
0.796161 0.127266 0.0765738
0.930644 0.0319263 0.0374301
0.853273 0.0938822 0.0528446
0.835634 0.0995797 0.064786
0.852119 0.0814825 0.0663989
0.858144 0.0968383 0.0450174
0.942686 0.043626 0.0136877
0.806351 0.115083 0.078566
0.991156 9.9991E-05 0.00874397
0.889402 0.0699686 0.0406289
0.9998 9.999E-05 9.999E-05
0.892067 0.0730699 0.0348628
0.0361567 9.9991E-05 0.963743
9.9991E-05 0.00200821 0.997892
0.9998 9.999E-05 9.999E-05
0.9998 9.999E-05 9.999E-05
0.972351 0.0145396 0.0131091
0.0154422 0.984458 9.9991E-05
0.874764 0.0583939 0.066842
0.0163537 0.97865 0.00499642
0.94696 0.0216871 0.0313533
0.848168 0.0685986 0.0832335
0.836507 0.100778 0.0627156
0.802509 0.110424 0.0870671
0.843423 0.0922506 0.0643263
0.821641 0.118954 0.0594049
0.938934 0.0443262 0.0167395
0.926405 0.0542344 0.0193603
0.824803 0.127101 0.0480959
0.9998 9.999E-05 9.999E-05
0.902648 0.0709543 0.0263982
0.9998 9.999E-05 9.999E-05
0.88729 0.0720936 0.0406161
9.999E-05 9.999E-05 0.9998
0.994902 9.9991E-05 0.00499755
0.987518 0.0054139 0.00706809
0.869432 0.0639313 0.0666371
0.855914 0.0676632 0.076423
9.999E-05 0.9998 9.999E-05
0.993651 9.9991E-05 0.0062491
0.10099 0.877859 0.0211505
0.965396 0.0155994 0.019005
0.847378 0.0868077 0.0658145
0.836392 0.0962801 0.0673279
0.818613 0.101023 0.0803643
0.875119 0.0828578 0.0420227
0.827699 0.104747 0.0675547
0.925518 0.0553926 0.0190895
0.900974 0.065167 0.0338594
0.814073 0.131033 0.054894
0.984966 0.0149341 9.9991E-05
0.896602 0.0706463 0.0327512
0.9998 9.999E-05 9.999E-05
9.999E-05 9.999E-05 0.9998
