9.99101E-05 9.99101E-05 9.99101E-05 9.99101E-05 9.99101E-05 9.99101E-05 9.99101E-05 9.99101E-05 9.99101E-05 9.99101E-05 0.999001
0.000372551 0.0186566 9.9955E-05 0.0143284 0.0142963 0.950533 9.9955E-05 9.9955E-05 9.9955E-05 9.9955E-05 0.00131386
0.00239896 0.0125614 9.9964E-05 0.0265896 0.0154181 0.937901 9.9964E-05 9.9964E-05 9.9964E-05 0.00269917 0.00203164
9.99101E-05 9.99101E-05 9.99101E-05 9.99101E-05 9.99101E-05 9.99101E-05 0.999001 9.99101E-05 9.99101E-05 9.99101E-05 9.99101E-05
9.99101E-05 9.99101E-05 9.99101E-05 9.99101E-05 9.99101E-05 9.99101E-05 0.999001 9.99101E-05 9.99101E-05 9.99101E-05 9.99101E-05
0.0639163 0.0399613 0.121864 0.0865368 0.0925344 0.0624643 0.0364666 0.0867958 0.319139 0.0296252 0.0606968
0.999001 9.99101E-05 9.99101E-05 9.99101E-05 9.99101E-05 9.99101E-05 9.99101E-05 9.99101E-05 9.99101E-05 9.99101E-05 9.99101E-05
9.99101E-05 9.99101E-05 9.99101E-05 9.99101E-05 9.99101E-05 9.99101E-05 9.99101E-05 9.99101E-05 0.999001 9.99101E-05 9.99101E-05
0.0476406 0.0240962 0.371272 0.088308 0.140618 0.0428649 0.0343858 0.0530894 0.0478936 0.0898519 0.0599803
0.00385717 0.979653 9.99457E-05 9.99457E-05 9.99457E-05 0.00962546 9.99457E-05 9.99457E-05 9.99457E-05 0.00616466 9.99457E-05
0.061019 0.058541 0.221429 0.102039 0.153537 0.0569969 0.0784002 0.0587999 0.034985 0.10136 0.0728938
0.0692995 0.0585872 0.153816 0.183007 0.153108 0.0923022 0.0437093 0.0628929 0.0452496 0.0841664 0.0538611
0.00505699 9.99369E-05 0.988357 9.99369E-05 9.99369E-05 9.99369E-05 9.99369E-05 9.99369E-05 0.00449949 9.99369E-05 0.00138728
9.99101E-05 9.99101E-05 0.999001 9.99101E-05 9.99101E-05 9.99101E-05 9.99101E-05 9.99101E-05 9.99101E-05 9.99101E-05 9.99101E-05
0.542478 0.032371 0.118858 0.132571 0.0660712 0.0325165 0.0168544 0.0455936 9.9982E-05 9.9982E-05 0.0124864
9.99101E-05 9.99101E-05 9.99101E-05 0.999001 9.99101E-05 9.99101E-05 9.99101E-05 9.99101E-05 9.99101E-05 9.99101E-05 9.99101E-05
0.00313916 9.9955E-05 9.9955E-05 0.959168 9.9955E-05 0.0136474 0.00676803 0.0156196 9.9955E-05 9.9955E-05 0.00115791
0.0832315 0.0341629 0.208529 0.173174 0.195204 0.0669126 0.0579395 0.0469645 0.0231747 0.0408398 0.0698679
0.00785984 0.0176411 0.021131 0.0490781 0.0311101 0.0372753 0.0208872 9.9991E-05 0.00175026 0.789159 0.0240082
0.0219753 0.0129218 0.0242739 0.0400213 0.716697 0.0448424 0.0316065 0.012858 0.0193076 0.044392 0.0311038
0.00403796 0.000955533 9.9955E-05 9.9955E-05 9.9955E-05 0.00442614 0.00223902 9.9955E-05 9.9955E-05 0.986949 0.000892233
9.9973E-05 9.9973E-05 0.0184314 0.00248147 0.941857 9.9973E-05 0.012471 0.00879389 0.00332123 0.00877524 0.00356927
0.020769 9.9964E-05 0.0154657 9.9964E-05 0.0332713 0.00349708 0.0048823 0.00406794 9.9964E-05 9.9964E-05 0.917647
9.99101E-05 9.99101E-05 9.99101E-05 9.99101E-05 9.99101E-05 0.999001 9.99101E-05 9.99101E-05 9.99101E-05 9.99101E-05 9.99101E-05
0.0103672 0.015863 0.00219289 0.0256929 0.0151663 0.921674 0.000785024 9.9982E-05 0.000873129 9.9982E-05 0.00718595
9.99101E-05 9.99101E-05 9.99101E-05 9.99101E-05 9.99101E-05 9.99101E-05 0.999001 9.99101E-05 9.99101E-05 9.99101E-05 9.99101E-05
0.999001 9.99101E-05 9.99101E-05 9.99101E-05 9.99101E-05 9.99101E-05 9.99101E-05 9.99101E-05 9.99101E-05 9.99101E-05 9.99101E-05
9.99101E-05 9.99101E-05 9.99101E-05 9.99101E-05 9.99101E-05 9.99101E-05 9.99101E-05 9.99101E-05 0.999001 9.99101E-05 9.99101E-05
0.931651 0.0114177 9.9991E-05 0.00708541 0.0118519 0.00490131 0.00978924 0.0093573 0.00553876 0.00346066 0.00484642
9.9964E-05 0.00162058 9.9964E-05 9.9964E-05 9.9964E-05 0.0135135 0.000998211 0.00129566 0.967368 0.00310355 0.0117004
0.0383009 0.0107188 0.410931 0.0869131 0.149154 0.0165417 0.0369774 0.0564075 0.0390686 0.10111 0.0538775
9.99101E-05 0.999001 9.99101E-05 9.99101E-05 9.99101E-05 9.99101E-05 9.99101E-05 9.99101E-05 9.99101E-05 9.99101E-05 9.99101E-05
0.110696 0.0492041 0.168126 0.111631 0.140732 0.0745794 0.0685276 0.0439964 0.0435233 0.0909966 0.0979882
9.99189E-05 9.99189E-05 0.998646 9.99189E-05 9.99189E-05 9.99189E-05 9.99189E-05 9.99189E-05 0.000454234 9.99189E-05 9.99189E-05
9.99101E-05 9.99101E-05 0.999001 9.99101E-05 9.99101E-05 9.99101E-05 9.99101E-05 9.99101E-05 9.99101E-05 9.99101E-05 9.99101E-05
0.0567343 0.0393802 0.239116 0.246343 0.170431 0.0465567 0.0393223 0.0326096 0.0174398 0.0536902 0.0583782
9.99101E-05 9.99101E-05 9.99101E-05 0.999001 9.99101E-05 9.99101E-05 9.99101E-05 9.99101E-05 9.99101E-05 9.99101E-05 9.99101E-05
0.0426149 0.0305944 0.0934441 0.494654 0.118166 0.0183679 0.0377995 0.0481723 0.0358287 0.0485512 0.0318068
9.9964E-05 0.00405873 9.9964E-05 9.9964E-05 0.97102 0.00509642 0.000282901 0.0102062 9.9964E-05 0.00874919 0.000187175
9.99101E-05 9.99101E-05 9.99101E-05 9.99101E-05 9.99101E-05 9.99101E-05 9.99101E-05 9.99101E-05 9.99101E-05 0.999001 9.99101E-05
0.0185453 0.00559101 0.0403498 0.0714015 0.699383 0.0245875 0.0242461 0.0289394 0.0135302 0.0359516 0.0374743
9.99101E-05 9.99101E-05 9.99101E-05 9.99101E-05 9.99101E-05 9.99101E-05 9.99101E-05 9.99101E-05 9.99101E-05 9.99101E-05 0.999001
0.00501311 0.000852585 0.0127515 9.9964E-05 0.0303151 9.9964E-05 0.0126066 9.9964E-05 9.9964E-05 0.00108549 0.936976
9.99101E-05 9.99101E-05 9.99101E-05 9.99101E-05 9.99101E-05 0.999001 9.99101E-05 9.99101E-05 9.99101E-05 9.99101E-05 9.99101E-05
0.00889712 0.023981 9.9991E-05 0.0329667 0.0251675 0.872655 0.000798027 0.010916 0.0104925 0.00515974 0.00886697
9.99101E-05 9.99101E-05 9.99101E-05 9.99101E-05 9.99101E-05 9.99101E-05 0.999001 9.99101E-05 9.99101E-05 9.99101E-05 9.99101E-05
0.999001 9.99101E-05 9.99101E-05 9.99101E-05 9.99101E-05 9.99101E-05 9.99101E-05 9.99101E-05 9.99101E-05 9.99101E-05 9.99101E-05
9.9937E-05 0.00539113 9.9937E-05 9.9937E-05 9.9937E-05 0.00422641 9.9937E-05 0.979966 9.9937E-05 0.00971737 9.9937E-05
0.999001 9.99101E-05 9.99101E-05 9.99101E-05 9.99101E-05 9.99101E-05 9.99101E-05 9.99101E-05 9.99101E-05 9.99101E-05 9.99101E-05
9.99101E-05 9.99101E-05 9.99101E-05 9.99101E-05 9.99101E-05 9.99101E-05 9.99101E-05 0.999001 9.99101E-05 9.99101E-05 9.99101E-05
0.0591444 0.0230637 0.359996 0.0873192 0.155921 0.0325385 0.0345888 0.0438733 0.0351138 0.105546 0.0628959
9.9955E-05 0.985789 9.9955E-05 9.9955E-05 9.9955E-05 0.00446993 0.0049619 0.000348925 0.00285372 9.9955E-05 0.00107722
0.0415501 0.0436335 0.28506 0.100087 0.179399 0.0456492 0.0572716 0.0536568 0.0267623 0.111292 0.0556385
0.00315054 9.99459E-05 0.97624 9.99459E-05 9.99459E-05 0.00788968 0.00246347 9.99459E-05 0.00965691 9.99459E-05 9.99459E-05
9.99101E-05 9.99101E-05 0.999001 9.99101E-05 9.99101E-05 9.99101E-05 9.99101E-05 9.99101E-05 9.99101E-05 9.99101E-05 9.99101E-05
0.0612947 0.0679971 0.189239 0.19842 0.157895 0.0519996 0.0681572 0.0755621 0.00939751 0.067865 0.0521731
9.99101E-05 9.99101E-05 9.99101E-05 0.999001 9.99101E-05 9.99101E-05 9.99101E-05 9.99101E-05 9.99101E-05 9.99101E-05 9.99101E-05
0.0490222 0.0507828 0.155609 0.0601098 0.0934348 0.0645128 0.0343969 0.0227193 0.034091 0.393349 0.0419726
0.0229432 0.0184379 9.9991E-05 0.0120815 0.841752 0.0373186 0.0158535 0.0176163 0.00427014 0.0143655 0.0152612
9.99101E-05 9.99101E-05 9.99101E-05 9.99101E-05 9.99101E-05 9.99101E-05 9.99101E-05 9.99101E-05 9.99101E-05 0.999001 9.99101E-05
9.99101E-05 9.99101E-05 9.99101E-05 9.99101E-05 0.999001 9.99101E-05 9.99101E-05 9.99101E-05 9.99101E-05 9.99101E-05 9.99101E-05
9.9937E-05 9.9937E-05 9.9937E-05 9.9937E-05 9.9937E-05 0.00878056 9.9937E-05 9.9937E-05 0.000632221 0.0050011 0.984887
0.00297486 9.9946E-05 0.0136173 9.9946E-05 0.0159555 9.9946E-05 0.0112246 9.9946E-05 9.9946E-05 9.9946E-05 0.955628
9.99101E-05 9.99101E-05 9.99101E-05 9.99101E-05 9.99101E-05 0.999001 9.99101E-05 9.99101E-05 9.99101E-05 9.99101E-05 9.99101E-05
0.0308779 0.0367172 0.0488437 0.0664872 0.103655 0.566844 0.0322035 0.0317802 0.0264759 0.0357969 0.0203184
0.00276514 0.00768931 0.00322798 0.00438481 9.9982E-05 9.9982E-05 0.956466 0.00357138 0.00346454 0.00692209 0.0113086
0.972198 9.9964E-05 9.9964E-05 0.00751163 9.9964E-05 9.9964E-05 0.00496557 0.00640579 0.00071247 0.00115166 0.00665465
0.00927621 0.00830436 9.9973E-05 0.00564235 9.9973E-05 0.0151217 0.00377388 9.9973E-05 0.94184 0.0108079 0.00493344
0.851427 0.0142401 0.0139469 0.000761963 0.0242452 0.0243036 0.0136285 0.015673 0.00936735 0.0177464 0.0146596
9.99101E-05 9.99101E-05 9.99101E-05 9.99101E-05 9.99101E-05 9.99101E-05 9.99101E-05 0.999001 9.99101E-05 9.99101E-05 9.99101E-05
0.0475387 0.0396997 0.337503 0.105153 0.148005 0.0289468 0.0461999 0.0458847 0.0388978 0.108536 0.053635
9.99101E-05 0.999001 9.99101E-05 9.99101E-05 9.99101E-05 9.99101E-05 9.99101E-05 9.99101E-05 9.99101E-05 9.99101E-05 9.99101E-05
0.042457 0.0503761 0.344145 0.0958316 0.135403 0.0500244 0.0513513 0.0289664 0.0325523 0.100219 0.0686735
0.0333902 0.0150942 0.655693 0.062566 0.0980911 0.0216929 0.0286591 0.0011363 0.0249581 0.027964 0.0307552
9.99101E-05 9.99101E-05 0.999001 9.99101E-05 9.99101E-05 9.99101E-05 9.99101E-05 9.99101E-05 9.99101E-05 9.99101E-05 9.99101E-05
0.000980011 9.9973E-05 0.00793662 0.948721 0.0126433 0.020712 0.000439682 0.00382058 9.9973E-05 0.00444663 9.9973E-05
0.0714337 0.0682121 0.209024 0.171127 0.180672 0.0517217 0.0615259 0.0702794 0.00493141 0.0457405 0.0653315
0.0537234 0.0421127 0.161661 0.0621479 0.0911794 0.0598391 0.0403221 0.0339438 0.0346503 0.362769 0.0576509
0.0102342 0.0103382 9.9973E-05 0.000311949 0.922543 0.0182324 9.9973E-05 0.00754685 0.00934622 0.0211476 9.9973E-05
9.99101E-05 9.99101E-05 9.99101E-05 9.99101E-05 9.99101E-05 9.99101E-05 9.99101E-05 9.99101E-05 9.99101E-05 0.999001 9.99101E-05
0.000817441 9.9991E-05 0.0628422 0.0602892 0.754006 0.032281 0.0136897 0.0180993 0.0146642 0.0219694 0.0212416
9.9919E-05 9.9919E-05 9.9919E-05 0.00263935 9.9919E-05 9.9919E-05 9.9919E-05 9.9919E-05 9.9919E-05 9.9919E-05 0.996461
9.99101E-05 9.99101E-05 9.99101E-05 9.99101E-05 9.99101E-05 9.99101E-05 9.99101E-05 9.99101E-05 9.99101E-05 9.99101E-05 0.999001
9.99101E-05 9.99101E-05 9.99101E-05 9.99101E-05 9.99101E-05 0.999001 9.99101E-05 9.99101E-05 9.99101E-05 9.99101E-05 9.99101E-05
0.0332218 0.0318218 0.062508 0.0716695 0.0868838 0.569516 0.0294667 0.00553639 0.0268248 0.0506529 0.0318984
0.0131463 0.0187104 0.0302477 0.00855902 0.0183798 0.0208036 0.835172 9.9991E-05 0.0115794 0.0311257 0.0121761
0.999001 9.99101E-05 9.99101E-05 9.99101E-05 9.99101E-05 9.99101E-05 9.99101E-05 9.99101E-05 9.99101E-05 9.99101E-05 9.99101E-05
9.99101E-05 9.99101E-05 9.99101E-05 9.99101E-05 9.99101E-05 9.99101E-05 9.99101E-05 9.99101E-05 0.999001 9.99101E-05 9.99101E-05
0.743523 0.0263172 0.0256303 0.0128661 0.0357543 0.0328363 0.019116 0.018309 0.0245386 0.0238322 0.0372774
9.99101E-05 9.99101E-05 9.99101E-05 9.99101E-05 9.99101E-05 9.99101E-05 9.99101E-05 0.999001 9.99101E-05 9.99101E-05 9.99101E-05
0.033343 0.0328333 0.384984 0.0863416 0.135692 0.0327592 0.0429021 0.0404282 0.0464642 0.114079 0.0501729
9.99101E-05 0.999001 9.99101E-05 9.99101E-05 9.99101E-05 9.99101E-05 9.99101E-05 9.99101E-05 9.99101E-05 9.99101E-05 9.99101E-05
0.0498369 0.0636902 0.161567 0.222914 0.138913 0.0722275 0.0545085 0.0793833 0.0242018 0.084115 0.0486426
0.0336974 0.0565395 0.38132 0.095865 0.140244 0.0340846 0.0393716 0.0360642 0.0318286 0.0940919 0.0568924
0.0131073 0.0225079 0.629209 0.0733589 0.108249 0.0459538 0.0311291 0.0250063 0.00195209 0.0173553 0.0321713
0.018521 0.0277946 0.818756 0.0301733 0.0268626 0.00221554 0.022678 0.012205 0.00255015 0.0169617 0.0212818
0.0422811 0.0185084 0.110028 0.569214 0.0396273 0.050426 0.032712 0.0496481 0.0311823 0.0237605 0.0326118
0.080297 0.0680121 0.201436 0.181492 0.165739 0.0494042 0.072493 0.0593381 0.0241691 0.0454753 0.0521442
0.00871039 0.0181027 0.00128242 0.0293114 0.0544593 0.0252774 0.0169335 9.9991E-05 0.00703535 0.826521 0.0122663
0.00991731 0.00778306 9.9955E-05 9.9955E-05 0.962471 0.0013803 9.9955E-05 0.0158595 9.9955E-05 9.9955E-05 0.00208874
0.00910911 0.0118838 9.9982E-05 0.00725783 0.00663444 9.9982E-05 0.00284522 0.00832769 0.00320746 0.933365 0.0171699
9.99101E-05 9.99101E-05 9.99101E-05 9.99101E-05 0.999001 9.99101E-05 9.99101E-05 9.99101E-05 9.99101E-05 9.99101E-05 9.99101E-05
9.9964E-05 0.00246768 9.9964E-05 0.015323 9.9964E-05 0.00540703 9.9964E-05 0.00290146 0.0111499 0.00615781 0.956193
9.99101E-05 9.99101E-05 9.99101E-05 9.99101E-05 9.99101E-05 9.99101E-05 9.99101E-05 9.99101E-05 9.99101E-05 9.99101E-05 0.999001
9.99101E-05 9.99101E-05 9.99101E-05 9.99101E-05 9.99101E-05 0.999001 9.99101E-05 9.99101E-05 9.99101E-05 9.99101E-05 9.99101E-05
0.00164363 0.00981107 9.9964E-05 0.0394633 0.0194575 0.911751 0.00593745 9.9964E-05 9.9964E-05 9.9964E-05 0.0115363
9.9928E-05 9.9928E-05 9.9928E-05 9.9928E-05 9.9928E-05 9.9928E-05 0.995032 9.9928E-05 0.000184171 9.9928E-05 0.00398429
0.999001 9.99101E-05 9.99101E-05 9.99101E-05 9.99101E-05 9.99101E-05 9.99101E-05 9.99101E-05 9.99101E-05 9.99101E-05 9.99101E-05
9.99101E-05 9.99101E-05 9.99101E-05 9.99101E-05 9.99101E-05 9.99101E-05 9.99101E-05 9.99101E-05 0.999001 9.99101E-05 9.99101E-05
0.999001 9.99101E-05 9.99101E-05 9.99101E-05 9.99101E-05 9.99101E-05 9.99101E-05 9.99101E-05 9.99101E-05 9.99101E-05 9.99101E-05
9.99101E-05 9.99101E-05 9.99101E-05 9.99101E-05 9.99101E-05 9.99101E-05 9.99101E-05 0.999001 9.99101E-05 9.99101E-05 9.99101E-05
0.0902301 0.0509548 0.247872 0.204465 0.141469 0.0517479 0.0431726 0.0598692 0.00340513 0.0551093 0.0517046
0.0119506 0.977347 9.9937E-05 9.9937E-05 9.9937E-05 9.9937E-05 9.9937E-05 0.00849788 0.00150467 9.9937E-05 9.9937E-05
0.0645303 0.0548809 0.154396 0.227829 0.135536 0.0923889 0.052991 0.0751658 0.0218474 0.086854 0.0335808
0.0608944 0.0442237 0.30283 0.0833014 0.15848 0.0514161 0.0502317 0.0680465 0.0259097 0.10305 0.051616
0.00620136 0.0273917 0.643268 0.0732746 0.107277 0.0329036 0.0397291 0.0259329 0.000460466 0.00643732 0.0371239
0.0188939 0.0138022 0.766796 0.054249 0.0460546 0.0199361 0.013994 0.0210329 9.9991E-05 0.0281156 0.0170254
9.9919E-05 9.9919E-05 9.9919E-05 0.996691 9.9919E-05 9.9919E-05 9.9919E-05 0.00240936 9.9919E-05 9.9919E-05 9.9919E-05
0.076986 0.0484299 0.20891 0.184647 0.152296 0.071719 0.0606249 0.0470931 0.0268686 0.0604643 0.0619613
9.999E-05 0.0119269 0.017649 0.0347702 0.0224792 0.0322421 0.0167608 0.00511499 0.00347415 0.834237 0.0212461
9.99101E-05 9.99101E-05 9.99101E-05 9.99101E-05 0.999001 9.99101E-05 9.99101E-05 9.99101E-05 9.99101E-05 9.99101E-05 9.99101E-05
9.99101E-05 9.99101E-05 9.99101E-05 9.99101E-05 9.99101E-05 9.99101E-05 9.99101E-05 9.99101E-05 9.99101E-05 0.999001 9.99101E-05
9.9928E-05 9.9928E-05 0.000876012 9.9928E-05 0.988961 9.9928E-05 0.00936343 9.9928E-05 9.9928E-05 9.9928E-05 9.9928E-05
9.9955E-05 0.00991931 9.9955E-05 0.00320292 9.9955E-05 9.9955E-05 9.9955E-05 0.00699301 0.0092028 0.0121376 0.958045
9.9928E-05 9.9928E-05 9.9928E-05 9.9928E-05 0.000194826 9.9928E-05 0.00361953 9.9928E-05 9.9928E-05 9.9928E-05 0.995386
9.99101E-05 9.99101E-05 9.99101E-05 9.99101E-05 9.99101E-05 0.999001 9.99101E-05 9.99101E-05 9.99101E-05 9.99101E-05 9.99101E-05
9.99101E-05 9.99101E-05 9.99101E-05 9.99101E-05 9.99101E-05 0.999001 9.99101E-05 9.99101E-05 9.99101E-05 9.99101E-05 9.99101E-05
0.00697325 9.9937E-05 9.9937E-05 9.9937E-05 9.9937E-05 0.0128624 0.977758 0.00170687 9.9937E-05 9.9937E-05 9.9937E-05
0.976753 0.00658769 9.9955E-05 9.9955E-05 9.9955E-05 0.00319409 9.9955E-05 0.00365562 0.000946745 0.00836271 9.9955E-05
0.0410418 0.0199979 0.0806214 0.0665602 0.0905398 0.0519635 0.0531845 0.327493 0.177349 0.0500957 0.0411534
0.964983 0.00542447 0.0112872 0.00451659 0.00311251 9.9982E-05 0.000522622 0.00392098 0.0025683 9.9982E-05 0.00346439
0.00120408 0.986361 9.9946E-05 9.9946E-05 9.9946E-05 0.00495675 9.9946E-05 9.9946E-05 0.00104168 9.9946E-05 0.00583711
0.0317965 0.0355506 0.353928 0.101373 0.135652 0.0400796 0.0281126 0.0358182 0.046658 0.13114 0.059891
0.0702369 0.0556519 0.15374 0.227511 0.149578 0.0739092 0.0467348 0.0852915 0.0118697 0.081038 0.04444
0.0680228 0.0447092 0.261332 0.13367 0.136681 0.0364402 0.0615502 0.0656113 0.0515166 0.0742753 0.0661908
0.0123495 0.029679 0.651225 0.0580404 0.0957977 0.0294211 0.0447807 0.0320869 0.00574024 0.000387115 0.040492
0.0366443 0.0304605 0.648167 0.0695855 0.0701945 0.0140045 0.0227481 0.0243027 0.0383049 0.0275201 0.018068
9.99101E-05 9.99101E-05 9.99101E-05 0.999001 9.99101E-05 9.99101E-05 9.99101E-05 9.99101E-05 9.99101E-05 9.99101E-05 9.99101E-05
9.9937E-05 9.9937E-05 0.00224308 0.975512 9.9937E-05 0.0053098 9.9937E-05 0.0162351 9.9937E-05 9.9937E-05 9.9937E-05
0.0833255 0.0298228 0.245378 0.230114 0.164823 0.049336 0.0595698 0.0565003 0.0078203 0.0407793 0.0325316
0.000590234 0.0136925 9.9982E-05 0.0287939 0.0332726 0.0344913 0.0124596 9.9982E-05 0.00778738 0.84926 0.0194525
9.99101E-05 9.99101E-05 9.99101E-05 9.99101E-05 0.999001 9.99101E-05 9.99101E-05 9.99101E-05 9.99101E-05 9.99101E-05 9.99101E-05
9.99101E-05 9.99101E-05 9.99101E-05 9.99101E-05 9.99101E-05 9.99101E-05 9.99101E-05 9.99101E-05 9.99101E-05 0.999001 9.99101E-05
9.9928E-05 9.9928E-05 0.00201979 9.9928E-05 0.992442 9.9928E-05 0.00473923 9.9928E-05 9.9928E-05 9.9928E-05 9.9928E-05
9.9919E-05 9.9919E-05 9.9919E-05 9.9919E-05 9.9919E-05 9.9919E-05 9.9919E-05 9.9919E-05 9.9919E-05 0.00199078 0.99711
0.00312493 0.00869749 9.9955E-05 0.0239103 0.00824991 0.952186 9.9955E-05 9.9955E-05 9.9955E-05 9.9955E-05 0.00333144
9.99101E-05 9.99101E-05 9.99101E-05 9.99101E-05 9.99101E-05 9.99101E-05 0.999001 9.99101E-05 9.99101E-05 9.99101E-05 9.99101E-05
0.0358622 0.0185734 0.112579 0.0630326 0.110013 0.0612985 0.498769 0.0223385 0.0198597 0.00888554 0.048788
0.0426138 0.0472975 0.144516 0.0813483 0.106953 0.0621729 0.0431797 0.185288 0.164796 0.0575016 0.0643328
0.999001 9.99101E-05 9.99101E-05 9.99101E-05 9.99101E-05 9.99101E-05 9.99101E-05 9.99101E-05 9.99101E-05 9.99101E-05 9.99101E-05
9.99101E-05 9.99101E-05 9.99101E-05 9.99101E-05 9.99101E-05 9.99101E-05 9.99101E-05 9.99101E-05 0.999001 9.99101E-05 9.99101E-05
0.854103 0.00629405 0.0296338 0.0186365 0.00647064 0.0205793 0.013692 9.9991E-05 0.011793 0.0183814 0.0203166
9.99101E-05 0.999001 9.99101E-05 9.99101E-05 9.99101E-05 9.99101E-05 9.99101E-05 9.99101E-05 9.99101E-05 9.99101E-05 9.99101E-05
0.0427421 0.0441388 0.311467 0.10254 0.131164 0.0536364 0.055067 0.0359779 0.040976 0.130921 0.0513694
0.0720441 0.0658461 0.14804 0.194993 0.158397 0.0727467 0.0464179 0.0606213 0.0423532 0.0881889 0.050352
0.0497953 0.0424329 0.305027 0.140623 0.132758 0.0532148 0.054834 0.0164804 0.0513053 0.0892812 0.0642483
0.0237626 0.0168985 0.710159 0.0558164 0.0550644 0.0059866 0.0417394 0.00671223 0.0338722 0.0358901 0.0140982
0.0185331 0.0250664 0.892177 0.00872877 9.99795E-05 9.99795E-05 9.99795E-05 0.0177281 0.0156411 0.00709105 0.0147341
9.99101E-05 9.99101E-05 9.99101E-05 0.999001 9.99101E-05 9.99101E-05 9.99101E-05 9.99101E-05 9.99101E-05 9.99101E-05 9.99101E-05
0.0223708 0.0111396 0.0293501 0.77918 0.0282056 0.0399984 0.0123782 0.0139428 0.0109576 0.0260727 0.0264042
0.082575 0.0496686 0.246783 0.234454 0.152172 0.0403924 0.0576569 0.0559726 0.00275819 0.0476533 0.0299139
0.0120541 0.0299629 9.9982E-05 0.0411592 0.0333135 0.0280967 0.0323552 9.9982E-05 0.00911682 0.790956 0.0227853
9.99101E-05 9.99101E-05 9.99101E-05 9.99101E-05 0.999001 9.99101E-05 9.99101E-05 9.99101E-05 9.99101E-05 9.99101E-05 9.99101E-05
9.99101E-05 9.99101E-05 9.99101E-05 9.99101E-05 9.99101E-05 9.99101E-05 9.99101E-05 9.99101E-05 9.99101E-05 0.999001 9.99101E-05
9.99101E-05 9.99101E-05 9.99101E-05 9.99101E-05 9.99101E-05 9.99101E-05 9.99101E-05 9.99101E-05 9.99101E-05 9.99101E-05 0.999001
