9.99101E-05 9.99101E-05 0.999001 9.99101E-05 9.99101E-05 9.99101E-05 9.99101E-05 9.99101E-05 9.99101E-05 9.99101E-05 9.99101E-05
0.00301033 0.0115314 0.0071972 0.0148 0.947777 9.9964E-05 0.0122072 9.9964E-05 9.9964E-05 9.9964E-05 0.00307691
0.00179126 0.0030205 0.00298269 0.0238932 0.94219 9.9973E-05 0.0144877 9.9973E-05 0.00762046 9.9973E-05 0.00371391
9.99101E-05 9.99101E-05 9.99101E-05 9.99101E-05 9.99101E-05 9.99101E-05 9.99101E-05 0.999001 9.99101E-05 9.99101E-05 9.99101E-05
9.99101E-05 9.99101E-05 9.99101E-05 9.99101E-05 9.99101E-05 9.99101E-05 9.99101E-05 0.999001 9.99101E-05 9.99101E-05 9.99101E-05
0.107919 0.0423877 0.067415 0.101331 0.0502099 0.0953948 0.102299 0.0433417 0.0212419 0.318165 0.0502946
9.99101E-05 9.99101E-05 9.99101E-05 9.99101E-05 9.99101E-05 9.99101E-05 9.99101E-05 9.99101E-05 9.99101E-05 9.99101E-05 0.999001
9.99101E-05 9.99101E-05 9.99101E-05 9.99101E-05 9.99101E-05 9.99101E-05 9.99101E-05 9.99101E-05 9.99101E-05 0.999001 9.99101E-05
0.397062 0.0239668 0.0563495 0.135586 0.0342168 0.0493401 0.0754538 0.030419 0.104957 0.0358783 0.0567706
9.9955E-05 0.976994 0.000847107 9.9955E-05 0.0106003 0.00456043 9.9955E-05 0.00494901 9.9955E-05 9.9955E-05 0.00154899
0.258997 0.0490644 0.0636641 0.149585 0.0649912 0.0668477 0.0907076 0.065119 0.102467 0.0425626 0.0459949
0.162497 0.0631082 0.0578705 0.146754 0.0840964 0.0592009 0.18069 0.0440008 0.0964029 0.0387375 0.0666416
0.98629 9.99369E-05 9.99369E-05 9.99369E-05 9.99369E-05 9.99369E-05 0.000994999 0.00710389 9.99369E-05 9.99369E-05 0.00491113
0.999001 9.99101E-05 9.99101E-05 9.99101E-05 9.99101E-05 9.99101E-05 9.99101E-05 9.99101E-05 9.99101E-05 9.99101E-05 9.99101E-05
0.128202 0.0332095 0.00363379 0.0778722 0.0258869 0.03543 0.149842 0.0125688 9.9982E-05 9.9982E-05 0.533155
9.99101E-05 9.99101E-05 9.99101E-05 9.99101E-05 9.99101E-05 9.99101E-05 0.999001 9.99101E-05 9.99101E-05 9.99101E-05 9.99101E-05
9.9946E-05 9.9946E-05 0.00193268 9.9946E-05 0.0224694 0.01557 0.958851 9.9946E-05 0.000577247 9.9946E-05 9.9946E-05
0.190576 0.0308347 0.056587 0.168528 0.0769828 0.0579581 0.181805 0.052044 0.0651214 0.0324181 0.0871448
0.00711821 0.0311202 0.030572 0.0211224 0.0224807 0.00235183 0.0563315 0.0233911 0.799957 9.9991E-05 0.0054551
0.0304359 0.0260729 0.0270957 0.706284 0.0342296 0.0198483 0.0317956 0.0347442 0.0378192 0.0226425 0.0290322
9.9937E-05 9.9937E-05 9.9937E-05 9.9937E-05 9.9937E-05 0.0054056 9.9937E-05 9.9937E-05 0.989971 0.00313962 0.000784052
0.0201071 9.9955E-05 0.00360266 0.945537 9.9955E-05 0.00698929 9.9955E-05 0.0144477 0.00881648 9.9955E-05 9.9955E-05
0.0185504 9.9955E-05 0.918359 0.0316506 0.00258018 9.9955E-05 9.9955E-05 0.0103068 9.9955E-05 9.9955E-05 0.0180529
9.99101E-05 9.99101E-05 9.99101E-05 9.99101E-05 0.999001 9.99101E-05 9.99101E-05 9.99101E-05 9.99101E-05 9.99101E-05 9.99101E-05
9.9964E-05 0.0150599 0.012582 0.0132037 0.914664 9.9964E-05 0.0224021 9.9964E-05 9.9964E-05 0.0012779 0.0204103
9.99101E-05 9.99101E-05 9.99101E-05 9.99101E-05 9.99101E-05 9.99101E-05 9.99101E-05 0.999001 9.99101E-05 9.99101E-05 9.99101E-05
9.99101E-05 9.99101E-05 9.99101E-05 9.99101E-05 9.99101E-05 9.99101E-05 9.99101E-05 9.99101E-05 9.99101E-05 9.99101E-05 0.999001
9.99101E-05 9.99101E-05 9.99101E-05 9.99101E-05 9.99101E-05 9.99101E-05 9.99101E-05 9.99101E-05 9.99101E-05 0.999001 9.99101E-05
0.00972265 0.0111536 0.00790511 0.0100013 0.00602202 0.00622297 0.0170682 0.000585869 0.00200454 0.0048631 0.924451
9.9964E-05 0.00394183 0.00275191 0.0111906 0.00318545 9.9964E-05 0.00257505 0.00439132 9.9964E-05 0.971564 9.9964E-05
0.446137 0.0157611 0.0381051 0.125698 0.0162972 0.0599629 0.0813806 0.0302257 0.109447 0.0351909 0.0417953
9.99101E-05 0.999001 9.99101E-05 9.99101E-05 9.99101E-05 9.99101E-05 9.99101E-05 9.99101E-05 9.99101E-05 9.99101E-05 9.99101E-05
0.191427 0.0659348 0.0920256 0.1088 0.0775426 0.0503602 0.0906163 0.0633964 0.0917748 0.0623468 0.105775
0.992974 9.99189E-05 9.99189E-05 9.99189E-05 9.99189E-05 9.99189E-05 9.99189E-05 9.99189E-05 9.99189E-05 0.00612697 9.99189E-05
0.999001 9.99101E-05 9.99101E-05 9.99101E-05 9.99101E-05 9.99101E-05 9.99101E-05 9.99101E-05 9.99101E-05 9.99101E-05 9.99101E-05
0.209419 0.0502591 0.0597025 0.167248 0.0480115 0.0277353 0.24479 0.0462799 0.0734353 0.0196194 0.0534997
9.99101E-05 9.99101E-05 9.99101E-05 9.99101E-05 9.99101E-05 9.99101E-05 0.999001 9.99101E-05 9.99101E-05 9.99101E-05 9.99101E-05
0.083034 0.0358828 0.0304883 0.107749 0.018919 0.0452098 0.488284 0.0397646 0.0593858 0.0446706 0.0466126
9.9964E-05 0.00632988 9.9964E-05 0.953705 0.000278381 0.0120956 9.9964E-05 9.9964E-05 0.0125861 0.0103105 0.00429458
9.99101E-05 9.99101E-05 9.99101E-05 9.99101E-05 9.99101E-05 9.99101E-05 9.99101E-05 9.99101E-05 0.999001 9.99101E-05 9.99101E-05
0.0415884 0.021903 0.0334377 0.687344 0.0220979 0.0313499 0.0463092 0.0356376 0.0420085 0.0208712 0.0174528
9.99101E-05 9.99101E-05 0.999001 9.99101E-05 9.99101E-05 9.99101E-05 9.99101E-05 9.99101E-05 9.99101E-05 9.99101E-05 9.99101E-05
0.0209018 0.00385606 0.94451 0.0221517 9.9964E-05 9.9964E-05 9.9964E-05 0.00264511 0.00165044 9.9964E-05 0.00388498
9.99101E-05 9.99101E-05 9.99101E-05 9.99101E-05 0.999001 9.99101E-05 9.99101E-05 9.99101E-05 9.99101E-05 9.99101E-05 9.99101E-05
0.0204606 0.00932882 0.0197029 0.0130186 0.876841 0.0152438 0.0119255 0.00378902 0.00616122 0.0142546 0.00927448
9.99101E-05 9.99101E-05 9.99101E-05 9.99101E-05 9.99101E-05 9.99101E-05 9.99101E-05 0.999001 9.99101E-05 9.99101E-05 9.99101E-05
9.99101E-05 9.99101E-05 9.99101E-05 9.99101E-05 9.99101E-05 9.99101E-05 9.99101E-05 9.99101E-05 9.99101E-05 9.99101E-05 0.999001
9.9967E-05 0.00220502 9.9967E-05 0.0129123 0.000341357 0.97931 9.9967E-05 0.000380094 9.9967E-05 0.00173832 0.00271294
9.99101E-05 9.99101E-05 9.99101E-05 9.99101E-05 9.99101E-05 9.99101E-05 9.99101E-05 9.99101E-05 9.99101E-05 9.99101E-05 0.999001
9.99101E-05 9.99101E-05 9.99101E-05 9.99101E-05 9.99101E-05 0.999001 9.99101E-05 9.99101E-05 9.99101E-05 9.99101E-05 9.99101E-05
0.389265 0.0351073 0.0559897 0.12934 0.0227543 0.0590382 0.0822107 0.0424153 0.100167 0.0324617 0.0512504
0.000502268 0.976196 9.9946E-05 9.9946E-05 0.00265993 9.9946E-05 9.9946E-05 0.00902231 9.9946E-05 0.0110201 9.9946E-05
0.288025 0.0420033 0.0522038 0.187988 0.0445951 0.0522819 0.0858408 0.052659 0.106549 0.0289066 0.0589482
0.962107 0.0016348 0.00728502 9.99549E-05 0.00967308 9.99549E-05 9.99549E-05 0.0115079 9.99549E-05 0.00729274 9.99549E-05
0.998796 9.99189E-05 9.99189E-05 9.99189E-05 0.000305058 9.99189E-05 9.99189E-05 9.99189E-05 9.99189E-05 9.99189E-05 9.99189E-05
0.164961 0.0712218 0.0577435 0.15851 0.0525648 0.0670441 0.209636 0.0646371 0.0595305 0.0187886 0.0753626
9.99101E-05 9.99101E-05 9.99101E-05 9.99101E-05 9.99101E-05 9.99101E-05 0.999001 9.99101E-05 9.99101E-05 9.99101E-05 9.99101E-05
0.155266 0.0369703 0.0412369 0.0901411 0.0660042 0.0230298 0.0653929 0.0449374 0.384516 0.0476901 0.044815
9.9982E-05 0.017828 0.0207563 0.843723 0.0350073 0.0100498 9.9982E-05 0.0111161 0.0116171 0.0215169 0.0281853
9.99101E-05 9.99101E-05 9.99101E-05 9.99101E-05 9.99101E-05 9.99101E-05 9.99101E-05 9.99101E-05 0.999001 9.99101E-05 9.99101E-05
9.99101E-05 9.99101E-05 9.99101E-05 0.999001 9.99101E-05 9.99101E-05 9.99101E-05 9.99101E-05 9.99101E-05 9.99101E-05 9.99101E-05
9.9955E-05 9.9955E-05 0.981305 9.9955E-05 0.00256146 0.00169947 0.00132508 9.9955E-05 0.00742759 0.00518164 9.9955E-05
0.0100156 9.9955E-05 0.946123 0.0221619 0.001639 9.9955E-05 9.9955E-05 0.00955495 9.9955E-05 9.9955E-05 0.0100055
9.99101E-05 9.99101E-05 9.99101E-05 9.99101E-05 0.999001 9.99101E-05 9.99101E-05 9.99101E-05 9.99101E-05 9.99101E-05 9.99101E-05
0.0504621 0.0437219 0.0315769 0.0825199 0.56966 0.0175016 0.0736723 0.0233689 0.043024 0.0328768 0.0316157
0.00973106 9.9973E-05 0.00794468 9.9973E-05 0.00194694 9.9973E-05 0.00681653 0.961369 0.00752281 0.00198269 0.00238634
9.9964E-05 0.00207964 9.9964E-05 0.00272185 0.00801511 0.00168863 0.011547 9.9964E-05 0.00341036 9.9964E-05 0.970138
9.9982E-05 0.0112368 0.00915927 0.000456301 0.0203115 0.000703477 9.9982E-05 0.0103101 0.0107553 0.927328 0.00953896
0.013378 0.0224561 0.0248463 0.0302221 0.0200721 0.00661124 9.9991E-05 0.00620881 0.0108551 0.0144814 0.850769
9.99101E-05 9.99101E-05 9.99101E-05 9.99101E-05 9.99101E-05 0.999001 9.99101E-05 9.99101E-05 9.99101E-05 9.99101E-05 9.99101E-05
0.370162 0.0411556 0.0616269 0.127044 0.0321379 0.0545064 0.100637 0.038937 0.111274 0.0246209 0.0378989
9.99101E-05 0.999001 9.99101E-05 9.99101E-05 9.99101E-05 9.99101E-05 9.99101E-05 9.99101E-05 9.99101E-05 9.99101E-05 9.99101E-05
0.324469 0.0494809 0.0596199 0.132923 0.0529212 0.0540933 0.0982096 0.0453819 0.115844 0.0240215 0.0430354
0.640525 0.0182441 0.0359074 0.0892623 0.0261937 9.9991E-05 0.059797 0.0327407 0.0291419 0.0305814 0.0375064
0.999001 9.99101E-05 9.99101E-05 9.99101E-05 9.99101E-05 9.99101E-05 9.99101E-05 9.99101E-05 9.99101E-05 9.99101E-05 9.99101E-05
0.00967691 0.00259837 0.000204733 0.0191069 0.0185692 0.00719513 0.936762 0.00129895 0.00438749 9.9982E-05 9.9982E-05
0.179483 0.0561813 0.0575471 0.160381 0.0609925 0.0620338 0.210985 0.072031 0.053881 0.00895698 0.0775273
0.177029 0.0477798 0.0565754 0.0928808 0.0663757 0.0281292 0.0617348 0.0401478 0.346627 0.0398592 0.0428611
9.999E-05 0.00826616 0.0114743 0.916071 0.0158113 0.00636907 0.0136818 0.00341412 0.00312555 0.00965684 0.0120296
9.99101E-05 9.99101E-05 9.99101E-05 9.99101E-05 9.99101E-05 9.99101E-05 9.99101E-05 9.99101E-05 0.999001 9.99101E-05 9.99101E-05
0.0647752 0.00446121 0.0102071 0.755353 0.0233095 0.0161802 0.0503193 0.0217496 0.019055 0.0235955 0.0109944
9.99101E-05 9.99101E-05 0.999001 9.99101E-05 9.99101E-05 9.99101E-05 9.99101E-05 9.99101E-05 9.99101E-05 9.99101E-05 9.99101E-05
9.99101E-05 9.99101E-05 0.999001 9.99101E-05 9.99101E-05 9.99101E-05 9.99101E-05 9.99101E-05 9.99101E-05 9.99101E-05 9.99101E-05
9.99101E-05 9.99101E-05 9.99101E-05 9.99101E-05 0.999001 9.99101E-05 9.99101E-05 9.99101E-05 9.99101E-05 9.99101E-05 9.99101E-05
0.0567466 0.0412838 0.0354376 0.0875374 0.565646 0.0122591 0.0750159 0.027206 0.0326674 0.0364465 0.0297534
0.0435262 0.00824783 0.00697761 0.0307316 0.00342986 0.0139255 9.9991E-05 0.838498 0.0222604 0.0109473 0.0213562
9.99101E-05 9.99101E-05 9.99101E-05 9.99101E-05 9.99101E-05 9.99101E-05 9.99101E-05 9.99101E-05 9.99101E-05 9.99101E-05 0.999001
9.99101E-05 9.99101E-05 9.99101E-05 9.99101E-05 9.99101E-05 9.99101E-05 9.99101E-05 9.99101E-05 9.99101E-05 0.999001 9.99101E-05
0.0303297 0.0115057 0.0310849 0.0203953 0.0446248 0.0189282 0.0179929 0.0312775 0.0270557 0.0221582 0.744647
9.99101E-05 9.99101E-05 9.99101E-05 9.99101E-05 9.99101E-05 0.999001 9.99101E-05 9.99101E-05 9.99101E-05 9.99101E-05 9.99101E-05
0.407652 0.0322144 0.0568468 0.13501 0.0187457 0.0411688 0.0840002 0.025479 0.10899 0.0347307 0.0551623
9.99101E-05 0.999001 9.99101E-05 9.99101E-05 9.99101E-05 9.99101E-05 9.99101E-05 9.99101E-05 9.99101E-05 9.99101E-05 9.99101E-05
0.164764 0.0566048 0.0461539 0.1328 0.0848768 0.0859232 0.21985 0.0495699 0.0824521 0.0121378 0.0648674
0.382581 0.0511632 0.0488349 0.141972 0.0389307 0.0454433 0.0834503 0.0408981 0.113848 0.0266402 0.0262382
0.622821 0.0353856 0.0293807 0.0994665 0.0327874 0.0372932 0.069585 0.0398575 0.0206197 9.9991E-05 0.0127035
0.809718 0.0241602 0.0208277 0.0430855 0.00750142 0.00766225 0.0187194 0.0230005 0.0240459 0.00477384 0.0165055
0.0882419 0.0246666 0.0394723 0.0555001 0.0598694 0.0577664 0.565766 0.0291678 0.0214058 0.0276631 0.0304808
0.164459 0.0598555 0.0606547 0.161643 0.0481407 0.0627377 0.216566 0.0807572 0.0572513 0.0174114 0.070523
9.9982E-05 0.0170236 0.0123505 0.0455519 0.0282445 9.9982E-05 0.0412542 0.0283079 0.824179 0.00181263 0.00107548
9.9964E-05 0.0123968 0.00573313 0.939882 0.00124277 0.0201096 9.9964E-05 9.9964E-05 9.9964E-05 0.00781782 0.0124185
0.00562352 0.00627726 0.0147106 9.9973E-05 0.0108768 9.9973E-05 0.00909812 9.9973E-05 0.943064 0.0048527 0.005197
9.99101E-05 9.99101E-05 9.99101E-05 0.999001 9.99101E-05 9.99101E-05 9.99101E-05 9.99101E-05 9.99101E-05 9.99101E-05 9.99101E-05
9.9973E-05 0.00537107 0.95175 9.9973E-05 0.00595565 0.00509651 0.0107689 9.9973E-05 0.0132519 0.00588359 0.00162233
9.99101E-05 9.99101E-05 0.999001 9.99101E-05 9.99101E-05 9.99101E-05 9.99101E-05 9.99101E-05 9.99101E-05 9.99101E-05 9.99101E-05
9.99101E-05 9.99101E-05 9.99101E-05 9.99101E-05 0.999001 9.99101E-05 9.99101E-05 9.99101E-05 9.99101E-05 9.99101E-05 9.99101E-05
0.00203117 0.00702278 0.0143321 0.0291028 0.905366 0.00255376 0.0315676 0.00421457 9.9982E-05 0.00360887 9.9982E-05
9.9919E-05 9.9919E-05 0.00121162 9.9919E-05 9.9919E-05 9.9919E-05 9.9919E-05 0.997889 9.9919E-05 9.9919E-05 9.9919E-05
9.99101E-05 9.99101E-05 9.99101E-05 9.99101E-05 9.99101E-05 9.99101E-05 9.99101E-05 9.99101E-05 9.99101E-05 9.99101E-05 0.999001
9.99101E-05 9.99101E-05 9.99101E-05 9.99101E-05 9.99101E-05 9.99101E-05 9.99101E-05 9.99101E-05 9.99101E-05 0.999001 9.99101E-05
9.99101E-05 9.99101E-05 9.99101E-05 9.99101E-05 9.99101E-05 9.99101E-05 9.99101E-05 9.99101E-05 9.99101E-05 9.99101E-05 0.999001
9.99101E-05 9.99101E-05 9.99101E-05 9.99101E-05 9.99101E-05 0.999001 9.99101E-05 9.99101E-05 9.99101E-05 9.99101E-05 9.99101E-05
0.235302 0.0555144 0.0657744 0.165919 0.0527089 0.0495511 0.20675 0.0371554 0.0486092 0.00119696 0.0815188
0.0039789 0.967546 9.9973E-05 9.9973E-05 0.00196522 0.00516726 0.00206305 9.9973E-05 0.001743 0.00269222 0.0145445
0.166731 0.0695397 0.0411954 0.131666 0.0837387 0.0840289 0.218699 0.043829 0.0941668 0.00739826 0.0590072
0.31195 0.030482 0.0453725 0.170076 0.0485265 0.0774716 0.0752017 0.0468231 0.103617 0.0286298 0.0618507
0.660347 0.0220014 0.0267086 0.102139 0.0267937 0.0374867 0.0585327 0.0413477 0.00656637 0.00768048 0.0103957
0.77193 0.0133233 0.00538376 0.0475845 0.0255248 0.0185184 0.0445535 0.0082111 0.0378899 0.00969545 0.0173851
9.9928E-05 9.9928E-05 9.9928E-05 9.9928E-05 9.9928E-05 0.00934603 0.986862 0.00299246 9.9928E-05 9.9928E-05 9.9928E-05
0.204118 0.0560929 0.0550374 0.157288 0.067611 0.047912 0.185061 0.0575514 0.0578606 0.0223349 0.0891323
0.01026 0.0219848 0.0151729 0.028439 0.0189219 0.00683374 0.0445807 0.027454 0.819957 0.00259064 0.00380522
9.99101E-05 9.99101E-05 9.99101E-05 0.999001 9.99101E-05 9.99101E-05 9.99101E-05 9.99101E-05 9.99101E-05 9.99101E-05 9.99101E-05
9.99101E-05 9.99101E-05 9.99101E-05 9.99101E-05 9.99101E-05 9.99101E-05 9.99101E-05 9.99101E-05 0.999001 9.99101E-05 9.99101E-05
0.00115088 9.9928E-05 9.9928E-05 0.996274 9.9928E-05 9.9928E-05 9.9928E-05 0.0017757 9.9928E-05 9.9928E-05 9.9928E-05
9.9964E-05 0.00812883 0.951343 9.9964E-05 0.00220937 0.0136012 0.00332993 9.9964E-05 0.00876711 0.0122209 9.9964E-05
9.9919E-05 9.9919E-05 0.996863 0.00223781 9.9919E-05 9.9919E-05 9.9919E-05 9.9919E-05 9.9919E-05 9.9919E-05 9.9919E-05
9.99101E-05 9.99101E-05 9.99101E-05 9.99101E-05 0.999001 9.99101E-05 9.99101E-05 9.99101E-05 9.99101E-05 9.99101E-05 9.99101E-05
9.99101E-05 9.99101E-05 9.99101E-05 9.99101E-05 0.999001 9.99101E-05 9.99101E-05 9.99101E-05 9.99101E-05 9.99101E-05 9.99101E-05
0.00263207 9.9946E-05 9.9946E-05 9.9946E-05 0.0117069 0.00405859 9.9946E-05 0.97845 9.9946E-05 9.9946E-05 0.00255328
9.9964E-05 0.00174386 0.00709535 0.000709991 0.00484798 0.00523677 9.9964E-05 9.9964E-05 9.9964E-05 0.0110233 0.968943
0.0910647 0.012484 0.0386005 0.0912396 0.048165 0.329999 0.0647964 0.0528067 0.0555534 0.174875 0.0404157
9.9964E-05 0.0144953 9.9964E-05 0.00267438 9.9964E-05 0.00635634 0.0018086 0.00336021 0.00951595 9.9964E-05 0.961389
9.9946E-05 0.990937 0.00212082 0.00461308 0.000136749 9.9946E-05 9.9946E-05 9.9946E-05 9.9946E-05 9.9946E-05 0.00159275
0.355262 0.0262587 0.0595602 0.130765 0.0444392 0.0517896 0.0890219 0.0393225 0.132251 0.0432731 0.0280567
0.147668 0.069099 0.0351563 0.147666 0.0953226 0.0798512 0.221533 0.0418172 0.0838897 0.0121112 0.0658852
0.284823 0.0434603 0.0696935 0.137247 0.027422 0.0616108 0.12404 0.0667215 0.0777933 0.045705 0.0614827
0.680564 0.0148698 0.0299634 0.0797312 0.0341021 0.041225 0.0463648 0.0508987 0.00353183 0.00458123 0.0141676
0.64463 0.028948 0.0328329 0.06084 0.0164497 0.0140352 0.0604433 0.037404 0.0343191 0.0390177 0.0310798
9.99101E-05 9.99101E-05 9.99101E-05 9.99101E-05 9.99101E-05 9.99101E-05 0.999001 9.99101E-05 9.99101E-05 9.99101E-05 9.99101E-05
0.00835088 0.00334232 9.99459E-05 9.99459E-05 0.0122085 0.0161324 0.959366 9.99459E-05 9.99459E-05 9.99459E-05 9.99459E-05
0.238031 0.0379201 0.040986 0.155978 0.0430657 0.049625 0.244545 0.0618874 0.0449264 0.00433061 0.0787046
9.9973E-05 0.0147613 0.0271846 0.0243594 0.0343859 9.9973E-05 0.0322532 0.0157338 0.850519 9.9973E-05 0.000502842
9.99101E-05 9.99101E-05 9.99101E-05 0.999001 9.99101E-05 9.99101E-05 9.99101E-05 9.99101E-05 9.99101E-05 9.99101E-05 9.99101E-05
9.99101E-05 9.99101E-05 9.99101E-05 9.99101E-05 9.99101E-05 9.99101E-05 9.99101E-05 9.99101E-05 0.999001 9.99101E-05 9.99101E-05
9.9937E-05 9.9937E-05 9.9937E-05 0.985906 9.9937E-05 0.00416408 9.9937E-05 0.00734294 9.9937E-05 0.00188696 9.9937E-05
9.9919E-05 9.9919E-05 0.994688 9.9919E-05 9.9919E-05 9.9919E-05 0.00441248 9.9919E-05 9.9919E-05 9.9919E-05 9.9919E-05
9.9955E-05 0.00493449 0.00349144 0.00678197 0.964244 9.9955E-05 0.0169614 9.9955E-05 9.9955E-05 9.9955E-05 0.00308722
9.99101E-05 9.99101E-05 9.99101E-05 9.99101E-05 9.99101E-05 9.99101E-05 9.99101E-05 0.999001 9.99101E-05 9.99101E-05 9.99101E-05
0.111469 0.0216067 0.0424216 0.10046 0.0644442 0.0217884 0.0632457 0.488548 0.0166311 0.0261522 0.0432338
0.13388 0.038375 0.0533165 0.119832 0.0715076 0.194316 0.106496 0.0375914 0.0408758 0.169489 0.0343208
9.99101E-05 9.99101E-05 9.99101E-05 9.99101E-05 9.99101E-05 9.99101E-05 9.99101E-05 9.99101E-05 9.99101E-05 9.99101E-05 0.999001
9.99101E-05 9.99101E-05 9.99101E-05 9.99101E-05 9.99101E-05 9.99101E-05 9.99101E-05 9.99101E-05 9.99101E-05 0.999001 9.99101E-05
0.0183715 0.0236454 0.0165561 9.9982E-05 0.0285832 9.9982E-05 0.0281261 0.0103194 0.004988 0.0173038 0.851906
9.99101E-05 0.999001 9.99101E-05 9.99101E-05 9.99101E-05 9.99101E-05 9.99101E-05 9.99101E-05 9.99101E-05 9.99101E-05 9.99101E-05
0.305643 0.0420896 0.0491353 0.135847 0.0540749 0.0411384 0.104999 0.0553194 0.132987 0.037453 0.0413141
0.159231 0.066298 0.0566767 0.138266 0.0843586 0.0613439 0.190947 0.0442705 0.0918279 0.0413845 0.0653962
0.332492 0.0479709 0.048175 0.130386 0.0528302 0.0222186 0.12968 0.0485795 0.0912065 0.0492561 0.0472047
0.710998 0.0199084 0.0153144 0.0509514 0.0060232 0.00272999 0.0597947 0.0355703 0.0393205 0.0407786 0.0186101
0.9117 0.0295229 0.0146744 9.9982E-05 0.00185385 0.0131424 9.9982E-05 0.00438647 0.00139428 0.0114561 0.0116693
9.99101E-05 9.99101E-05 9.99101E-05 9.99101E-05 9.99101E-05 9.99101E-05 0.999001 9.99101E-05 9.99101E-05 9.99101E-05 9.99101E-05
0.026029 0.00228489 0.0355798 0.0144655 0.0374199 0.0255221 0.792153 0.0275013 0.0146331 0.00501595 0.0193952
0.229193 0.040835 0.0417227 0.150707 0.0333314 0.0603642 0.248649 0.057124 0.0394984 0.0104519 0.0881233
0.0160342 0.0243121 0.0201888 0.0183934 0.0357527 0.00394954 0.0549247 0.0338617 0.777895 0.0145877 9.9991E-05
9.99101E-05 9.99101E-05 9.99101E-05 0.999001 9.99101E-05 9.99101E-05 9.99101E-05 9.99101E-05 9.99101E-05 9.99101E-05 9.99101E-05
9.99101E-05 9.99101E-05 9.99101E-05 9.99101E-05 9.99101E-05 9.99101E-05 9.99101E-05 9.99101E-05 0.999001 9.99101E-05 9.99101E-05
9.99101E-05 9.99101E-05 0.999001 9.99101E-05 9.99101E-05 9.99101E-05 9.99101E-05 9.99101E-05 9.99101E-05 9.99101E-05 9.99101E-05
