9.995E-05 9.995E-05 9.995E-05 9.995E-05 9.995E-05 9.995E-05 0.9994
0.949925 0.0267438 0.00476154 9.9991E-05 0.004388 0.00344493 0.0106369
0.940552 0.0514834 9.9982E-05 0.00132707 9.9982E-05 0.00158941 0.00484793
9.995E-05 9.995E-05 9.995E-05 9.995E-05 9.995E-05 0.9994 9.995E-05
9.995E-05 9.995E-05 9.995E-05 9.995E-05 9.995E-05 0.9994 9.995E-05
0.0640954 0.315442 0.432083 0.0307722 0.0530984 0.0398413 0.0646674
9.995E-05 9.995E-05 9.995E-05 9.995E-05 0.9994 9.995E-05 9.995E-05
9.995E-05 9.995E-05 0.9994 9.995E-05 9.995E-05 9.995E-05 9.995E-05
0.0233051 0.665675 0.0672664 0.0778076 0.0562136 0.043171 0.0665612
9.9964E-05 9.9964E-05 0.983855 9.9964E-05 0.0145448 0.00120029 9.9964E-05
0.0715534 0.538911 0.117909 0.0832742 0.0506702 0.0691554 0.0685263
0.097895 0.490247 0.155921 0.0823762 0.078968 0.0465954 0.0479973
9.9973E-05 0.961778 9.9973E-05 9.9973E-05 0.0264768 0.00358774 0.00785745
9.995E-05 0.9994 9.995E-05 9.995E-05 9.995E-05 9.995E-05 9.995E-05
0.0150667 0.38686 0.0489782 0.000827081 0.529598 0.00427973 0.0143906
0.0314142 0.829192 0.0982097 0.0149946 0.00447574 0.0216136 9.9991E-05
0.0648893 0.779906 0.109894 0.0135163 0.00576649 0.0259281 9.9991E-05
0.0661764 0.604922 0.104268 0.0525302 0.07661 0.0446456 0.0508478
0.0213374 0.0718495 0.0399036 0.800069 0.0135103 0.0247234 0.0286066
0.0309096 0.787278 0.0550827 0.0547218 0.017666 0.015169 0.039173
0.0176119 9.9964E-05 0.0013625 0.980626 9.9964E-05 9.9964E-05 9.9964E-05
0.00598253 0.976555 9.9973E-05 0.0060928 9.9973E-05 0.0110695 9.9973E-05
9.9973E-05 0.0576599 9.9973E-05 9.9973E-05 0.0163119 0.0114213 0.914307
0.9994 9.995E-05 9.995E-05 9.995E-05 9.995E-05 9.995E-05 9.995E-05
0.92284 0.0483082 0.00728683 9.9982E-05 0.0163501 9.9982E-05 0.00501509
9.995E-05 9.995E-05 9.995E-05 9.995E-05 9.995E-05 0.9994 9.995E-05
9.995E-05 9.995E-05 9.995E-05 9.995E-05 0.9994 9.995E-05 9.995E-05
9.995E-05 9.995E-05 0.9994 9.995E-05 9.995E-05 9.995E-05 9.995E-05
0.0148338 0.0142449 0.0220358 9.9991E-05 0.928527 0.00851886 0.0117401
0.0113807 9.9973E-05 0.964407 0.0165312 9.9973E-05 9.9973E-05 0.00738141
0.00508521 0.734736 0.0495676 0.0980627 0.0310411 0.0383119 0.043196
9.995E-05 9.995E-05 0.9994 9.995E-05 9.995E-05 9.995E-05 9.995E-05
0.102425 0.42107 0.118069 0.0885112 0.096621 0.0745337 0.0987699
9.9964E-05 0.97213 9.9964E-05 9.9964E-05 0.0192912 9.9964E-05 0.00817931
9.9964E-05 0.992015 9.9964E-05 0.00670823 0.000876476 9.9964E-05 9.9964E-05
0.0545885 0.689299 0.0738692 0.0554646 0.049233 0.0310137 0.0465324
0.0274963 0.832474 0.0917366 0.0207248 9.9991E-05 0.0238179 0.0036508
0.0348392 0.651874 0.133618 0.0643259 0.0365194 0.04611 0.0327128
0.0207104 0.942133 0.0213489 0.00736034 0.0036065 0.00420816 0.000632568
9.995E-05 9.995E-05 9.995E-05 0.9994 9.995E-05 9.995E-05 9.995E-05
0.0319007 0.794712 0.0495706 0.0452427 0.0134769 0.0249874 0.0401099
9.995E-05 9.995E-05 9.995E-05 9.995E-05 9.995E-05 9.995E-05 0.9994
9.9982E-05 0.0334686 9.9982E-05 0.00242938 0.00582879 0.00905344 0.94902
0.9994 9.995E-05 9.995E-05 9.995E-05 9.995E-05 9.995E-05 9.995E-05
0.873472 0.0701212 0.0250909 9.9991E-05 0.0124367 0.000461919 0.018317
9.995E-05 9.995E-05 9.995E-05 9.995E-05 9.995E-05 0.9994 9.995E-05
9.995E-05 9.995E-05 9.995E-05 9.995E-05 0.9994 9.995E-05 9.995E-05
0.018057 0.35876 0.580067 9.9991E-05 0.0146065 0.00299535 0.0254134
9.995E-05 9.995E-05 9.995E-05 9.995E-05 0.9994 9.995E-05 9.995E-05
0.0232465 0.341793 0.584142 9.9991E-05 0.00142182 0.0133305 0.0359666
0.0125773 0.681726 0.0694982 0.0931653 0.0439051 0.0419083 0.0572202
9.9964E-05 9.9964E-05 0.990742 9.9964E-05 0.000990697 0.00786742 9.9964E-05
0.0388566 0.614807 0.0894723 0.10758 0.0443899 0.0460304 0.058863
0.00152464 0.944842 0.0107929 9.9991E-05 0.0222266 0.00521085 0.0153031
9.9982E-05 0.967856 9.9982E-05 0.0150671 0.00360374 0.00538494 0.00788856
0.0450832 0.603897 0.118253 0.0467331 0.0595068 0.0614939 0.0650328
0.0393581 0.817165 0.100167 0.0298659 9.9982E-05 0.0132445 9.9982E-05
0.067453 0.333328 0.100065 0.380646 0.0470767 0.0327649 0.0386671
0.0282013 0.856546 0.0559573 0.0118991 0.0292593 0.00716904 0.0109683
9.995E-05 9.995E-05 9.995E-05 0.9994 9.995E-05 9.995E-05 9.995E-05
9.995E-05 0.9994 9.995E-05 9.995E-05 9.995E-05 9.995E-05 9.995E-05
0.00853322 9.9964E-05 9.9964E-05 0.00922173 9.9964E-05 9.9964E-05 0.981845
9.9973E-05 0.0351356 9.9973E-05 9.9973E-05 0.0079833 0.0103011 0.94628
0.9994 9.995E-05 9.995E-05 9.995E-05 9.995E-05 9.995E-05 9.995E-05
0.558947 0.231428 0.0799767 0.0415384 0.0205567 0.0309436 0.0366094
9.9991E-05 0.0024309 0.0152063 0.00510086 0.00168474 0.961326 0.014151
0.00601017 0.00779568 0.00187433 0.00016848 0.978776 0.000204337 0.00517053
0.0236804 9.9982E-05 0.943822 0.0291027 9.9982E-05 0.00262597 0.000569055
0.0216616 0.056404 0.0494032 0.0069596 0.849726 0.00496395 0.0108817
0.0141502 0.344125 0.618472 9.9982E-05 0.00644724 9.9982E-05 0.0166058
0.0277379 0.624244 0.0809326 0.111611 0.0453693 0.0477761 0.0623293
9.995E-05 9.995E-05 0.9994 9.995E-05 9.995E-05 9.995E-05 9.995E-05
0.0459901 0.60831 0.0989778 0.0908545 0.050247 0.0433886 0.0622318
0.0149324 0.790074 0.0371892 0.044314 0.0505025 0.021873 0.0411155
9.9955E-05 0.987365 9.9955E-05 0.0121351 9.9955E-05 9.9955E-05 9.9955E-05
0.0650755 0.767104 0.110349 0.0255972 9.9982E-05 0.0316742 9.9982E-05
0.0487483 0.623807 0.107542 0.0399617 0.0648182 0.0603159 0.0548076
0.0741337 0.349034 0.0868767 0.351191 0.045082 0.0452795 0.0484027
0.0249355 0.919562 0.0212176 0.0181447 0.00466457 9.9991E-05 0.0113756
9.995E-05 9.995E-05 9.995E-05 0.9994 9.995E-05 9.995E-05 9.995E-05
0.0211644 0.88023 0.0329017 0.0245609 9.9991E-05 0.0218553 0.0191875
9.995E-05 9.995E-05 9.995E-05 9.995E-05 9.995E-05 9.995E-05 0.9994
9.995E-05 9.995E-05 9.995E-05 9.995E-05 9.995E-05 9.995E-05 0.9994
0.9994 9.995E-05 9.995E-05 9.995E-05 9.995E-05 9.995E-05 9.995E-05
0.570242 0.238131 0.0736443 0.0354154 0.0156049 0.0257235 0.0412384
0.0162753 0.0612585 0.0232398 0.0325812 0.0227718 0.83728 0.00659332
9.995E-05 9.995E-05 9.995E-05 9.995E-05 0.9994 9.995E-05 9.995E-05
9.995E-05 9.995E-05 0.9994 9.995E-05 9.995E-05 9.995E-05 9.995E-05
0.0252862 0.09766 0.0667479 0.0185038 0.74263 0.0181112 0.031061
0.0147454 0.347632 0.614007 9.9982E-05 0.00245303 9.9982E-05 0.020962
0.017859 0.6671 0.0800863 0.103582 0.0466037 0.0369133 0.0478557
9.995E-05 9.995E-05 0.9994 9.995E-05 9.995E-05 9.995E-05 9.995E-05
0.0777484 0.57244 0.138551 0.073522 0.052177 0.0439827 0.0415793
0.0187592 0.657148 0.0997645 0.0906619 0.0453947 0.0424234 0.0458486
0.0450089 0.818023 0.0309972 0.0225289 0.0223252 0.0326743 0.0284428
0.00310441 0.848646 0.0313759 0.0379469 0.0334073 0.0215844 0.0239354
0.0746687 0.621113 0.145429 0.0397156 0.0407857 0.0418138 0.0364738
0.0590717 0.590387 0.118115 0.0461763 0.0528193 0.0780412 0.0553893
0.0267878 0.0846994 0.0274 0.823561 0.0110459 0.0203956 0.00611061
0.0117165 0.941671 0.0247017 9.9991E-05 0.0127215 0.00123928 0.00785037
0.00984799 0.0178029 0.0204654 0.932363 0.00693101 0.00851975 0.00406993
9.9955E-05 0.995584 9.9955E-05 9.9955E-05 9.9955E-05 0.00391643 9.9955E-05
0.0151127 9.9982E-05 0.0134767 0.00915375 9.9982E-05 0.00214358 0.959913
9.995E-05 9.995E-05 9.995E-05 9.995E-05 9.995E-05 9.995E-05 0.9994
0.9994 9.995E-05 9.995E-05 9.995E-05 9.995E-05 9.995E-05 9.995E-05
0.922824 0.038448 9.9991E-05 0.00332987 0.0130951 0.00598777 0.0162156
9.9955E-05 9.9955E-05 9.9955E-05 0.00229222 9.9955E-05 0.997208 9.9955E-05
9.995E-05 9.995E-05 9.995E-05 9.995E-05 0.9994 9.995E-05 9.995E-05
9.995E-05 9.995E-05 0.9994 9.995E-05 9.995E-05 9.995E-05 9.995E-05
9.995E-05 9.995E-05 9.995E-05 9.995E-05 0.9994 9.995E-05 9.995E-05
0.0148261 0.355935 0.608541 9.9973E-05 9.9973E-05 9.9973E-05 0.0203978
0.046267 0.658312 0.0832718 0.0409416 0.0770473 0.0380434 0.0561168
9.9964E-05 9.9964E-05 0.991505 9.9964E-05 0.00747119 0.000624241 9.9964E-05
0.0758251 0.569658 0.132059 0.0875 0.0552684 0.0482149 0.031475
0.0491314 0.599298 0.102219 0.0876399 0.0628538 0.0504373 0.0484207
0.0190929 0.845097 0.034566 0.010421 0.0132219 0.0432855 0.0343157
0.0112679 0.872611 0.015209 0.0394995 0.03849 0.00629875 0.0166237
0.0535167 0.812023 0.0974023 0.00966958 9.9982E-05 0.0271888 9.9982E-05
0.0710451 0.587465 0.114254 0.0501816 0.0634173 0.0621065 0.0515313
0.0289949 0.0897656 0.0328213 0.811209 9.9991E-05 0.0241805 0.0129292
0.013227 0.986273 9.9955E-05 9.9955E-05 9.9955E-05 9.9955E-05 9.9955E-05
9.995E-05 9.995E-05 9.995E-05 0.9994 9.995E-05 9.995E-05 9.995E-05
9.9955E-05 0.99668 9.9955E-05 9.9955E-05 9.9955E-05 0.00282026 9.9955E-05
0.00985088 9.9973E-05 0.0247792 0.00254307 9.9973E-05 9.9973E-05 0.962527
9.9964E-05 9.9964E-05 9.9964E-05 9.9964E-05 0.00395996 0.00477139 0.990869
0.9994 9.995E-05 9.995E-05 9.995E-05 9.995E-05 9.995E-05 9.995E-05
0.9994 9.995E-05 9.995E-05 9.995E-05 9.995E-05 9.995E-05 9.995E-05
0.00993465 9.9964E-05 0.00652669 9.9964E-05 9.9964E-05 0.983139 9.9964E-05
0.000822724 0.00378471 0.0100188 0.00117055 0.978836 0.00378253 0.00158458
0.0379797 0.362703 0.396837 0.0565151 0.0401497 0.0537988 0.0520164
0.00070578 0.0161264 0.00634533 9.9991E-05 0.965886 0.00369789 0.00713889
9.9964E-05 9.9964E-05 0.98436 9.9964E-05 9.9964E-05 0.00523459 0.0100055
0.0243774 0.611555 0.112661 0.126877 0.0243485 0.0327684 0.0674131
0.0775552 0.559095 0.134782 0.0843396 0.0613401 0.0464751 0.0364135
0.0281527 0.575459 0.121178 0.0781368 0.0725512 0.0646271 0.0598956
0.0189673 0.845607 0.0352621 0.0112258 0.0200605 0.0398815 0.0289961
0.00861444 0.783045 0.0695497 0.020702 0.0462355 0.0367525 0.035101
0.0313688 0.823797 0.0914887 0.0328131 9.9982E-05 0.0203323 9.9982E-05
0.0569806 0.799378 0.117663 0.00380016 9.9982E-05 0.0219781 9.9982E-05
0.0422778 0.681636 0.0735389 0.0306015 0.0822403 0.0601502 0.0295552
0.0285025 0.0896702 0.00728153 0.84367 9.9991E-05 0.0169845 0.0137914
9.995E-05 0.9994 9.995E-05 9.995E-05 9.995E-05 9.995E-05 9.995E-05
9.995E-05 9.995E-05 9.995E-05 0.9994 9.995E-05 9.995E-05 9.995E-05
9.9955E-05 0.987785 9.9955E-05 9.9955E-05 9.9955E-05 0.0117148 9.9955E-05
9.9955E-05 9.9955E-05 9.9955E-05 0.00692838 9.9955E-05 9.9955E-05 0.992572
0.968439 0.0220614 9.9973E-05 9.9973E-05 0.00112262 9.9973E-05 0.00807744
9.995E-05 9.995E-05 9.995E-05 9.995E-05 9.995E-05 0.9994 9.995E-05
0.0698078 0.301193 0.0583454 0.00979778 0.0361724 0.479589 0.0450946
0.0624353 0.41425 0.346757 0.0569491 0.0342947 0.0266955 0.0586187
9.995E-05 9.995E-05 9.995E-05 9.995E-05 0.9994 9.995E-05 9.995E-05
9.995E-05 9.995E-05 0.9994 9.995E-05 9.995E-05 9.995E-05 9.995E-05
0.0185376 0.0351807 0.0372352 0.0196093 0.85616 0.0132588 0.0200187
9.995E-05 9.995E-05 0.9994 9.995E-05 9.995E-05 9.995E-05 9.995E-05
0.0465502 0.589581 0.095885 0.125322 0.0435652 0.0493532 0.0497427
0.0868502 0.518245 0.157594 0.0801312 0.0663093 0.0403301 0.0505408
0.0395778 0.591415 0.10537 0.0927473 0.0566292 0.0558286 0.0584331
0.00318241 0.824903 0.0573594 0.0446116 0.0220132 0.0408398 0.0070909
0.00176037 0.893219 0.0371731 0.0135935 0.0269987 9.9991E-05 0.0271549
0.0538333 0.810277 0.105038 0.00843782 9.9982E-05 0.0222142 9.9982E-05
0.0667615 0.699109 0.118771 0.0310319 0.0254737 0.0391087 0.0197444
0.0367473 0.675047 0.0871474 0.0416687 0.0786635 0.0573839 0.0233424
0.029176 0.0947096 0.0357047 0.788719 0.00526782 0.0226656 0.0237578
0.00574604 0.993754 9.9955E-05 9.9955E-05 9.9955E-05 9.9955E-05 9.9955E-05
9.995E-05 9.995E-05 9.995E-05 0.9994 9.995E-05 9.995E-05 9.995E-05
9.995E-05 9.995E-05 9.995E-05 9.995E-05 9.995E-05 9.995E-05 0.9994
