0.9996 9.997E-05 9.997E-05 9.997E-05 9.997E-05
0.00903122 0.956026 0.0279872 9.9991E-05 0.00685524
0.0069405 0.954725 0.019977 0.00710714 0.0112505
9.997E-05 9.997E-05 0.9996 9.997E-05 9.997E-05
9.997E-05 9.997E-05 0.9996 9.997E-05 9.997E-05
0.0624589 0.0938152 0.739507 0.046134 0.0580851
9.997E-05 9.997E-05 9.997E-05 9.997E-05 0.9996
9.9982E-05 0.0440584 0.947994 0.00774716 9.9982E-05
0.0741094 0.0376151 0.66526 0.13262 0.0903954
9.9982E-05 0.0474974 0.943108 9.9982E-05 0.00919439
0.0759233 0.0817769 0.634488 0.112233 0.0955784
0.0593927 0.116479 0.604672 0.118194 0.101262
0.0342837 0.0291583 0.779907 0.0593581 0.0972933
0.0157401 0.00621505 0.803649 0.0804409 0.0939554
0.0144303 0.0472926 0.346768 0.0298229 0.561686
0.0111955 0.0729481 0.802399 0.0631981 0.0502597
0.00980666 0.0934729 0.795642 0.0611041 0.039974
0.0716543 0.0867182 0.646284 0.0893321 0.106012
0.0230717 0.0319353 0.132893 0.804921 0.00717871
0.0638257 0.0788274 0.706144 0.0910402 0.060163
9.9973E-05 0.0098094 9.9973E-05 0.989891 9.9973E-05
0.0310163 0.0226772 0.819173 0.0781971 0.0489364
0.923505 0.00843033 0.0428065 0.00466513 0.0205929
9.997E-05 0.9996 9.997E-05 9.997E-05 9.997E-05
0.0236396 0.925825 0.0321185 0.00213825 0.016279
9.997E-05 9.997E-05 0.9996 9.997E-05 9.997E-05
9.997E-05 9.997E-05 9.997E-05 9.997E-05 0.9996
9.9982E-05 0.0398019 0.952553 0.00744538 9.9982E-05
0.0196749 0.00937761 0.0303408 0.00296392 0.937643
9.9982E-05 0.0555347 0.931608 0.0126576 9.9982E-05
0.0579761 0.0348444 0.702466 0.128517 0.0761974
9.9973E-05 0.0133445 0.986356 9.9973E-05 9.9973E-05
0.0989384 0.118256 0.54266 0.116075 0.124071
0.0341131 0.0139823 0.795648 0.0608453 0.0954112
0.0300032 0.0129838 0.798806 0.0721346 0.0860726
0.0692296 0.0652188 0.67207 0.102313 0.091168
0.0174869 0.0652206 0.803182 0.0704364 0.0436736
0.040489 0.0636836 0.714036 0.103374 0.0784166
0.0266579 0.052699 0.773546 0.0791462 0.0679505
9.997E-05 9.997E-05 9.997E-05 0.9996 9.997E-05
0.0520776 0.0688319 0.717707 0.100173 0.06121
0.9996 9.997E-05 9.997E-05 9.997E-05 9.997E-05
0.950983 9.9991E-05 0.0240604 0.0133218 0.0115344
9.997E-05 0.9996 9.997E-05 9.997E-05 9.997E-05
0.0240381 0.87793 0.0858095 0.00518763 0.0070346
9.997E-05 9.997E-05 0.9996 9.997E-05 9.997E-05
9.997E-05 9.997E-05 9.997E-05 9.997E-05 0.9996
0.0278377 0.0560385 0.885579 0.00642556 0.0241195
9.997E-05 9.997E-05 9.997E-05 9.997E-05 0.9996
0.0319149 0.0551616 0.8925 9.9991E-05 0.0203237
0.0710623 0.0361727 0.688148 0.120729 0.0838878
0.0108908 0.0273202 0.951024 9.9991E-05 0.0106645
0.05956 0.0638227 0.644062 0.143187 0.0893681
0.0370754 0.0288297 0.782767 0.063631 0.0876966
0.0287293 0.0133513 0.787961 0.0842916 0.0856666
0.0788724 0.0760303 0.672772 0.0745122 0.0978135
0.00805737 0.0718644 0.804429 0.0783371 0.0373119
0.0493115 0.0730752 0.410241 0.408541 0.0588318
0.0332033 0.0699131 0.743849 0.0799682 0.0730662
9.997E-05 9.997E-05 9.997E-05 0.9996 9.997E-05
0.031651 0.040716 0.808178 0.0695745 0.04988
0.983961 0.0140541 9.9982E-05 0.00178512 9.9982E-05
0.953102 9.9982E-05 0.0360227 9.9982E-05 0.0106751
9.997E-05 0.9996 9.997E-05 9.997E-05 9.997E-05
0.0373097 0.5723 0.285402 0.0558056 0.0491835
9.997E-05 9.997E-05 0.9996 9.997E-05 9.997E-05
0.00489305 0.00302965 9.9991E-05 0.00660699 0.98537
0.00968494 0.0599746 0.903752 0.0264886 9.9991E-05
0.0179946 0.0178205 0.0879857 0.0188103 0.857389
0.0291984 0.0490837 0.898894 0.006502 0.0163221
0.0759372 0.0558344 0.662649 0.122689 0.0828906
9.9973E-05 0.0271905 0.97251 9.9973E-05 9.9973E-05
0.0780492 0.0609407 0.644746 0.137331 0.0789325
0.0659752 0.055899 0.706253 0.078615 0.0932583
0.00792931 0.021839 0.795243 0.089053 0.0859352
0.0166351 0.0905593 0.78429 0.0682361 0.040279
0.0731468 0.0725175 0.691481 0.0763909 0.0864635
0.069707 0.0754609 0.426242 0.357241 0.0713487
0.0290916 0.0650812 0.755022 0.0842067 0.0665988
9.997E-05 9.997E-05 9.997E-05 0.9996 9.997E-05
0.0365557 0.0687456 0.762858 0.0783153 0.0535258
0.997914 0.00178565 9.9973E-05 9.9973E-05 9.9973E-05
0.9996 9.997E-05 9.997E-05 9.997E-05 9.997E-05
9.997E-05 0.9996 9.997E-05 9.997E-05 9.997E-05
0.0367424 0.583287 0.29312 0.0434797 0.043371
0.00393331 9.9991E-05 0.958777 0.0228965 0.0142933
9.997E-05 9.997E-05 9.997E-05 9.997E-05 0.9996
9.9973E-05 0.0489126 0.950787 9.9973E-05 9.9973E-05
0.0244445 0.0376522 0.155181 0.0204087 0.762314
0.0227435 0.0514534 0.90345 0.00305763 0.0192954
0.0682696 0.0403568 0.673194 0.127421 0.0907584
9.9982E-05 0.0159299 0.979997 9.9982E-05 0.00387326
0.063913 0.0982489 0.639331 0.110242 0.0882651
0.0578555 0.0449689 0.685194 0.142631 0.0693509
0.0575842 0.0674464 0.737379 0.0689036 0.0686866
0.0452038 0.0265834 0.758551 0.0840837 0.0855779
0.0392796 0.10722 0.70776 0.078989 0.0667519
0.0768467 0.0695452 0.681508 0.0809103 0.0911901
0.0121469 0.0401449 0.107258 0.836971 0.00347841
0.0395726 0.0522362 0.772864 0.0650393 0.0702882
0.00448451 0.0181606 0.0139371 0.949166 0.014252
0.0219176 0.0157811 0.827787 0.0701261 0.0643881
0.95839 0.023571 0.00751506 0.00525025 0.00527379
0.9996 9.997E-05 9.997E-05 9.997E-05 9.997E-05
9.997E-05 0.9996 9.997E-05 9.997E-05 9.997E-05
0.0204563 0.925529 0.0478252 9.9991E-05 0.00608911
9.997E-05 9.997E-05 0.9996 9.997E-05 9.997E-05
9.997E-05 9.997E-05 9.997E-05 9.997E-05 0.9996
9.9973E-05 0.0517129 0.947987 9.9973E-05 9.9973E-05
9.997E-05 9.997E-05 9.997E-05 9.997E-05 0.9996
0.0174111 0.050091 0.914431 9.9991E-05 0.0179667
0.0744861 0.0671967 0.663954 0.0786951 0.115668
0.00578424 0.0250545 0.954915 9.9991E-05 0.0141461
0.049628 0.100582 0.634949 0.122347 0.0924928
0.0568336 0.0724863 0.649837 0.129587 0.0912559
0.061571 0.0494594 0.757708 0.0626283 0.0686334
0.0410727 0.0383694 0.730892 0.0948833 0.0947825
0.00402604 0.0890018 0.821676 0.0559147 0.0293818
0.0716814 0.090345 0.631857 0.0948425 0.111274
0.0173053 0.0336449 0.118208 0.825476 0.00536626
0.0333369 0.0565818 0.787301 0.0663166 0.0564634
9.997E-05 9.997E-05 9.997E-05 0.9996 9.997E-05
0.0184448 0.00747078 0.835607 0.0818537 0.0566239
0.973182 0.00182279 0.00782425 0.0170711 9.9991E-05
0.997901 9.9973E-05 9.9973E-05 9.9973E-05 0.00179924
9.997E-05 0.9996 9.997E-05 9.997E-05 9.997E-05
9.997E-05 0.9996 9.997E-05 9.997E-05 9.997E-05
9.997E-05 9.997E-05 0.9996 9.997E-05 9.997E-05
9.9982E-05 0.00142865 0.0142801 9.9982E-05 0.984091
0.0560302 0.075884 0.738458 0.0781958 0.0514324
0.00226013 0.0185384 0.0111012 0.00338277 0.964717
0.00654384 0.0254288 0.96108 9.9991E-05 0.00684774
0.0752539 0.0617135 0.629728 0.17075 0.0625546
0.0544385 0.111339 0.633956 0.109005 0.0912611
0.0800127 0.0526478 0.66468 0.0989603 0.103699
0.0564464 0.0478948 0.767128 0.0557264 0.0728049
0.0495752 0.0502203 0.719001 0.0829649 0.098239
0.0112051 0.0637061 0.807942 0.0786986 0.0384481
0.00515114 0.0834967 0.814859 0.0616929 0.0348004
0.0500205 0.0660444 0.686608 0.0736288 0.123698
0.0108668 0.0332864 0.0911751 0.858872 0.00579964
0.0217226 0.0410938 0.822298 0.0632332 0.051652
9.997E-05 9.997E-05 9.997E-05 0.9996 9.997E-05
0.0226852 0.025206 0.820333 0.0673873 0.0643882
0.9996 9.997E-05 9.997E-05 9.997E-05 9.997E-05
0.0112554 0.973455 0.0150897 9.9982E-05 9.9982E-05
9.997E-05 9.997E-05 0.9996 9.997E-05 9.997E-05
0.0438375 0.0716268 0.816251 0.0255214 0.0427634
0.0652661 0.0900071 0.709068 0.0698404 0.065818
9.997E-05 9.997E-05 9.997E-05 9.997E-05 0.9996
9.9982E-05 0.0465489 0.944412 0.00883958 9.9982E-05
0.0126403 0.0299578 0.0707684 0.0138546 0.872779
9.9973E-05 0.0254896 0.974211 9.9973E-05 9.9973E-05
0.0540536 0.0702386 0.634258 0.161452 0.0799976
0.0578795 0.115964 0.613636 0.124127 0.0883936
0.0710301 0.0718956 0.6576 0.117525 0.0819488
0.0302156 0.0374879 0.753855 0.0980789 0.0803631
0.0459982 0.0292046 0.770084 0.0641533 0.0905601
0.00748103 0.0753928 0.816999 0.0566844 0.0434428
0.0342611 0.0953534 0.740912 0.07438 0.0550939
0.0390306 0.0646513 0.705848 0.0789113 0.111558
0.0266401 0.028491 0.13432 0.7994 0.0111498
0.0295733 0.0496983 0.798501 0.0599487 0.0622792
9.997E-05 9.997E-05 9.997E-05 0.9996 9.997E-05
0.9996 9.997E-05 9.997E-05 9.997E-05 9.997E-05
