9.9901E-05 9.9901E-05 9.9901E-05 9.9901E-05 9.9901E-05 9.9901E-05 9.9901E-05 9.9901E-05 9.9901E-05 9.9901E-05 0.998901 9.9901E-05
9.9901E-05 9.9901E-05 0.998901 9.9901E-05 9.9901E-05 9.9901E-05 9.9901E-05 9.9901E-05 9.9901E-05 9.9901E-05 9.9901E-05 9.9901E-05
9.9901E-05 9.9901E-05 0.998901 9.9901E-05 9.9901E-05 9.9901E-05 9.9901E-05 9.9901E-05 9.9901E-05 9.9901E-05 9.9901E-05 9.9901E-05
9.9901E-05 9.9901E-05 9.9901E-05 9.9901E-05 0.998901 9.9901E-05 9.9901E-05 9.9901E-05 9.9901E-05 9.9901E-05 9.9901E-05 9.9901E-05
9.9901E-05 9.9901E-05 9.9901E-05 9.9901E-05 0.998901 9.9901E-05 9.9901E-05 9.9901E-05 9.9901E-05 9.9901E-05 9.9901E-05 9.9901E-05
0.133742 0.0311364 0.0411753 0.33824 0.0430807 0.0888738 0.0197632 0.113441 0.0554785 0.0341605 0.0656232 0.0352853
9.9901E-05 9.9901E-05 9.9901E-05 9.9901E-05 9.9901E-05 9.9901E-05 9.9901E-05 9.9901E-05 0.998901 9.9901E-05 9.9901E-05 9.9901E-05
9.9901E-05 9.9901E-05 9.9901E-05 0.998901 9.9901E-05 9.9901E-05 9.9901E-05 9.9901E-05 9.9901E-05 9.9901E-05 9.9901E-05 9.9901E-05
0.10223 0.104536 0.0326588 0.0234315 0.0377984 0.125902 0.00795814 0.384963 0.0559411 0.0249238 0.0535816 0.0460746
9.9937E-05 0.00136353 0.0197451 9.9937E-05 0.00155593 9.9937E-05 9.9937E-05 9.9937E-05 9.9937E-05 0.973381 0.0032552 9.9937E-05
0.134665 0.0974738 0.00688098 0.0364903 0.0659157 0.148703 0.0465221 0.249917 0.0653035 0.0516009 0.0565497 0.0399783
0.160999 0.0929963 0.0434781 0.0388074 0.0522228 0.161322 0.0460461 0.153047 0.0710609 0.0597855 0.0474558 0.0727793
9.99189E-05 9.99189E-05 9.99189E-05 0.00419715 9.99189E-05 9.99189E-05 0.00666837 0.988235 9.99189E-05 9.99189E-05 9.99189E-05 9.99189E-05
9.99008E-05 9.99008E-05 9.99008E-05 9.99008E-05 9.99008E-05 9.99008E-05 9.99008E-05 0.998901 9.99008E-05 9.99008E-05 9.99008E-05 9.99008E-05
0.12109 0.00393031 0.0234011 9.9982E-05 0.0154498 0.089923 9.9982E-05 0.121149 0.527956 0.03271 0.0127584 0.0514321
9.9901E-05 9.9901E-05 9.9901E-05 9.9901E-05 9.9901E-05 9.9901E-05 9.9901E-05 9.9901E-05 9.9901E-05 9.9901E-05 9.9901E-05 0.998901
0.997136 9.99099E-05 0.00186508 9.99099E-05 9.99099E-05 9.99099E-05 9.99099E-05 9.99099E-05 9.99099E-05 9.99099E-05 9.99099E-05 9.99099E-05
0.187189 0.0653473 0.000296121 0.0171571 0.0623161 0.185477 0.0603936 0.186221 0.078591 0.0267903 0.068807 0.0614153
0.0249584 0.777549 0.0356291 0.00130687 0.0182785 0.0465123 0.00402565 0.0181612 0.00117069 0.0248066 0.0257467 0.0218546
0.0221756 0.0520588 0.0101568 0.0233111 0.0346815 0.71894 0.031932 0.0148891 0.0247564 0.0234115 0.0290762 0.014611
0.000814927 0.98941 9.9937E-05 0.0012266 9.9937E-05 9.9937E-05 0.00608204 9.9937E-05 9.9937E-05 9.9937E-05 9.9937E-05 0.00176689
0.0113656 0.0172504 9.9982E-05 0.00657525 0.0221222 0.924446 0.00344628 0.00575368 0.00139129 0.00198256 9.9982E-05 0.00546662
9.9937E-05 9.9937E-05 9.9937E-05 9.9937E-05 0.00879834 0.0304754 9.9937E-05 0.0227627 0.0175512 9.9937E-05 0.919713 9.9937E-05
9.99009E-05 9.99009E-05 9.99009E-05 9.99009E-05 9.99009E-05 9.99009E-05 0.998901 9.99009E-05 9.99009E-05 9.99009E-05 9.99009E-05 9.99009E-05
9.991E-05 9.991E-05 0.996898 9.991E-05 9.991E-05 9.991E-05 9.991E-05 9.991E-05 0.0021027 9.991E-05 9.991E-05 9.991E-05
9.9901E-05 9.9901E-05 9.9901E-05 9.9901E-05 0.998901 9.9901E-05 9.9901E-05 9.9901E-05 9.9901E-05 9.9901E-05 9.9901E-05 9.9901E-05
9.9901E-05 9.9901E-05 9.9901E-05 9.9901E-05 9.9901E-05 9.9901E-05 9.9901E-05 9.9901E-05 0.998901 9.9901E-05 9.9901E-05 9.9901E-05
9.99009E-05 9.99009E-05 9.99009E-05 0.998901 9.99009E-05 9.99009E-05 9.99009E-05 9.99009E-05 9.99009E-05 9.99009E-05 9.99009E-05 9.99009E-05
0.0226198 0.0046654 0.00811578 0.00304863 0.00487791 0.00382778 0.00291427 0.00535192 0.921948 0.0132094 0.00599791 0.00342291
9.9937E-05 9.9937E-05 9.9937E-05 0.970756 9.9937E-05 9.9937E-05 0.0133993 0.00961646 9.9937E-05 0.00203955 9.9937E-05 0.00348888
0.0935958 0.0953219 0.0290684 0.0318366 0.0385015 0.141189 9.9982E-05 0.447607 0.0282917 9.9982E-05 0.0456237 0.0487642
9.9901E-05 9.9901E-05 9.9901E-05 9.9901E-05 9.9901E-05 9.9901E-05 9.9901E-05 9.9901E-05 9.9901E-05 0.998901 9.9901E-05 9.9901E-05
0.0977916 0.101597 0.032669 0.0490325 0.0478452 0.145107 0.0553342 0.179177 0.0977982 0.0679518 0.0732956 0.0524006
9.99065E-05 9.99065E-05 9.99065E-05 9.99065E-05 9.99065E-05 9.99065E-05 9.99065E-05 0.998901 9.99065E-05 9.99065E-05 9.99065E-05 9.99065E-05
9.99008E-05 9.99008E-05 9.99008E-05 9.99008E-05 9.99008E-05 9.99008E-05 9.99008E-05 0.998901 9.99008E-05 9.99008E-05 9.99008E-05 9.99008E-05
0.181615 0.0612728 9.9991E-05 0.0127438 0.0389782 0.172721 0.0580021 0.238594 0.0415779 0.0412449 0.0586228 0.0945268
9.99009E-05 9.99009E-05 9.99009E-05 9.99009E-05 9.99009E-05 9.99009E-05 9.99009E-05 9.99009E-05 9.99009E-05 9.99009E-05 9.99009E-05 0.998901
0.501594 0.0631586 0.0276929 0.00129196 0.0361442 0.107875 9.9991E-05 0.100684 0.0431594 0.0272576 0.0267045 0.0643382
0.00852717 0.00871072 9.9928E-05 9.9928E-05 9.9928E-05 0.972914 9.9928E-05 9.9928E-05 9.9928E-05 0.00904911 9.9928E-05 9.9928E-05
9.99009E-05 0.998901 9.99009E-05 9.99009E-05 9.99009E-05 9.99009E-05 9.99009E-05 9.99009E-05 9.99009E-05 9.99009E-05 9.99009E-05 9.99009E-05
0.0534101 0.0354731 0.0059673 0.0213098 0.02553 0.70586 0.0208062 0.0387237 0.0242906 0.0162274 0.0290612 0.0233405
9.9901E-05 9.9901E-05 9.9901E-05 9.9901E-05 9.9901E-05 9.9901E-05 9.9901E-05 9.9901E-05 9.9901E-05 9.9901E-05 0.998901 9.9901E-05
9.9964E-05 0.000164804 9.9964E-05 9.9964E-05 0.011375 0.0117959 9.9964E-05 0.00664249 0.0130422 0.00338698 0.949276 0.00391645
9.9901E-05 9.9901E-05 9.9901E-05 9.9901E-05 9.9901E-05 9.9901E-05 0.998901 9.9901E-05 9.9901E-05 9.9901E-05 9.9901E-05 9.9901E-05
0.00875456 0.0126877 0.782109 0.014513 0.00256632 0.00984933 0.147331 0.00751241 0.00222097 0.000637601 9.9991E-05 0.0117178
9.9901E-05 9.9901E-05 9.9901E-05 9.9901E-05 0.998901 9.9901E-05 9.9901E-05 9.9901E-05 9.9901E-05 9.9901E-05 9.9901E-05 9.9901E-05
9.9901E-05 9.9901E-05 9.9901E-05 9.9901E-05 9.9901E-05 9.9901E-05 9.9901E-05 9.9901E-05 0.998901 9.9901E-05 9.9901E-05 9.9901E-05
0.854994 9.99099E-05 9.99099E-05 0.144007 9.99099E-05 9.99099E-05 9.99099E-05 9.99099E-05 9.99099E-05 9.99099E-05 9.99099E-05 9.99099E-05
9.9901E-05 9.9901E-05 9.9901E-05 9.9901E-05 9.9901E-05 9.9901E-05 9.9901E-05 9.9901E-05 0.998901 9.9901E-05 9.9901E-05 9.9901E-05
0.850348 9.99099E-05 9.99099E-05 0.148653 9.99099E-05 9.99099E-05 9.99099E-05 9.99099E-05 9.99099E-05 9.99099E-05 9.99099E-05 9.99099E-05
0.0853974 0.0924474 0.030825 0.0367783 0.0402973 0.145093 9.9991E-05 0.392388 0.0464101 0.0200485 0.0623959 0.047819
0.000645989 9.9964E-05 9.9964E-05 0.0091346 9.9964E-05 0.00281708 0.00337741 9.9964E-05 0.005187 0.976024 0.00031304 0.0021008
0.127532 0.112811 0.027951 0.020586 0.0537802 0.181837 0.0143097 0.2929 0.0488639 0.0412344 0.0550115 0.0231842
9.99369E-05 9.99369E-05 0.00105315 0.00138582 0.00996593 9.99369E-05 9.99369E-05 0.9776 9.99369E-05 9.99369E-05 0.00929587 9.99369E-05
9.99189E-05 9.99189E-05 9.99189E-05 9.99189E-05 9.99189E-05 9.99189E-05 0.00622675 0.992016 9.99189E-05 0.00085813 9.99189E-05 9.99189E-05
0.179284 0.0589809 9.9991E-05 0.0155756 0.0567997 0.165861 0.0561527 0.204683 0.0629743 0.0598049 0.0623101 0.0774748
9.9901E-05 9.9901E-05 9.9901E-05 9.9901E-05 9.9901E-05 9.9901E-05 9.9901E-05 9.9901E-05 9.9901E-05 9.9901E-05 9.9901E-05 0.998901
0.0599036 0.391909 0.0241303 0.03206 0.0489726 0.0973982 0.031673 0.143332 0.0436152 0.0438234 0.0438307 0.0393519
0.00669062 0.0285641 0.026857 0.0102498 0.00612038 0.84661 0.0133528 0.00445045 0.0210275 0.0196939 0.0126798 0.00370338
9.99009E-05 0.998901 9.99009E-05 9.99009E-05 9.99009E-05 9.99009E-05 9.99009E-05 9.99009E-05 9.99009E-05 9.99009E-05 9.99009E-05 9.99009E-05
9.99009E-05 9.99009E-05 9.99009E-05 9.99009E-05 9.99009E-05 0.998901 9.99009E-05 9.99009E-05 9.99009E-05 9.99009E-05 9.99009E-05 9.99009E-05
9.9919E-05 0.00733724 0.00308174 9.9919E-05 9.9919E-05 9.9919E-05 9.9919E-05 9.9919E-05 9.9919E-05 9.9919E-05 0.988682 9.9919E-05
9.9946E-05 9.9946E-05 9.9946E-05 9.9946E-05 0.00699767 0.0230475 9.9946E-05 0.0202361 0.00277601 0.000511252 0.945832 9.9946E-05
9.9901E-05 9.9901E-05 9.9901E-05 9.9901E-05 9.9901E-05 9.9901E-05 0.998901 9.9901E-05 9.9901E-05 9.9901E-05 9.9901E-05 9.9901E-05
0.0582416 0.0341642 0.00999923 0.0293684 0.021414 0.0891046 0.549672 0.0662221 0.0366934 0.0386977 0.0313692 0.0350539
0.00851801 9.9964E-05 0.00270285 0.00582117 0.960921 0.00153422 9.9964E-05 9.9964E-05 9.9964E-05 0.00866494 0.00969068 0.00174762
9.9955E-05 0.00190165 9.9955E-05 0.00849402 9.9955E-05 0.0042323 9.9955E-05 9.9955E-05 0.976484 0.0020569 0.00337557 0.00295558
9.9955E-05 0.014379 9.9955E-05 0.936951 9.9955E-05 0.00173536 0.018107 9.9955E-05 0.00905891 0.00793225 0.0113368 9.9955E-05
0.0159869 0.0145309 0.0173404 0.0153884 0.0158228 0.0140758 0.00756526 0.0160686 0.844575 0.00710757 0.0236002 0.00793831
0.85972 9.99099E-05 9.99099E-05 0.139281 9.99099E-05 9.99099E-05 9.99099E-05 9.99099E-05 9.99099E-05 9.99099E-05 9.99099E-05 9.99099E-05
0.107314 0.102869 0.0126113 0.0320484 0.0473647 0.131423 0.0260945 0.365043 0.0534019 0.0227347 0.061389 0.0377059
9.9901E-05 9.9901E-05 9.9901E-05 9.9901E-05 9.9901E-05 9.9901E-05 9.9901E-05 9.9901E-05 9.9901E-05 0.998901 9.9901E-05 9.9901E-05
0.093612 0.102275 0.0340244 0.0346234 0.0524275 0.126304 0.0181374 0.347562 0.0449188 0.0465436 0.0666493 0.0329225
0.0339374 0.0345683 0.0052723 0.0207871 0.0241891 0.0823217 0.022965 0.645477 0.0455319 0.0137584 0.033216 0.0379762
9.99008E-05 9.99008E-05 9.99008E-05 9.99008E-05 9.99008E-05 9.99008E-05 9.99008E-05 0.998901 9.99008E-05 9.99008E-05 9.99008E-05 9.99008E-05
0.986535 0.00351923 0.00658772 9.99279E-05 0.0025589 9.99279E-05 9.99279E-05 9.99279E-05 9.99279E-05 9.99279E-05 9.99279E-05 9.99279E-05
0.180816 0.0462446 9.9991E-05 0.00578899 0.0634801 0.152707 0.0674411 0.218472 0.0614622 0.0699732 0.0668869 0.0666286
0.0419649 0.363339 0.0237615 0.0331336 0.049454 0.0815133 0.0589614 0.153353 0.0566871 0.035224 0.0639021 0.0387068
0.0204718 0.0114158 0.0212199 0.0116877 9.9955E-05 0.926461 9.9955E-05 9.9955E-05 0.00197211 9.9955E-05 0.00627202 9.9955E-05
9.99009E-05 0.998901 9.99009E-05 9.99009E-05 9.99009E-05 9.99009E-05 9.99009E-05 9.99009E-05 9.99009E-05 9.99009E-05 9.99009E-05 9.99009E-05
0.0371677 0.0202149 0.000867499 0.0113329 0.0266113 0.76904 0.0244183 0.0468985 0.0130248 0.00388815 0.0189689 0.027567
9.99011E-05 9.99011E-05 9.99011E-05 9.99011E-05 9.99011E-05 9.99011E-05 9.99011E-05 9.99011E-05 9.99011E-05 9.99011E-05 0.998901 9.99011E-05
9.99011E-05 9.99011E-05 9.99011E-05 9.99011E-05 9.99011E-05 9.99011E-05 9.99011E-05 9.99011E-05 9.99011E-05 9.99011E-05 0.998901 9.99011E-05
9.99009E-05 9.99009E-05 9.99009E-05 9.99009E-05 9.99009E-05 9.99009E-05 0.998901 9.99009E-05 9.99009E-05 9.99009E-05 9.99009E-05 9.99009E-05
0.0513317 0.0334183 0.00625674 0.0312397 0.0247017 0.0856321 0.556467 0.0663015 0.0296739 0.0300626 0.0366442 0.048271
0.0122797 0.0259496 0.00687094 0.0143843 0.828552 0.0345989 0.00957723 0.0324308 0.0156334 0.00678665 0.0119051 0.00103155
9.9901E-05 9.9901E-05 9.9901E-05 9.9901E-05 9.9901E-05 9.9901E-05 9.9901E-05 9.9901E-05 0.998901 9.9901E-05 9.9901E-05 9.9901E-05
9.9901E-05 9.9901E-05 9.9901E-05 0.998901 9.9901E-05 9.9901E-05 9.9901E-05 9.9901E-05 9.9901E-05 9.9901E-05 9.9901E-05 9.9901E-05
0.0367499 0.0317447 0.0196035 0.0152118 0.0403227 0.025033 0.0116167 0.0194994 0.743918 0.0140867 0.0283281 0.013886
0.872675 9.99099E-05 9.99099E-05 0.126326 9.99099E-05 9.99099E-05 9.99099E-05 9.99099E-05 9.99099E-05 9.99099E-05 9.99099E-05 9.99099E-05
0.113351 0.107824 0.0349067 0.0264199 0.0300855 0.127436 9.9991E-05 0.390462 0.0450628 0.0260082 0.0544338 0.0439104
9.9901E-05 9.9901E-05 9.9901E-05 9.9901E-05 9.9901E-05 9.9901E-05 9.9901E-05 9.9901E-05 9.9901E-05 0.998901 9.9901E-05 9.9901E-05
0.236191 0.0942379 0.0214795 0.0111103 0.051479 0.132126 0.0473998 0.161494 0.0557189 0.0610645 0.0443262 0.0833734
0.0813459 0.100381 0.0343432 0.0286912 0.0398355 0.149423 0.00468145 0.395038 0.0284119 0.0456362 0.0563754 0.0358374
0.0650459 0.0172953 0.0178303 9.9991E-05 0.0368013 0.104846 0.0229557 0.651027 0.0144964 0.0235906 0.0260449 0.0199673
0.0224416 0.0179472 0.0216281 0.00471918 0.0300446 0.0381254 9.9991E-05 0.794266 0.0118875 0.022996 0.0284927 0.00735166
0.581004 0.0328186 0.0669043 0.00703272 0.0228543 0.061773 9.9991E-05 0.0896201 0.0371469 0.027243 0.0336697 0.039833
0.174625 0.0472064 9.9991E-05 0.0147693 0.0707442 0.158219 0.0649627 0.203388 0.0686567 0.0667567 0.0682353 0.062337
0.0109152 0.825312 0.0267976 0.00365902 0.0179926 0.0273905 0.00156845 0.0138663 0.00676157 0.0271059 0.0161619 0.0224694
0.00448985 9.9955E-05 0.006052 0.00190565 9.9955E-05 0.965638 9.9955E-05 9.9955E-05 0.00265605 0.0137813 0.00497776 9.9955E-05
0.0147514 0.925312 9.9964E-05 0.00175399 0.0107303 9.9964E-05 0.0249053 9.9964E-05 0.00627018 0.0135279 9.9964E-05 0.00234856
9.9901E-05 9.9901E-05 9.9901E-05 9.9901E-05 9.9901E-05 0.998901 9.9901E-05 9.9901E-05 9.9901E-05 9.9901E-05 9.9901E-05 9.9901E-05
0.00980408 0.00298139 0.011433 0.00896934 9.9964E-05 0.00252675 9.9964E-05 9.9964E-05 0.00257311 9.9964E-05 0.954084 0.00722827
9.9901E-05 9.9901E-05 9.9901E-05 9.9901E-05 9.9901E-05 9.9901E-05 9.9901E-05 9.9901E-05 9.9901E-05 9.9901E-05 0.998901 9.9901E-05
9.9901E-05 9.9901E-05 9.9901E-05 9.9901E-05 9.9901E-05 9.9901E-05 0.998901 9.9901E-05 9.9901E-05 9.9901E-05 9.9901E-05 9.9901E-05
9.9937E-05 9.9937E-05 0.967254 0.00252228 9.9937E-05 9.9937E-05 0.0239067 9.9937E-05 0.0046297 9.9937E-05 9.9937E-05 0.000987423
9.9901E-05 9.9901E-05 9.9901E-05 9.9901E-05 0.998901 9.9901E-05 9.9901E-05 9.9901E-05 9.9901E-05 9.9901E-05 9.9901E-05 9.9901E-05
9.9901E-05 9.9901E-05 9.9901E-05 9.9901E-05 9.9901E-05 9.9901E-05 9.9901E-05 9.9901E-05 0.998901 9.9901E-05 9.9901E-05 9.9901E-05
9.99009E-05 9.99009E-05 9.99009E-05 0.998901 9.99009E-05 9.99009E-05 9.99009E-05 9.99009E-05 9.99009E-05 9.99009E-05 9.99009E-05 9.99009E-05
9.99011E-05 9.99011E-05 9.99011E-05 9.99011E-05 9.99011E-05 9.99011E-05 9.99011E-05 9.99011E-05 0.998901 9.99011E-05 9.99011E-05 9.99011E-05
0.858838 9.99099E-05 9.99099E-05 0.140162 9.99099E-05 9.99099E-05 9.99099E-05 9.99099E-05 9.99099E-05 9.99099E-05 9.99099E-05 9.99099E-05
0.178499 0.0484952 0.002198 0.000448234 0.0493881 0.152265 0.0401314 0.248463 0.0891224 0.0571704 0.0619081 0.0719107
9.9946E-05 9.9946E-05 9.9946E-05 0.00310027 9.9946E-05 0.000506051 9.9946E-05 0.00888751 0.00882419 0.973259 9.9946E-05 0.00482319
0.237306 0.0954254 0.0189756 0.0102069 0.0511713 0.14416 0.0608376 0.143502 0.0556355 0.0660769 0.0343687 0.0823345
0.145781 0.0980286 0.0463971 0.0288079 0.0505765 0.153595 0.00776186 0.304167 0.0526811 0.0382573 0.0454208 0.0285259
0.072342 0.0085345 0.00832884 0.00133079 0.0404348 0.103882 0.0160684 0.666197 0.00851563 0.0148315 0.0282744 0.0312608
0.0515609 0.0324981 0.0227365 0.00601581 0.00360512 0.0435622 9.9991E-05 0.787081 0.0221944 0.0133361 0.00659354 0.0107168
0.998901 9.99009E-05 9.99009E-05 9.99009E-05 9.99009E-05 9.99009E-05 9.99009E-05 9.99009E-05 9.99009E-05 9.99009E-05 9.99009E-05 9.99009E-05
0.150027 0.0553286 0.0346514 0.0199675 0.0622585 0.164847 0.0302469 0.211232 0.0763732 0.0653913 0.0617713 0.067905
0.0255097 0.815303 0.024298 0.00189193 0.0261211 0.0351453 9.9982E-05 9.9982E-05 0.0125853 0.0153268 0.0226258 0.0209933
9.99009E-05 9.99009E-05 9.99009E-05 9.99009E-05 9.99009E-05 0.998901 9.99009E-05 9.99009E-05 9.99009E-05 9.99009E-05 9.99009E-05 9.99009E-05
9.99009E-05 0.998901 9.99009E-05 9.99009E-05 9.99009E-05 9.99009E-05 9.99009E-05 9.99009E-05 9.99009E-05 9.99009E-05 9.99009E-05 9.99009E-05
9.991E-05 9.991E-05 9.991E-05 9.991E-05 0.00923194 0.989769 9.991E-05 9.991E-05 9.991E-05 9.991E-05 9.991E-05 9.991E-05
0.0116602 0.0100257 9.9946E-05 0.00381352 9.9946E-05 9.9946E-05 0.00673505 9.9946E-05 9.9946E-05 0.00701644 0.960149 9.9946E-05
9.9919E-05 9.9919E-05 0.000390604 9.9919E-05 9.9919E-05 0.00375113 9.9919E-05 9.9919E-05 9.9919E-05 9.9919E-05 0.994959 9.9919E-05
9.9901E-05 9.9901E-05 9.9901E-05 9.9901E-05 9.9901E-05 9.9901E-05 0.998901 9.9901E-05 9.9901E-05 9.9901E-05 9.9901E-05 9.9901E-05
9.9901E-05 9.9901E-05 9.9901E-05 9.9901E-05 9.9901E-05 9.9901E-05 0.998901 9.9901E-05 9.9901E-05 9.9901E-05 9.9901E-05 9.9901E-05
0.00052929 0.00889902 9.9946E-05 9.9946E-05 0.974292 9.9946E-05 0.00820649 9.9946E-05 9.9946E-05 9.9946E-05 0.00289009 0.00458308
9.9955E-05 9.9955E-05 9.9955E-05 0.00720655 0.00781433 0.00248539 0.00231251 9.9955E-05 0.977403 0.00123344 0.00104531 9.9955E-05
0.342662 0.0506705 0.0309742 0.234231 0.0511337 0.0823313 0.0105919 0.0808227 0.0331701 0.00732293 0.0539534 0.0221363
0.00106491 9.9964E-05 0.00496401 9.9964E-05 9.9964E-05 9.9964E-05 0.0010611 0.00491111 0.960596 0.008393 0.00885118 0.00975845
9.9928E-05 9.9928E-05 9.9928E-05 9.9928E-05 0.00213502 9.9928E-05 0.00164822 9.9928E-05 9.9928E-05 0.993176 0.00224147 9.9928E-05
0.0653709 0.136659 0.0318022 0.0512517 0.028434 0.150593 0.0267297 0.354362 0.0299573 0.0398603 0.0555164 0.0294637
0.235233 0.0821425 0.0205321 0.0114663 0.0468885 0.132628 0.0638713 0.167049 0.05722 0.0642908 0.0417785 0.0768996
0.120651 0.0819823 9.9991E-05 0.0438912 0.0673568 0.146578 0.028137 0.278928 0.0689739 0.0418914 0.0678429 0.053667
0.0477083 0.0100295 0.00778168 0.0122361 0.0409161 0.0891931 0.0208721 0.680653 0.0171031 0.019284 0.0254146 0.0288089
0.0527752 0.0320843 0.0031807 0.0356057 0.0348615 0.052624 0.0094599 0.661805 0.0438245 0.025274 0.0356139 0.0128909
9.9901E-05 9.9901E-05 9.9901E-05 9.9901E-05 9.9901E-05 9.9901E-05 9.9901E-05 9.9901E-05 9.9901E-05 9.9901E-05 9.9901E-05 0.998901
0.998901 9.99009E-05 9.99009E-05 9.99009E-05 9.99009E-05 9.99009E-05 9.99009E-05 9.99009E-05 9.99009E-05 9.99009E-05 9.99009E-05 9.99009E-05
0.207116 0.0446482 9.9982E-05 9.9982E-05 0.0665459 0.153709 0.0425585 0.242267 0.0935891 0.0272833 0.029037 0.093046
0.0121341 0.844958 0.0301203 0.00300755 0.0149057 0.0402329 9.9982E-05 0.0127053 9.9982E-05 0.00842715 0.0193197 0.0139893
9.99009E-05 9.99009E-05 9.99009E-05 9.99009E-05 9.99009E-05 0.998901 9.99009E-05 9.99009E-05 9.99009E-05 9.99009E-05 9.99009E-05 9.99009E-05
9.99009E-05 0.998901 9.99009E-05 9.99009E-05 9.99009E-05 9.99009E-05 9.99009E-05 9.99009E-05 9.99009E-05 9.99009E-05 9.99009E-05 9.99009E-05
9.9928E-05 0.00242429 9.9928E-05 9.9928E-05 0.0101417 0.978657 9.9928E-05 0.00797715 9.9928E-05 9.9928E-05 9.9928E-05 9.9928E-05
0.00175754 9.9937E-05 9.9937E-05 0.00015505 9.9937E-05 9.9937E-05 9.9937E-05 9.9937E-05 9.9937E-05 0.00141175 0.992817 0.00315894
9.9901E-05 9.9901E-05 0.998901 9.9901E-05 9.9901E-05 9.9901E-05 9.9901E-05 9.9901E-05 9.9901E-05 9.9901E-05 9.9901E-05 9.9901E-05
9.9901E-05 9.9901E-05 9.9901E-05 9.9901E-05 0.998901 9.9901E-05 9.9901E-05 9.9901E-05 9.9901E-05 9.9901E-05 9.9901E-05 9.9901E-05
0.0542657 0.0193916 0.0168883 0.0177008 0.476663 0.105582 0.0478573 0.114435 0.0428323 0.027226 0.0508395 0.0263189
0.223145 0.0534311 0.0669674 0.200399 0.0296341 0.110663 9.9991E-05 0.140653 0.0375248 0.034928 0.061387 0.0411684
9.9901E-05 9.9901E-05 9.9901E-05 9.9901E-05 9.9901E-05 9.9901E-05 9.9901E-05 9.9901E-05 0.998901 9.9901E-05 9.9901E-05 9.9901E-05
9.99009E-05 9.99009E-05 9.99009E-05 0.998901 9.99009E-05 9.99009E-05 9.99009E-05 9.99009E-05 9.99009E-05 9.99009E-05 9.99009E-05 9.99009E-05
0.0148839 0.0113815 0.0111179 0.0130075 0.00480864 9.9982E-05 9.9982E-05 0.0165471 0.873659 0.0159505 0.0301335 0.00831093
9.9901E-05 9.9901E-05 9.9901E-05 9.9901E-05 9.9901E-05 9.9901E-05 9.9901E-05 9.9901E-05 9.9901E-05 0.998901 9.9901E-05 9.9901E-05
0.109857 0.125225 0.0430697 0.0270241 0.0485341 0.1502 0.0178931 0.316753 0.0523957 0.0390418 0.0470714 0.0229359
0.165927 0.088569 0.0468135 0.0383288 0.0532025 0.151175 0.0474936 0.159051 0.0680828 0.0512985 0.0520326 0.0780251
0.0921619 0.0794637 0.038202 0.037829 0.0518921 0.142354 0.00774334 0.321127 0.0550961 0.0523203 0.0607417 0.0610693
0.0452598 0.0302238 0.0137108 0.0295885 0.0383078 0.0676209 0.00269994 0.710179 0.0229261 0.0247677 0.000920156 0.0137951
9.9964E-05 9.9964E-05 0.00111915 0.0272069 0.00128278 9.9964E-05 0.00709493 0.911787 0.0168301 0.0153054 0.0189735 9.9964E-05
9.9901E-05 9.9901E-05 9.9901E-05 9.9901E-05 9.9901E-05 9.9901E-05 9.9901E-05 9.9901E-05 9.9901E-05 9.9901E-05 9.9901E-05 0.998901
0.835121 0.028726 0.0276071 9.9982E-05 0.0120869 0.0258621 9.9982E-05 0.00925097 0.0211827 0.0112263 0.0154015 0.0133353
0.210091 0.0466883 9.9991E-05 0.00625209 0.061067 0.149587 0.0322187 0.231246 0.0817672 0.0369623 0.0436485 0.100372
0.00610434 0.793442 0.0374764 0.0057502 0.0270818 0.0264355 0.00417042 0.0147569 0.00662528 0.036962 0.0159265 0.0252686
9.99099E-05 9.99099E-05 0.000576771 9.99099E-05 9.99099E-05 0.998424 9.99099E-05 9.99099E-05 9.99099E-05 9.99099E-05 9.99099E-05 9.99099E-05
9.99009E-05 0.998901 9.99009E-05 9.99009E-05 9.99009E-05 9.99009E-05 9.99009E-05 9.99009E-05 9.99009E-05 9.99009E-05 9.99009E-05 9.99009E-05
9.9901E-05 9.9901E-05 9.9901E-05 9.9901E-05 9.9901E-05 9.9901E-05 9.9901E-05 9.9901E-05 9.9901E-05 9.9901E-05 0.998901 9.9901E-05
