0.998901 9.99011E-05 9.99011E-05 9.99011E-05 9.99011E-05 9.99011E-05 9.99011E-05 9.99011E-05 9.99011E-05 9.99011E-05 9.99011E-05 9.99011E-05
0.00286123 0.00732302 0.944171 0.0140079 9.9955E-05 9.9955E-05 9.9955E-05 9.9955E-05 9.9955E-05 0.0133978 0.00571929 0.0120198
0.00109655 0.02189 0.940245 0.00442172 9.9946E-05 9.9946E-05 9.9946E-05 9.9946E-05 9.9946E-05 0.0216299 9.9946E-05 0.0101167
9.99009E-05 9.99009E-05 9.99009E-05 9.99009E-05 9.99009E-05 0.998901 9.99009E-05 9.99009E-05 9.99009E-05 9.99009E-05 9.99009E-05 9.99009E-05
9.9901E-05 9.9901E-05 9.9901E-05 9.9901E-05 9.9901E-05 0.998901 9.9901E-05 9.9901E-05 9.9901E-05 9.9901E-05 9.9901E-05 9.9901E-05
0.0573317 0.0988243 0.068709 0.0377247 0.0890532 0.0447693 0.113734 0.309551 0.0327687 0.0609061 0.0543692 0.032259
9.9901E-05 9.9901E-05 9.9901E-05 9.9901E-05 9.9901E-05 9.9901E-05 9.9901E-05 9.9901E-05 9.9901E-05 9.9901E-05 0.998901 9.9901E-05
9.9901E-05 9.9901E-05 9.9901E-05 9.9901E-05 9.9901E-05 9.9901E-05 9.9901E-05 0.998901 9.9901E-05 9.9901E-05 9.9901E-05 9.9901E-05
0.065414 0.120127 0.0291524 0.0255072 0.0589846 0.0350303 0.422366 0.0207383 0.105153 0.0358826 0.048833 0.0328121
0.00467437 9.9946E-05 0.0128441 0.973733 0.00415494 0.00292682 9.9946E-05 9.9946E-05 9.9946E-05 0.00106725 9.9946E-05 9.9946E-05
0.0580378 0.157342 0.0432697 0.060546 0.0541181 0.0644211 0.26275 0.0484289 0.0960495 0.0580525 0.0616307 0.0353539
0.0615982 0.158284 0.0958033 0.0549022 0.0535579 0.0502155 0.175943 0.0422063 0.0883252 0.0830278 0.067538 0.0685986
9.99279E-05 9.99279E-05 9.99279E-05 9.99279E-05 9.99279E-05 0.000532067 0.985096 0.0129799 9.99279E-05 9.99279E-05 9.99279E-05 0.000592091
9.99008E-05 9.99008E-05 9.99008E-05 9.99008E-05 9.99008E-05 9.99008E-05 0.998901 9.99008E-05 9.99008E-05 9.99008E-05 9.99008E-05 9.99008E-05
0.008961 0.0623512 0.0298347 0.0352193 0.0445189 0.011137 0.151179 9.9991E-05 0.00685045 0.0551437 0.534459 0.060246
9.9901E-05 9.9901E-05 9.9901E-05 9.9901E-05 9.9901E-05 9.9901E-05 9.9901E-05 9.9901E-05 9.9901E-05 9.9901E-05 9.9901E-05 0.998901
9.99009E-05 9.99009E-05 9.99009E-05 9.99009E-05 9.99009E-05 9.99009E-05 9.99009E-05 9.99009E-05 9.99009E-05 0.998901 9.99009E-05 9.99009E-05
0.0481123 0.188678 0.0575252 0.0331729 0.0671997 0.0658087 0.217804 0.0328777 0.0564266 0.0934898 0.0754128 0.0634924
0.0242128 0.017435 0.0418384 0.0380233 0.00439936 0.0275404 9.9991E-05 0.0120554 0.7857 0.01568 0.00479906 0.0282161
0.0328952 0.715624 0.0420116 0.0316096 0.0185765 0.0389737 0.00596337 0.0164632 0.0423258 0.0104984 0.0249157 0.0201434
9.9946E-05 9.9946E-05 0.00292556 9.9946E-05 9.9946E-05 0.00185715 9.9946E-05 0.00165208 0.986964 0.00374738 0.00225449 9.9946E-05
0.00402689 0.958447 9.9964E-05 0.00339257 9.9964E-05 0.00488394 0.0197968 9.9964E-05 0.00294199 0.00138405 9.9964E-05 0.00472647
0.917094 0.0273581 0.00224837 0.00446918 0.00671352 0.00504205 0.0265027 0.000781851 9.9973E-05 9.9973E-05 0.00948988 9.9973E-05
9.99009E-05 9.99009E-05 0.998901 9.99009E-05 9.99009E-05 9.99009E-05 9.99009E-05 9.99009E-05 9.99009E-05 9.99009E-05 9.99009E-05 9.99009E-05
0.0083544 0.0174346 0.91655 0.00884202 9.9955E-05 9.9955E-05 9.9955E-05 9.9955E-05 9.9955E-05 0.0145919 0.0137341 0.0199934
9.9901E-05 9.9901E-05 9.9901E-05 9.9901E-05 9.9901E-05 0.998901 9.9901E-05 9.9901E-05 9.9901E-05 9.9901E-05 9.9901E-05 9.9901E-05
9.9901E-05 9.9901E-05 9.9901E-05 9.9901E-05 9.9901E-05 9.9901E-05 9.9901E-05 9.9901E-05 9.9901E-05 9.9901E-05 0.998901 9.9901E-05
9.9901E-05 9.9901E-05 9.9901E-05 9.9901E-05 9.9901E-05 9.9901E-05 9.9901E-05 0.998901 9.9901E-05 9.9901E-05 9.9901E-05 9.9901E-05
0.0199734 0.00372745 0.0193628 0.00663825 0.00505145 9.9982E-05 9.9982E-05 0.00285665 0.0103852 0.0101543 0.918676 0.00297414
0.00321301 9.99387E-05 0.0133395 9.99387E-05 9.99387E-05 0.0030422 9.99387E-05 0.975132 9.99387E-05 0.00457343 9.99387E-05 9.99387E-05
0.0465087 0.123669 0.0152638 0.00478562 0.0648622 0.0409744 0.481967 0.0235437 0.0946196 0.0237638 0.0370513 0.042991
9.9901E-05 9.9901E-05 9.9901E-05 0.998901 9.9901E-05 9.9901E-05 9.9901E-05 9.9901E-05 9.9901E-05 9.9901E-05 9.9901E-05 9.9901E-05
0.095339 0.0950478 0.0972256 0.0737674 0.0478283 0.0465608 0.167747 0.0713976 0.112697 0.05396 0.101293 0.0371364
9.99009E-05 9.99009E-05 9.99009E-05 9.99009E-05 9.99009E-05 9.99009E-05 0.998901 9.99009E-05 9.99009E-05 9.99009E-05 9.99009E-05 9.99009E-05
9.99008E-05 9.99008E-05 9.99008E-05 9.99008E-05 9.99008E-05 9.99008E-05 0.998901 9.99008E-05 9.99008E-05 9.99008E-05 9.99008E-05 9.99008E-05
0.0552293 0.15231 0.0579347 0.0442996 0.0397728 0.0454549 0.260808 0.0133708 0.0661211 0.104561 0.0549441 0.105195
9.99009E-05 9.99009E-05 9.99009E-05 9.99009E-05 9.99009E-05 9.99009E-05 9.99009E-05 9.99009E-05 9.99009E-05 9.99009E-05 9.99009E-05 0.998901
0.0335917 0.0959111 0.0134409 0.0348285 0.0307299 0.0407504 0.0921033 0.0447117 0.0579858 0.450506 0.0455728 0.0598679
9.9955E-05 0.942507 0.00889639 0.0118317 0.0146438 9.9955E-05 9.9955E-05 0.000707804 0.0163909 9.9955E-05 0.00452243 9.9955E-05
9.99009E-05 9.99009E-05 9.99009E-05 9.99009E-05 9.99009E-05 9.99009E-05 9.99009E-05 9.99009E-05 0.998901 9.99009E-05 9.99009E-05 9.99009E-05
0.0352071 0.702677 0.0274854 0.01782 0.0237495 0.0262007 0.0561559 0.0133476 0.039168 0.0343195 0.0111122 0.0127571
0.998901 9.9901E-05 9.9901E-05 9.9901E-05 9.9901E-05 9.9901E-05 9.9901E-05 9.9901E-05 9.9901E-05 9.9901E-05 9.9901E-05 9.9901E-05
0.950734 0.0146047 9.9955E-05 0.00632117 9.9955E-05 0.00753944 0.0156399 9.9955E-05 0.000316754 9.9955E-05 0.00434414 9.9955E-05
9.9901E-05 9.9901E-05 0.998901 9.9901E-05 9.9901E-05 9.9901E-05 9.9901E-05 9.9901E-05 9.9901E-05 9.9901E-05 9.9901E-05 9.9901E-05
0.0156783 0.00940695 0.865113 0.0179555 0.0076137 0.0102611 0.0102171 0.0110734 0.00316122 0.0161415 0.0199642 0.0134138
9.9919E-05 9.9919E-05 9.9919E-05 0.000737945 9.9919E-05 0.996789 9.9919E-05 0.00157417 9.9919E-05 9.9919E-05 9.9919E-05 9.9919E-05
9.9901E-05 9.9901E-05 9.9901E-05 9.9901E-05 9.9901E-05 9.9901E-05 9.9901E-05 9.9901E-05 9.9901E-05 9.9901E-05 0.998901 9.9901E-05
9.9946E-05 0.00200249 0.00848491 0.00205696 0.975187 0.00467111 9.9946E-05 9.9946E-05 0.00699831 9.9946E-05 9.9946E-05 9.9946E-05
9.9901E-05 9.9901E-05 9.9901E-05 9.9901E-05 9.9901E-05 9.9901E-05 9.9901E-05 9.9901E-05 9.9901E-05 9.9901E-05 0.998901 9.9901E-05
0.000899494 9.991E-05 9.991E-05 9.991E-05 0.998101 9.991E-05 9.991E-05 9.991E-05 9.991E-05 9.991E-05 9.991E-05 9.991E-05
0.0549097 0.124805 0.0208576 0.0273622 0.0545575 0.0382411 0.423259 0.0352021 0.0936931 0.0281563 0.0535274 0.0454283
0.00227292 9.9937E-05 0.00409788 0.975217 9.9937E-05 0.0068113 9.9937E-05 0.0109014 9.9937E-05 9.9937E-05 9.9937E-05 9.9937E-05
0.0596147 0.16796 0.0400575 0.0471868 0.0493707 0.0640661 0.305812 0.027209 0.114686 0.0662327 0.0475969 0.0102078
0.00227138 9.99369E-05 0.0100311 9.99369E-05 0.00225053 9.99369E-05 0.972882 0.0118653 9.99369E-05 9.99369E-05 9.99369E-05 9.99369E-05
9.99009E-05 9.99009E-05 9.99009E-05 9.99009E-05 9.99009E-05 9.99009E-05 0.998901 9.99009E-05 9.99009E-05 9.99009E-05 9.99009E-05 9.99009E-05
0.067144 0.146782 0.0572384 0.06445 0.0671321 0.0761455 0.225825 0.0211007 0.0567546 0.0857054 0.0582228 0.0734995
9.99009E-05 9.99009E-05 9.99009E-05 9.99009E-05 9.99009E-05 9.99009E-05 9.99009E-05 9.99009E-05 9.99009E-05 9.99009E-05 9.99009E-05 0.998901
0.0406427 0.0884107 0.0700384 0.0374309 0.0232613 0.0483839 0.157841 0.0387097 0.407868 0.0410076 0.033701 0.0127052
0.00828442 0.824396 0.0319658 0.0305005 0.0179165 0.0118675 0.00251838 0.00893693 0.0247115 0.0121285 0.02052 0.00625437
9.99009E-05 9.99009E-05 9.99009E-05 9.99009E-05 9.99009E-05 9.99009E-05 9.99009E-05 9.99009E-05 0.998901 9.99009E-05 9.99009E-05 9.99009E-05
9.99009E-05 0.998901 9.99009E-05 9.99009E-05 9.99009E-05 9.99009E-05 9.99009E-05 9.99009E-05 9.99009E-05 9.99009E-05 9.99009E-05 9.99009E-05
0.980852 9.9946E-05 0.00478768 0.00703662 0.000735587 9.9946E-05 9.9946E-05 9.9946E-05 0.00342614 0.00256241 9.9946E-05 9.9946E-05
0.958439 0.0194624 9.9937E-05 0.00301789 9.9937E-05 0.00702983 0.0113515 9.9937E-05 9.9937E-05 9.9937E-05 9.9937E-05 9.9937E-05
9.9901E-05 9.9901E-05 0.998901 9.9901E-05 9.9901E-05 9.9901E-05 9.9901E-05 9.9901E-05 9.9901E-05 9.9901E-05 9.9901E-05 9.9901E-05
0.0391673 0.0816422 0.567204 0.0350346 0.017277 0.0425026 0.07692 0.0383968 0.0435706 0.00851753 0.0196523 0.0301155
9.9973E-05 0.0185021 0.000820294 0.00164564 9.9973E-05 0.960691 0.00105583 0.00688326 0.00679461 0.000250641 9.9973E-05 0.00305645
0.00424259 0.00827956 0.00174073 9.9964E-05 0.00487377 9.9964E-05 9.9964E-05 0.00316795 0.00189678 9.9964E-05 0.974349 0.00104934
0.0136092 9.9955E-05 0.018336 0.00611603 9.9955E-05 0.0119132 9.9955E-05 0.931763 0.0105733 9.9955E-05 0.00718926 9.9955E-05
0.0202401 0.0313287 0.0193954 0.0229557 0.0154327 0.00220362 0.000249024 0.0163425 0.0177594 9.9991E-05 0.846555 0.00743787
9.99009E-05 9.99009E-05 9.99009E-05 9.99009E-05 0.998901 9.99009E-05 9.99009E-05 9.99009E-05 9.99009E-05 9.99009E-05 9.99009E-05 9.99009E-05
0.0537242 0.11953 0.0464455 0.0345548 0.0412186 0.0468958 0.412081 0.0275149 0.105177 0.0427251 0.042196 0.0279378
9.9901E-05 9.9901E-05 9.9901E-05 0.998901 9.9901E-05 9.9901E-05 9.9901E-05 9.9901E-05 9.9901E-05 9.9901E-05 9.9901E-05 9.9901E-05
0.0675447 0.116985 0.0350933 0.0483706 0.0387894 0.051019 0.357366 0.0383429 0.118971 0.0495507 0.0519037 0.0260641
0.0302977 0.0830626 0.0187117 0.017208 9.9991E-05 0.0336402 0.653415 0.0365296 0.0371871 0.0320086 0.0362018 0.0216375
9.99008E-05 9.99008E-05 9.99008E-05 9.99008E-05 9.99008E-05 9.99008E-05 0.998901 9.99008E-05 9.99008E-05 9.99008E-05 9.99008E-05 9.99008E-05
9.99009E-05 9.99009E-05 9.99009E-05 9.99009E-05 9.99009E-05 9.99009E-05 9.99009E-05 9.99009E-05 9.99009E-05 0.998901 9.99009E-05 9.99009E-05
0.0710687 0.157183 0.0677014 0.0660094 0.0600992 0.074367 0.219018 0.0144077 0.0521736 0.0860337 0.0614111 0.0705263
0.0499529 0.0932126 0.0600122 0.0439163 0.0280091 0.03069 0.167355 0.0503018 0.366049 0.0446943 0.0408677 0.0249388
0.010699 0.906558 0.0177206 0.00637987 0.013622 0.00150844 9.9991E-05 0.00249253 0.00707819 0.00969049 0.0196039 0.00454682
9.99009E-05 9.99009E-05 9.99009E-05 9.99009E-05 9.99009E-05 9.99009E-05 9.99009E-05 9.99009E-05 0.998901 9.99009E-05 9.99009E-05 9.99009E-05
0.0184855 0.765067 0.0197483 0.00577458 0.0100856 0.0232443 0.0407604 0.0212339 0.0239061 0.0407321 0.00663367 0.0243289
0.997551 9.9919E-05 9.9919E-05 9.9919E-05 9.9919E-05 9.9919E-05 9.9919E-05 0.000143589 9.9919E-05 9.9919E-05 9.9919E-05 0.00140622
0.998901 9.99011E-05 9.99011E-05 9.99011E-05 9.99011E-05 9.99011E-05 9.99011E-05 9.99011E-05 9.99011E-05 9.99011E-05 9.99011E-05 9.99011E-05
9.99009E-05 9.99009E-05 0.998901 9.99009E-05 9.99009E-05 9.99009E-05 9.99009E-05 9.99009E-05 9.99009E-05 9.99009E-05 9.99009E-05 9.99009E-05
0.0412995 0.0754034 0.559699 0.0361188 0.0219252 0.0312616 0.0739764 0.0372086 0.0293984 0.036999 0.0276134 0.029097
0.00307503 0.0315915 0.014175 0.0190125 0.012597 0.828467 0.0205319 0.00545071 0.0378166 0.002182 0.0183747 0.00672583
9.9901E-05 9.9901E-05 9.9901E-05 9.9901E-05 9.9901E-05 9.9901E-05 9.9901E-05 9.9901E-05 9.9901E-05 9.9901E-05 0.998901 9.9901E-05
9.9901E-05 9.9901E-05 9.9901E-05 9.9901E-05 9.9901E-05 9.9901E-05 9.9901E-05 0.998901 9.9901E-05 9.9901E-05 9.9901E-05 9.9901E-05
0.0438629 0.0371771 0.026233 0.0256121 0.0129831 0.0315449 0.0215434 0.0123055 0.0195141 0.0101336 0.733523 0.0255666
9.99009E-05 9.99009E-05 9.99009E-05 9.99009E-05 0.998901 9.99009E-05 9.99009E-05 9.99009E-05 9.99009E-05 9.99009E-05 9.99009E-05 9.99009E-05
0.0526596 0.126883 0.0225037 0.0201524 0.0395193 0.0409832 0.441891 0.0314975 0.100697 0.0422284 0.0426868 0.038299
9.9901E-05 9.9901E-05 9.9901E-05 0.998901 9.9901E-05 9.9901E-05 9.9901E-05 9.9901E-05 9.9901E-05 9.9901E-05 9.9901E-05 9.9901E-05
0.0436567 0.151336 0.0819544 0.0680042 0.0773661 0.0567219 0.175948 0.0118537 0.085541 0.109019 0.0591967 0.0794014
0.0460106 0.0970498 0.029269 0.0629487 0.0314282 0.0543149 0.41133 0.0321725 0.107113 0.0528944 0.0413416 0.0341268
0.0230355 0.100868 0.0479763 0.0330423 0.0303538 0.0389822 0.641289 9.9991E-05 0.0204198 0.0268361 0.011859 0.0252384
0.0263766 0.0377308 0.0118705 0.0219126 0.00263066 0.018875 0.806696 0.00411743 0.0304847 0.0191341 0.0175617 0.00260972
0.0230889 0.0427745 0.0416566 0.0272594 0.0264986 0.0431593 0.0911287 0.0411543 0.0267822 0.56494 0.0282004 0.0433573
0.0692778 0.149934 0.0521912 0.0720976 0.068439 0.0749777 0.216025 0.0168273 0.0430256 0.0868871 0.0661628 0.0841548
0.0253459 0.0308288 0.0157359 0.0264233 9.9982E-05 0.0251387 9.9982E-05 0.00715532 0.821062 0.0328037 0.00268806 0.0126187
0.00245288 0.92846 0.0134597 0.0064004 0.0275903 0.00538331 9.9964E-05 9.9964E-05 0.00430517 9.9964E-05 0.0115486 9.9964E-05
0.00365779 0.0209774 0.000761874 9.9973E-05 0.0035641 0.00420434 9.9973E-05 0.0110841 0.939149 9.9973E-05 0.0121564 0.00414547
9.9901E-05 0.998901 9.9901E-05 9.9901E-05 9.9901E-05 9.9901E-05 9.9901E-05 9.9901E-05 9.9901E-05 9.9901E-05 9.9901E-05 9.9901E-05
0.956746 9.9973E-05 0.00517692 0.00496996 0.00139774 9.9973E-05 9.9973E-05 0.00531981 0.00784545 0.0136146 0.00143438 0.00319539
0.998901 9.9901E-05 9.9901E-05 9.9901E-05 9.9901E-05 9.9901E-05 9.9901E-05 9.9901E-05 9.9901E-05 9.9901E-05 9.9901E-05 9.9901E-05
9.9901E-05 9.9901E-05 0.998901 9.9901E-05 9.9901E-05 9.9901E-05 9.9901E-05 9.9901E-05 9.9901E-05 9.9901E-05 9.9901E-05 9.9901E-05
0.0105859 0.0178381 0.907523 0.0130171 9.9964E-05 9.9964E-05 0.00858518 9.9964E-05 9.9964E-05 0.0203449 0.00836567 0.0133403
9.9901E-05 9.9901E-05 9.9901E-05 9.9901E-05 9.9901E-05 0.998901 9.9901E-05 9.9901E-05 9.9901E-05 9.9901E-05 9.9901E-05 9.9901E-05
9.99009E-05 9.99009E-05 9.99009E-05 9.99009E-05 9.99009E-05 9.99009E-05 9.99009E-05 9.99009E-05 9.99009E-05 9.99009E-05 0.998901 9.99009E-05
9.9901E-05 9.9901E-05 9.9901E-05 9.9901E-05 9.9901E-05 9.9901E-05 9.9901E-05 0.998901 9.9901E-05 9.9901E-05 9.9901E-05 9.9901E-05
9.99011E-05 9.99011E-05 9.99011E-05 9.99011E-05 9.99011E-05 9.99011E-05 9.99011E-05 9.99011E-05 9.99011E-05 9.99011E-05 0.998901 9.99011E-05
9.99009E-05 9.99009E-05 9.99009E-05 9.99009E-05 0.998901 9.99009E-05 9.99009E-05 9.99009E-05 9.99009E-05 9.99009E-05 9.99009E-05 9.99009E-05
0.0605904 0.151329 0.0511259 0.0540434 0.0539341 0.0479747 0.27458 9.9991E-05 0.0604872 0.0786216 0.0796905 0.0875227
0.000401161 9.9964E-05 9.9964E-05 0.973289 9.9964E-05 0.00924809 0.00595181 0.00139123 9.9964E-05 0.00167661 0.00345412 0.00418768
0.0343214 0.150315 0.0830717 0.0686672 0.0842662 0.0522229 0.172396 0.0167113 0.0931781 0.102563 0.0579903 0.0842972
0.0526278 0.151055 0.0520053 0.0404958 0.0632317 0.0666598 0.328987 0.0287572 0.100637 0.0386031 0.052175 0.0247654
0.0287336 0.0975112 0.0335802 0.0222623 0.0311295 0.037787 0.662995 0.00325675 0.00632933 0.0412649 0.00740528 0.0277453
0.00843028 0.0401128 0.0190711 0.00458618 0.0221222 0.0153002 0.784519 9.9991E-05 0.0374195 0.036331 0.0204201 0.0115878
9.99008E-05 9.99008E-05 9.99008E-05 9.99008E-05 9.99008E-05 9.99008E-05 9.99008E-05 9.99008E-05 9.99008E-05 0.998901 9.99008E-05 9.99008E-05
0.0537569 0.172456 0.0710069 0.0560072 0.0405789 0.0549061 0.232676 0.0260864 0.0686517 0.0782976 0.0787612 0.0668153
0.0226589 0.0280964 0.0244937 0.0205979 0.00255428 0.0182289 0.018906 0.00871814 0.816878 0.0280187 0.0057406 0.00510843
9.99009E-05 0.998901 9.99009E-05 9.99009E-05 9.99009E-05 9.99009E-05 9.99009E-05 9.99009E-05 9.99009E-05 9.99009E-05 9.99009E-05 9.99009E-05
9.99008E-05 9.99008E-05 9.99008E-05 9.99008E-05 9.99008E-05 9.99008E-05 9.99008E-05 9.99008E-05 0.998901 9.99008E-05 9.99008E-05 9.99008E-05
9.9901E-05 0.998901 9.9901E-05 9.9901E-05 9.9901E-05 9.9901E-05 9.9901E-05 9.9901E-05 9.9901E-05 9.9901E-05 9.9901E-05 9.9901E-05
0.952926 9.9946E-05 0.00176151 9.9946E-05 0.0120198 9.9946E-05 9.9946E-05 0.00288277 0.0162014 9.9946E-05 9.9946E-05 0.0136088
0.994623 9.991E-05 9.991E-05 9.991E-05 9.991E-05 0.00437834 9.991E-05 9.991E-05 9.991E-05 9.991E-05 9.991E-05 9.991E-05
9.9901E-05 9.9901E-05 0.998901 9.9901E-05 9.9901E-05 9.9901E-05 9.9901E-05 9.9901E-05 9.9901E-05 9.9901E-05 9.9901E-05 9.9901E-05
9.99009E-05 9.99009E-05 0.998901 9.99009E-05 9.99009E-05 9.99009E-05 9.99009E-05 9.99009E-05 9.99009E-05 9.99009E-05 9.99009E-05 9.99009E-05
9.9946E-05 9.9946E-05 0.00578317 0.00375325 0.0077235 0.976604 9.9946E-05 0.00423359 9.9946E-05 0.00130275 9.9946E-05 9.9946E-05
9.9937E-05 9.9937E-05 0.00598395 0.00533627 9.9937E-05 0.00716672 9.9937E-05 0.00222491 9.9937E-05 9.9937E-05 0.978589 9.9937E-05
0.043897 0.0976676 0.0425177 0.0128165 0.32714 0.0397149 0.0952788 0.176916 0.0495584 0.045626 0.0376081 0.0312593
0.00146476 9.9964E-05 9.9964E-05 0.00528564 9.9964E-05 0.00504212 0.00899303 0.0032276 9.9964E-05 0.00419486 0.966134 0.0052586
9.9919E-05 9.9919E-05 0.00181194 0.988863 9.9919E-05 9.9919E-05 9.9919E-05 9.9919E-05 0.00842601 9.9919E-05 9.9919E-05 9.9919E-05
0.0587981 0.119808 0.0521224 0.0465578 0.0229745 0.0391064 0.365412 0.0451944 0.133742 0.0546382 0.02648 0.0351654
0.0410946 0.141596 0.0816646 0.0811366 0.0728011 0.0509375 0.176845 0.0140816 0.0802876 0.105555 0.0666344 0.0873657
0.0695885 0.140561 0.0351585 0.0430344 0.0671864 0.070724 0.285544 0.0344513 0.0773848 0.0529979 0.0638803 0.0594886
0.0372119 0.075644 0.024397 0.0281949 0.0322168 0.048534 0.672931 0.00606502 0.00101293 0.0180405 0.0159643 0.039788
0.0303681 0.0600541 0.0150631 0.0275202 0.018556 0.0355935 0.650168 0.0314754 0.0275931 0.0427855 0.0385082 0.022315
9.9901E-05 9.9901E-05 9.9901E-05 9.9901E-05 9.9901E-05 9.9901E-05 9.9901E-05 9.9901E-05 9.9901E-05 9.9901E-05 9.9901E-05 0.998901
9.99008E-05 9.99008E-05 9.99008E-05 9.99008E-05 9.99008E-05 9.99008E-05 9.99008E-05 9.99008E-05 9.99008E-05 0.998901 9.99008E-05 9.99008E-05
0.0423443 0.151422 0.0494465 0.0333755 0.0651671 0.0731043 0.249931 0.00574186 0.0536435 0.0829525 0.0921485 0.100723
0.0100763 0.0371018 0.0246611 0.0181091 9.9982E-05 0.0255255 0.00987009 0.000912323 0.843657 0.0160111 9.9982E-05 0.0138755
9.99009E-05 0.998901 9.99009E-05 9.99009E-05 9.99009E-05 9.99009E-05 9.99009E-05 9.99009E-05 9.99009E-05 9.99009E-05 9.99009E-05 9.99009E-05
9.99009E-05 9.99009E-05 9.99009E-05 9.99009E-05 9.99009E-05 9.99009E-05 9.99009E-05 9.99009E-05 0.998901 9.99009E-05 9.99009E-05 9.99009E-05
9.9928E-05 0.981827 9.9928E-05 9.9928E-05 0.00457588 0.000230391 9.9928E-05 9.9928E-05 9.9928E-05 0.0125674 9.9928E-05 9.9928E-05
0.993151 9.9928E-05 9.9928E-05 9.9928E-05 9.9928E-05 9.9928E-05 9.9928E-05 9.9928E-05 0.00118139 0.00365972 9.9928E-05 0.00120858
9.9946E-05 0.0145892 0.950063 0.00405471 9.9946E-05 9.9946E-05 9.9946E-05 9.9946E-05 9.9946E-05 0.0135711 0.0016242 0.0154983
9.99009E-05 9.99009E-05 9.99009E-05 9.99009E-05 9.99009E-05 0.998901 9.99009E-05 9.99009E-05 9.99009E-05 9.99009E-05 9.99009E-05 9.99009E-05
0.0470875 0.112916 0.059127 0.0245907 0.0258042 0.494503 0.120952 0.0201176 0.0119235 0.0244459 0.0399569 0.018575
0.0584535 0.128981 0.0647882 0.0399038 0.192932 0.0361849 0.13537 0.159885 0.0479787 0.0423341 0.0430269 0.0501617
9.99009E-05 9.99009E-05 9.99009E-05 9.99009E-05 9.99009E-05 9.99009E-05 9.99009E-05 9.99009E-05 9.99009E-05 9.99009E-05 0.998901 9.99009E-05
9.9901E-05 9.9901E-05 9.9901E-05 9.9901E-05 9.9901E-05 9.9901E-05 9.9901E-05 0.998901 9.9901E-05 9.9901E-05 9.9901E-05 9.9901E-05
0.0145062 9.9982E-05 0.0309827 0.0109506 9.9982E-05 0.0114543 0.0260862 0.024092 0.0145803 0.0101974 0.851582 0.00536855
9.9901E-05 9.9901E-05 9.9901E-05 0.998901 9.9901E-05 9.9901E-05 9.9901E-05 9.9901E-05 9.9901E-05 9.9901E-05 9.9901E-05 9.9901E-05
0.0472972 0.132848 0.0618277 0.044169 0.0339596 0.0623045 0.339894 0.0317302 0.120516 0.0684896 0.0393214 0.017643
0.0493468 0.143875 0.098469 0.0615552 0.0579392 0.0554433 0.177271 0.0403044 0.0939286 0.0866452 0.0625125 0.072709
0.0583519 0.127473 0.0465185 0.050879 0.0260165 0.0686773 0.326816 0.0270217 0.0858124 0.0693286 0.0478363 0.0652685
0.0103445 0.0512824 0.00354194 0.0206557 0.00176517 0.0364265 0.70981 0.0371463 0.0503837 0.0435325 0.0153502 0.0197614
0.0253538 9.9955E-05 0.00325727 0.0262707 0.0011822 9.9955E-05 0.909897 0.0181935 9.9955E-05 9.9955E-05 0.0153461 9.9955E-05
9.9901E-05 9.9901E-05 9.9901E-05 9.9901E-05 9.9901E-05 9.9901E-05 9.9901E-05 9.9901E-05 9.9901E-05 9.9901E-05 9.9901E-05 0.998901
0.0199994 0.018451 0.027256 0.00228962 0.00204538 0.0056735 0.0124921 0.00963962 0.0257906 0.861064 0.0151988 9.9991E-05
0.0312252 0.157434 0.0519918 0.050432 0.0627052 0.067701 0.252401 0.00380855 0.0442445 0.0801154 0.0886165 0.109324
0.0158695 0.0273695 0.0321773 0.0350836 9.9991E-05 0.0223752 0.014581 0.00594013 0.792286 0.0145258 0.0118361 0.027856
9.99009E-05 0.998901 9.99009E-05 9.99009E-05 9.99009E-05 9.99009E-05 9.99009E-05 9.99009E-05 9.99009E-05 9.99009E-05 9.99009E-05 9.99009E-05
9.99009E-05 9.99009E-05 9.99009E-05 9.99009E-05 9.99009E-05 9.99009E-05 9.99009E-05 9.99009E-05 0.998901 9.99009E-05 9.99009E-05 9.99009E-05
0.998901 9.9901E-05 9.9901E-05 9.9901E-05 9.9901E-05 9.9901E-05 9.9901E-05 9.9901E-05 9.9901E-05 9.9901E-05 9.9901E-05 9.9901E-05
