9.9901E-05 9.9901E-05 0.998901 9.9901E-05 9.9901E-05 9.9901E-05 9.9901E-05 9.9901E-05 9.9901E-05 9.9901E-05 9.9901E-05 9.9901E-05
0.00726909 9.9955E-05 0.00616765 9.9955E-05 0.0184861 9.9955E-05 0.00201729 0.939958 9.9955E-05 0.0115569 0.0140451 9.9955E-05
0.016476 0.00768799 0.00696923 0.00162058 0.00746309 9.9964E-05 9.9964E-05 0.946907 9.9964E-05 0.0087275 0.00374861 9.9964E-05
9.99009E-05 9.99009E-05 9.99009E-05 9.99009E-05 9.99009E-05 0.998901 9.99009E-05 9.99009E-05 9.99009E-05 9.99009E-05 9.99009E-05 9.99009E-05
9.9901E-05 9.9901E-05 9.9901E-05 9.9901E-05 9.9901E-05 0.998901 9.9901E-05 9.9901E-05 9.9901E-05 9.9901E-05 9.9901E-05 9.9901E-05
0.0555133 0.0571344 0.0616697 0.0346876 0.0470666 0.0414562 0.122796 0.0546665 0.0842567 0.0967347 0.0266285 0.31739
9.9901E-05 0.998901 9.9901E-05 9.9901E-05 9.9901E-05 9.9901E-05 9.9901E-05 9.9901E-05 9.9901E-05 9.9901E-05 9.9901E-05 9.9901E-05
9.9901E-05 9.9901E-05 9.9901E-05 9.9901E-05 9.9901E-05 9.9901E-05 9.9901E-05 9.9901E-05 9.9901E-05 9.9901E-05 9.9901E-05 0.998901
0.0222296 0.0547162 0.0695275 0.116895 0.0259382 0.0353188 0.412233 0.0384111 0.0391006 0.114802 0.0403443 0.0304838
9.9937E-05 0.000644595 9.9937E-05 9.9937E-05 0.97642 0.00222257 9.9937E-05 0.0164192 0.00359375 9.9937E-05 9.9937E-05 9.9937E-05
0.0633621 0.0579223 0.0589375 0.0929172 0.0535806 0.0713939 0.26413 0.0609866 0.0599722 0.144222 0.0429365 0.0296386
0.0973821 0.0648569 0.0512588 0.102593 0.0544044 0.0453001 0.160118 0.0917063 0.05711 0.16099 0.0651245 0.0491561
9.99279E-05 9.99279E-05 0.00636346 9.99279E-05 9.99279E-05 0.0037998 0.984805 9.99279E-05 9.99279E-05 9.99279E-05 9.99279E-05 0.00423269
9.99008E-05 9.99008E-05 9.99008E-05 9.99008E-05 9.99008E-05 9.99008E-05 0.998901 9.99008E-05 9.99008E-05 9.99008E-05 9.99008E-05 9.99008E-05
0.0652283 0.536741 0.0140626 9.9982E-05 0.0308295 0.0181066 0.150083 0.0274508 0.0361583 0.0746485 0.0464917 9.9982E-05
9.9901E-05 9.9901E-05 9.9901E-05 9.9901E-05 9.9901E-05 9.9901E-05 9.9901E-05 9.9901E-05 9.9901E-05 9.9901E-05 0.998901 9.9901E-05
0.998901 9.99009E-05 9.99009E-05 9.99009E-05 9.99009E-05 9.99009E-05 9.99009E-05 9.99009E-05 9.99009E-05 9.99009E-05 9.99009E-05 9.99009E-05
0.0788655 0.0768085 0.0539989 0.0532052 0.0437334 0.0677558 0.245205 0.0604239 0.042192 0.178673 0.0719249 0.0272135
0.0201205 0.00968495 0.0301925 0.782064 0.0226326 0.014064 0.0171852 0.0417289 9.9991E-05 0.0279247 0.0259139 0.00838841
0.0222963 0.0251526 0.0354149 0.0527649 0.011156 0.045205 0.00715814 0.0317318 0.00992123 0.711232 0.0227405 0.0252267
9.99426E-05 0.00603077 9.99426E-05 0.986772 9.99426E-05 9.99426E-05 0.00264376 9.99426E-05 9.99426E-05 0.00138 9.99426E-05 0.00247341
0.00506458 0.00132387 9.9964E-05 0.00917268 9.9964E-05 0.0147657 0.0183672 9.9964E-05 0.000359143 0.950149 9.9964E-05 0.000398386
9.9964E-05 0.0203928 0.913773 9.9964E-05 0.00270754 0.0111469 0.00407011 0.0052804 0.000548896 0.0416805 9.9964E-05 9.9964E-05
9.99009E-05 9.99009E-05 9.99009E-05 9.99009E-05 9.99009E-05 9.99009E-05 9.99009E-05 0.998901 9.99009E-05 9.99009E-05 9.99009E-05 9.99009E-05
0.021411 0.0125526 0.01101 9.9964E-05 0.0104931 9.9964E-05 0.00667539 0.918377 9.9964E-05 0.00717514 0.0119056 9.9964E-05
9.9901E-05 9.9901E-05 9.9901E-05 9.9901E-05 9.9901E-05 0.998901 9.9901E-05 9.9901E-05 9.9901E-05 9.9901E-05 9.9901E-05 9.9901E-05
9.9901E-05 0.998901 9.9901E-05 9.9901E-05 9.9901E-05 9.9901E-05 9.9901E-05 9.9901E-05 9.9901E-05 9.9901E-05 9.9901E-05 9.9901E-05
9.9901E-05 9.9901E-05 9.9901E-05 9.9901E-05 9.9901E-05 9.9901E-05 9.9901E-05 9.9901E-05 9.9901E-05 9.9901E-05 9.9901E-05 0.998901
0.00744341 0.919304 0.00753471 0.00672394 0.0121564 9.9991E-05 0.00945468 0.00586331 0.0133501 0.0135275 0.000895581 0.00364626
0.00902678 0.0018345 0.000881818 0.00712912 9.9955E-05 0.00104738 9.9955E-05 0.0151618 9.9955E-05 9.9955E-05 9.9955E-05 0.964419
0.0235928 0.0303374 0.0462302 0.1029 0.0123283 0.0368644 0.472142 0.0134192 0.049063 0.139784 0.0363537 0.036986
9.9901E-05 9.9901E-05 9.9901E-05 9.9901E-05 0.998901 9.9901E-05 9.9901E-05 9.9901E-05 9.9901E-05 9.9901E-05 9.9901E-05 9.9901E-05
0.0778113 0.0879811 0.0810037 0.0826186 0.0620457 0.0744022 0.176471 0.0855712 0.04231 0.150302 0.0286867 0.0507967
9.99009E-05 9.99009E-05 9.99009E-05 9.99009E-05 9.99009E-05 9.99009E-05 0.998901 9.99009E-05 9.99009E-05 9.99009E-05 9.99009E-05 9.99009E-05
9.99008E-05 9.99008E-05 9.99008E-05 9.99008E-05 9.99008E-05 9.99008E-05 0.998901 9.99008E-05 9.99008E-05 9.99008E-05 9.99008E-05 9.99008E-05
0.10384 0.0460597 0.0618868 0.0638969 0.0473067 0.0417049 0.244826 0.0530333 0.0272323 0.191547 0.104861 0.0138058
9.99009E-05 9.99009E-05 9.99009E-05 9.99009E-05 9.99009E-05 9.99009E-05 9.99009E-05 9.99009E-05 9.99009E-05 9.99009E-05 0.998901 9.99009E-05
0.442316 0.0434948 0.0352025 0.0518754 0.036593 0.0383484 0.0900515 0.0107325 0.0332447 0.110159 0.059441 0.0485412
9.9955E-05 0.00462213 0.000997236 0.00407417 0.0115067 9.9955E-05 9.9955E-05 0.00172622 0.0216281 0.954946 9.9955E-05 9.9955E-05
9.99009E-05 9.99009E-05 9.99009E-05 0.998901 9.99009E-05 9.99009E-05 9.99009E-05 9.99009E-05 9.99009E-05 9.99009E-05 9.99009E-05 9.99009E-05
0.0427883 0.0197626 0.0346572 0.0328163 0.0171582 0.0360111 0.0588238 0.0282643 0.0178956 0.675586 0.0255198 0.0107169
9.9901E-05 9.9901E-05 0.998901 9.9901E-05 9.9901E-05 9.9901E-05 9.9901E-05 9.9901E-05 9.9901E-05 9.9901E-05 9.9901E-05 9.9901E-05
9.9955E-05 0.0161736 0.955259 0.00239304 0.000725061 0.00339681 0.00633652 9.9955E-05 9.9955E-05 0.0152161 9.9955E-05 9.9955E-05
9.9901E-05 9.9901E-05 9.9901E-05 9.9901E-05 9.9901E-05 9.9901E-05 9.9901E-05 0.998901 9.9901E-05 9.9901E-05 9.9901E-05 9.9901E-05
0.0177488 0.0082608 0.00543202 0.00818325 0.00568249 0.00613821 0.0133996 0.878156 0.0121434 0.0200573 0.0121059 0.0126927
9.9901E-05 9.9901E-05 9.9901E-05 9.9901E-05 9.9901E-05 0.998901 9.9901E-05 9.9901E-05 9.9901E-05 9.9901E-05 9.9901E-05 9.9901E-05
9.991E-05 0.99555 9.991E-05 0.00345085 9.991E-05 9.991E-05 9.991E-05 9.991E-05 9.991E-05 9.991E-05 9.991E-05 9.991E-05
9.9946E-05 9.9946E-05 9.9946E-05 0.00182251 9.9946E-05 0.0080767 0.00915001 0.00108152 0.978674 0.000595281 9.9946E-05 9.9946E-05
9.9901E-05 0.998901 9.9901E-05 9.9901E-05 9.9901E-05 9.9901E-05 9.9901E-05 9.9901E-05 9.9901E-05 9.9901E-05 9.9901E-05 9.9901E-05
9.9901E-05 9.9901E-05 9.9901E-05 9.9901E-05 9.9901E-05 9.9901E-05 9.9901E-05 9.9901E-05 0.998901 9.9901E-05 9.9901E-05 9.9901E-05
0.0240398 0.0451018 0.068174 0.0997547 0.017226 0.029574 0.419401 0.0264478 0.0483525 0.135984 0.0383415 0.0476021
0.00145664 9.9955E-05 0.00405475 9.9955E-05 0.979622 9.9955E-05 0.00367871 0.00328554 0.00155029 9.9955E-05 9.9955E-05 0.00585201
0.0486357 0.0466077 0.0599395 0.106709 0.0471208 0.0579737 0.312405 0.04336 0.0545292 0.176282 0.0212962 0.0251413
9.99459E-05 9.99459E-05 0.00255785 9.99459E-05 9.99459E-05 0.00545663 0.973026 0.00548729 0.00123068 9.99459E-05 9.99459E-05 0.0116421
9.99009E-05 9.99009E-05 9.99009E-05 9.99009E-05 9.99009E-05 9.99009E-05 0.998901 9.99009E-05 9.99009E-05 9.99009E-05 9.99009E-05 9.99009E-05
0.0897637 0.0613409 0.0573211 0.0568628 0.063302 0.0610911 0.216698 0.0587303 0.0759711 0.15981 0.0752287 0.0238799
9.99009E-05 9.99009E-05 9.99009E-05 9.99009E-05 9.99009E-05 9.99009E-05 9.99009E-05 9.99009E-05 9.99009E-05 9.99009E-05 0.998901 9.99009E-05
0.0439045 0.0419685 0.0423771 0.386669 0.0388061 0.0389102 0.159189 0.0616665 0.0343414 0.104815 0.0163442 0.0310088
9.999E-05 0.0230292 0.00836972 0.0268269 0.0190304 0.0109825 0.0093111 0.0335014 0.0260927 0.834098 0.00529203 0.00336659
9.9901E-05 9.9901E-05 9.9901E-05 0.998901 9.9901E-05 9.9901E-05 9.9901E-05 9.9901E-05 9.9901E-05 9.9901E-05 9.9901E-05 9.9901E-05
9.99009E-05 9.99009E-05 9.99009E-05 9.99009E-05 9.99009E-05 9.99009E-05 9.99009E-05 9.99009E-05 9.99009E-05 0.998901 9.99009E-05 9.99009E-05
9.9946E-05 9.9946E-05 0.981776 0.005763 0.00202943 9.9946E-05 9.9946E-05 0.000156277 0.00422453 9.9946E-05 9.9946E-05 0.00545114
9.9946E-05 0.0173326 0.949157 9.9946E-05 0.00368711 0.0124774 0.00646231 9.9946E-05 9.9946E-05 0.010284 9.9946E-05 9.9946E-05
9.9901E-05 9.9901E-05 9.9901E-05 9.9901E-05 9.9901E-05 9.9901E-05 9.9901E-05 0.998901 9.9901E-05 9.9901E-05 9.9901E-05 9.9901E-05
0.0283641 0.0402113 0.0322878 0.0297391 0.0328556 0.0311556 0.0657689 0.565091 0.0196441 0.0788493 0.0345706 0.0414628
0.0112255 0.0050183 0.0027856 0.00204052 0.00208247 0.973566 0.00227669 9.9964E-05 9.9964E-05 0.000605359 9.9964E-05 9.9964E-05
0.00327852 0.972996 0.000636837 0.000204051 0.0103129 9.9955E-05 9.9955E-05 9.9955E-05 0.00176098 9.9955E-05 0.010311 9.9955E-05
9.9955E-05 0.00482022 0.00750541 0.0156402 0.0113104 9.9955E-05 9.9955E-05 0.0138143 9.9955E-05 0.00254551 9.9955E-05 0.943864
0.011339 0.842156 0.0218722 0.00133732 0.0109729 0.00938001 0.00405846 0.0128424 0.0172416 0.0486122 0.00672945 0.0134586
9.99009E-05 9.99009E-05 9.99009E-05 9.99009E-05 9.99009E-05 9.99009E-05 9.99009E-05 9.99009E-05 0.998901 9.99009E-05 9.99009E-05 9.99009E-05
0.0347021 0.0534052 0.0688611 0.096209 0.0296583 0.0358885 0.386553 0.037415 0.0482838 0.12533 0.0418525 0.0418408
9.9901E-05 9.9901E-05 9.9901E-05 9.9901E-05 0.998901 9.9901E-05 9.9901E-05 9.9901E-05 9.9901E-05 9.9901E-05 9.9901E-05 9.9901E-05
0.0422729 0.0475025 0.0621098 0.1064 0.0565486 0.0434034 0.347208 0.0518834 0.0323459 0.13962 0.027534 0.0431713
0.0303036 0.0350383 0.0416451 0.0409996 0.0158618 0.0332181 0.641918 0.025643 0.000898661 0.0850336 0.0203885 0.0290518
9.99008E-05 9.99008E-05 9.99008E-05 9.99008E-05 9.99008E-05 9.99008E-05 0.998901 9.99008E-05 9.99008E-05 9.99008E-05 9.99008E-05 9.99008E-05
0.998901 9.99009E-05 9.99009E-05 9.99009E-05 9.99009E-05 9.99009E-05 9.99009E-05 9.99009E-05 9.99009E-05 9.99009E-05 9.99009E-05 9.99009E-05
0.0689674 0.0681346 0.0654337 0.0386982 0.0563103 0.061997 0.223925 0.0766546 0.0631748 0.179952 0.078302 0.0184509
0.0492547 0.0410273 0.0578975 0.345648 0.0450074 0.0418759 0.150518 0.0640606 0.0259614 0.0947327 0.0271885 0.0568289
0.0128918 0.0053805 0.0108556 0.013047 0.00938822 0.000764147 9.9982E-05 0.0170512 0.0141134 0.908732 9.9982E-05 0.0075758
9.99009E-05 9.99009E-05 9.99009E-05 0.998901 9.99009E-05 9.99009E-05 9.99009E-05 9.99009E-05 9.99009E-05 9.99009E-05 9.99009E-05 9.99009E-05
0.0356222 0.0121347 0.025173 0.0186753 0.00104654 0.0146633 0.0542233 0.0273501 0.0119361 0.755995 0.0179757 0.0252048
9.99011E-05 9.99011E-05 0.998901 9.99011E-05 9.99011E-05 9.99011E-05 9.99011E-05 9.99011E-05 9.99011E-05 9.99011E-05 9.99011E-05 9.99011E-05
9.99011E-05 9.99011E-05 0.998901 9.99011E-05 9.99011E-05 9.99011E-05 9.99011E-05 9.99011E-05 9.99011E-05 9.99011E-05 9.99011E-05 9.99011E-05
9.99009E-05 9.99009E-05 9.99009E-05 9.99009E-05 9.99009E-05 9.99009E-05 9.99009E-05 0.998901 9.99009E-05 9.99009E-05 9.99009E-05 9.99009E-05
0.0343681 0.0374247 0.0331794 0.0339397 0.0321246 0.0234631 0.0662817 0.568503 0.0162843 0.0861923 0.0365903 0.0316484
0.00302345 0.0245602 0.00269509 0.0235136 0.00968889 0.835788 0.034031 0.0138329 0.00736008 0.0356396 0.0056828 0.00418478
9.9901E-05 0.998901 9.9901E-05 9.9901E-05 9.9901E-05 9.9901E-05 9.9901E-05 9.9901E-05 9.9901E-05 9.9901E-05 9.9901E-05 9.9901E-05
9.9901E-05 9.9901E-05 9.9901E-05 9.9901E-05 9.9901E-05 9.9901E-05 9.9901E-05 9.9901E-05 9.9901E-05 9.9901E-05 9.9901E-05 0.998901
0.00998283 0.746564 0.040458 0.0180885 0.0282129 0.0159871 0.0457737 0.033303 0.0117042 0.027508 0.0134744 0.00894329
9.99009E-05 9.99009E-05 9.99009E-05 9.99009E-05 9.99009E-05 9.99009E-05 9.99009E-05 9.99009E-05 0.998901 9.99009E-05 9.99009E-05 9.99009E-05
0.042648 0.0356401 0.0606821 0.105871 0.0221 0.0312671 0.442211 0.0220639 0.0372446 0.124492 0.0361811 0.0395999
9.9901E-05 9.9901E-05 9.9901E-05 9.9901E-05 0.998901 9.9901E-05 9.9901E-05 9.9901E-05 9.9901E-05 9.9901E-05 9.9901E-05 9.9901E-05
0.108728 0.060996 0.047331 0.0767978 0.0608963 0.0611584 0.197259 0.0852262 0.0816307 0.133969 0.078202 0.00780613
0.048216 0.0321 0.0495592 0.111372 0.0576963 0.0450775 0.404794 0.0418345 0.032045 0.120483 0.0258044 0.0310179
0.0164453 0.0205447 0.0304638 0.0129645 0.0304223 0.0358274 0.626272 0.0519626 0.0284375 0.113552 0.033008 9.9991E-05
0.0263045 0.0164978 0.025297 0.0233071 0.0315571 0.0240786 0.805564 0.0093489 0.0120745 0.0176264 0.0015312 0.00681289
0.554178 0.0400605 0.0326396 0.0364871 0.0290376 0.0378986 0.0849578 0.0402233 0.0388317 0.0346201 0.0400689 0.0309973
0.0758852 0.060283 0.0671016 0.0477697 0.0643829 0.0732642 0.208866 0.0536539 0.0696007 0.185449 0.0788298 0.014914
0.0165983 0.00222393 0.0154299 0.832762 0.0218449 0.0178311 0.000136893 0.0313261 9.9991E-05 0.0364073 0.0101985 0.0151408
9.9964E-05 0.010883 0.0070564 0.00358085 0.0171567 0.00265637 9.9964E-05 0.0041722 0.0220918 0.932003 9.9964E-05 9.9964E-05
0.00436881 0.0157671 0.0104838 0.932719 0.00311315 0.00503785 0.00445094 0.00747351 0.000113617 0.00270968 0.00628281 0.00747998
0.00331645 9.991E-05 9.991E-05 9.991E-05 9.991E-05 9.991E-05 9.991E-05 9.991E-05 9.991E-05 0.995684 9.991E-05 9.991E-05
0.00935967 9.9955E-05 0.958263 0.000112108 9.9955E-05 9.9955E-05 9.9955E-05 0.0121342 0.00052154 9.9955E-05 0.00954236 0.00956753
9.99011E-05 9.99011E-05 0.998901 9.99011E-05 9.99011E-05 9.99011E-05 9.99011E-05 9.99011E-05 9.99011E-05 9.99011E-05 9.99011E-05 9.99011E-05
9.9901E-05 9.9901E-05 9.9901E-05 9.9901E-05 9.9901E-05 9.9901E-05 9.9901E-05 0.998901 9.9901E-05 9.9901E-05 9.9901E-05 9.9901E-05
0.026283 0.00332463 0.0112251 0.00273544 0.00937266 9.9973E-05 9.9973E-05 0.916576 0.0129686 0.0100628 0.0071521 9.9973E-05
9.991E-05 9.991E-05 9.991E-05 9.991E-05 9.991E-05 0.997868 9.991E-05 9.991E-05 0.00113274 9.991E-05 9.991E-05 9.991E-05
9.99009E-05 0.998901 9.99009E-05 9.99009E-05 9.99009E-05 9.99009E-05 9.99009E-05 9.99009E-05 9.99009E-05 9.99009E-05 9.99009E-05 9.99009E-05
9.9901E-05 9.9901E-05 9.9901E-05 9.9901E-05 9.9901E-05 9.9901E-05 9.9901E-05 9.9901E-05 9.9901E-05 9.9901E-05 9.9901E-05 0.998901
9.99011E-05 0.998901 9.99011E-05 9.99011E-05 9.99011E-05 9.99011E-05 9.99011E-05 9.99011E-05 9.99011E-05 9.99011E-05 9.99011E-05 9.99011E-05
9.99009E-05 9.99009E-05 9.99009E-05 9.99009E-05 9.99009E-05 9.99009E-05 9.99009E-05 9.99009E-05 0.998901 9.99009E-05 9.99009E-05 9.99009E-05
0.0761475 0.0867031 0.0538476 0.0451271 0.0540366 0.0495027 0.274504 0.0585372 0.0462489 0.172026 0.0832188 9.9991E-05
9.9946E-05 0.00227082 9.9946E-05 9.9946E-05 0.976498 9.9946E-05 9.9946E-05 9.9946E-05 0.00449895 0.00966321 0.00333686 0.00313265
0.114045 0.0673489 0.0394796 0.095274 0.0702362 0.0453265 0.174336 0.0800642 0.0866645 0.139652 0.0773213 0.0102518
0.047511 0.0544943 0.0488922 0.103683 0.0423431 0.0454561 0.323574 0.0584714 0.0733365 0.148553 0.0186199 0.0350663
0.036562 0.015927 0.0242722 0.00987629 0.0147627 0.0430103 0.656542 0.0360681 0.0286722 0.101493 0.0327145 9.9991E-05
0.0390445 0.0209362 0.00805811 0.0382948 0.0152672 0.0172426 0.76451 0.0227658 0.0155878 0.0389093 0.0186364 0.000747359
0.998901 9.99008E-05 9.99008E-05 9.99008E-05 9.99008E-05 9.99008E-05 9.99008E-05 9.99008E-05 9.99008E-05 9.99008E-05 9.99008E-05 9.99008E-05
0.0808089 0.0827304 0.062981 0.0593371 0.0552582 0.0584358 0.243295 0.0750817 0.0343668 0.146386 0.0771958 0.0241244
0.0191079 0.00893569 0.0189076 0.821206 0.0229475 0.0184648 9.9991E-05 0.0296924 0.00915979 0.0320692 0.0109995 0.00841001
9.99009E-05 9.99009E-05 9.99009E-05 9.99009E-05 9.99009E-05 9.99009E-05 9.99009E-05 9.99009E-05 9.99009E-05 0.998901 9.99009E-05 9.99009E-05
9.99008E-05 9.99008E-05 9.99008E-05 0.998901 9.99008E-05 9.99008E-05 9.99008E-05 9.99008E-05 9.99008E-05 9.99008E-05 9.99008E-05 9.99008E-05
9.991E-05 9.991E-05 9.991E-05 9.991E-05 9.991E-05 0.00162982 9.991E-05 9.991E-05 9.991E-05 0.997371 9.991E-05 9.991E-05
0.00745525 9.9964E-05 0.954674 0.010372 0.00136373 9.9964E-05 9.9964E-05 0.00620219 0.00721656 9.9964E-05 0.00672918 0.00558673
9.9928E-05 9.9928E-05 0.990974 9.9928E-05 9.9928E-05 0.00120749 0.00146773 9.9928E-05 9.9928E-05 0.00555093 9.9928E-05 9.9928E-05
9.9901E-05 9.9901E-05 9.9901E-05 9.9901E-05 9.9901E-05 9.9901E-05 9.9901E-05 0.998901 9.9901E-05 9.9901E-05 9.9901E-05 9.9901E-05
9.99009E-05 9.99009E-05 9.99009E-05 9.99009E-05 9.99009E-05 9.99009E-05 9.99009E-05 0.998901 9.99009E-05 9.99009E-05 9.99009E-05 9.99009E-05
0.00442401 9.9964E-05 0.000317698 9.9964E-05 0.00195058 0.969593 9.9964E-05 0.0133474 0.00332231 9.9964E-05 0.00428157 0.00236348
0.00411451 0.973399 9.9955E-05 0.000959256 0.000636293 0.00376262 9.9955E-05 9.9955E-05 0.00752583 9.9955E-05 9.9955E-05 0.00910317
0.0398343 0.0348166 0.0548868 0.0603885 0.012122 0.0539925 0.0789883 0.034685 0.326686 0.0983579 0.0246221 0.180619
9.9946E-05 0.961205 9.9946E-05 9.9946E-05 0.00756993 0.0047517 0.00773857 0.0131046 9.9946E-05 9.9946E-05 0.00503083 9.9946E-05
9.9955E-05 0.00208946 0.00191636 0.00320502 0.984677 0.00304724 9.9955E-05 0.00418655 0.000378329 9.9955E-05 9.9955E-05 9.9955E-05
0.0525135 0.0299477 0.0554484 0.134489 0.053837 0.025257 0.358266 0.0529548 0.0249872 0.131649 0.0266417 0.0540088
0.112185 0.0585675 0.0433113 0.0869436 0.0753347 0.0549766 0.192207 0.0824961 0.0775148 0.123251 0.0799524 0.0132595
0.0564858 0.0713586 0.058098 0.0702927 0.0475217 0.0704684 0.281496 0.0369396 0.0625985 0.148846 0.0559967 0.0398977
0.0251532 0.0210648 0.0341746 0.00351277 0.0242488 0.0397086 0.668475 0.0344834 0.0258657 0.0902238 0.0283714 0.00471809
0.0309173 0.0349199 0.0217348 0.0342421 0.0277027 0.0347514 0.662704 0.0119801 0.0249648 0.061438 0.0150045 0.0396401
9.9901E-05 9.9901E-05 9.9901E-05 9.9901E-05 9.9901E-05 9.9901E-05 9.9901E-05 9.9901E-05 9.9901E-05 9.9901E-05 0.998901 9.9901E-05
0.998901 9.99008E-05 9.99008E-05 9.99008E-05 9.99008E-05 9.99008E-05 9.99008E-05 9.99008E-05 9.99008E-05 9.99008E-05 9.99008E-05 9.99008E-05
0.0859234 0.0948376 0.0303773 0.0484425 0.0316021 0.059505 0.264677 0.0521171 0.0545804 0.158879 0.112158 0.00689979
0.0196069 9.9973E-05 0.0221369 0.846392 0.0172724 0.0163764 0.00955054 0.0234944 9.9973E-05 0.0306386 0.0142319 9.9973E-05
9.99009E-05 9.99009E-05 9.99009E-05 9.99009E-05 9.99009E-05 9.99009E-05 9.99009E-05 9.99009E-05 9.99009E-05 0.998901 9.99009E-05 9.99009E-05
9.99009E-05 9.99009E-05 9.99009E-05 0.998901 9.99009E-05 9.99009E-05 9.99009E-05 9.99009E-05 9.99009E-05 9.99009E-05 9.99009E-05 9.99009E-05
0.00578561 0.00101401 9.9937E-05 9.9937E-05 9.9937E-05 0.004353 0.0019809 9.9937E-05 9.9937E-05 0.986167 9.9937E-05 9.9937E-05
9.991E-05 9.991E-05 0.994886 9.991E-05 9.991E-05 9.991E-05 9.991E-05 9.991E-05 9.991E-05 9.991E-05 9.991E-05 0.00411469
0.022225 0.00339586 0.00711147 9.9955E-05 0.00480843 9.9955E-05 9.9955E-05 0.952711 9.9955E-05 0.00628198 0.00296669 9.9955E-05
9.9901E-05 9.9901E-05 9.9901E-05 9.9901E-05 9.9901E-05 0.998901 9.9901E-05 9.9901E-05 9.9901E-05 9.9901E-05 9.9901E-05 9.9901E-05
0.0347429 0.028899 0.0483047 0.0128253 0.0222969 0.488558 0.12008 0.0774447 0.0122185 0.11802 0.0127638 0.0238466
0.0391163 0.0373349 0.074566 0.0512058 0.0344072 0.0274153 0.134769 0.0666184 0.192279 0.112615 0.0591118 0.170562
9.9901E-05 0.998901 9.9901E-05 9.9901E-05 9.9901E-05 9.9901E-05 9.9901E-05 9.9901E-05 9.9901E-05 9.9901E-05 9.9901E-05 9.9901E-05
9.9901E-05 9.9901E-05 9.9901E-05 9.9901E-05 9.9901E-05 9.9901E-05 9.9901E-05 9.9901E-05 9.9901E-05 9.9901E-05 9.9901E-05 0.998901
0.00543285 0.875216 0.0231827 0.000737965 0.0154758 0.0170932 0.0132058 0.023182 0.00689072 0.00255222 0.00402794 0.013003
9.9901E-05 9.9901E-05 9.9901E-05 9.9901E-05 0.998901 9.9901E-05 9.9901E-05 9.9901E-05 9.9901E-05 9.9901E-05 9.9901E-05 9.9901E-05
0.0692371 0.0437463 0.0473412 0.13176 0.0368715 0.0492385 0.340488 0.0600911 0.0379015 0.12283 0.0204419 0.0400534
0.0983949 0.0720337 0.0479472 0.0947669 0.0620836 0.0571523 0.161987 0.0893107 0.0579339 0.150864 0.0631214 0.0444041
0.060093 0.0563467 0.0533086 0.0866106 0.0573742 0.0560209 0.324654 0.0529666 0.03374 0.124855 0.0521691 0.0418611
0.037857 0.0220862 0.0122164 0.0345904 0.0219094 0.0346238 0.712682 0.00771429 9.9991E-05 0.0514439 0.0272395 0.0375373
0.00115645 0.0120854 0.0232032 0.0096454 0.0186942 9.9964E-05 0.899765 9.9964E-05 0.0103161 9.9964E-05 9.9964E-05 0.0247349
9.9901E-05 9.9901E-05 9.9901E-05 9.9901E-05 9.9901E-05 9.9901E-05 9.9901E-05 9.9901E-05 9.9901E-05 9.9901E-05 0.998901 9.9901E-05
0.859025 0.015499 0.0233013 0.030033 0.00839961 0.012812 0.00798839 0.0176348 0.00522229 0.00736578 9.99927E-05 0.0126193
0.0895777 0.0818077 0.0340447 0.0394605 0.0469654 0.0568578 0.266055 0.0496922 0.0660865 0.152769 0.100846 0.0158375
0.0183468 0.0221962 0.021322 0.790545 0.0252222 0.024903 0.013863 0.0186073 9.9991E-05 0.0250596 0.0244846 0.0153508
9.99009E-05 9.99009E-05 9.99009E-05 9.99009E-05 9.99009E-05 9.99009E-05 9.99009E-05 9.99009E-05 9.99009E-05 0.998901 9.99009E-05 9.99009E-05
9.99009E-05 9.99009E-05 9.99009E-05 0.998901 9.99009E-05 9.99009E-05 9.99009E-05 9.99009E-05 9.99009E-05 9.99009E-05 9.99009E-05 9.99009E-05
9.9901E-05 9.9901E-05 0.998901 9.9901E-05 9.9901E-05 9.9901E-05 9.9901E-05 9.9901E-05 9.9901E-05 9.9901E-05 9.9901E-05 9.9901E-05
