9.99101E-05 9.99101E-05 9.99101E-05 9.99101E-05 9.99101E-05 9.99101E-05 9.99101E-05 9.99101E-05 9.99101E-05 0.999001 9.99101E-05
9.99101E-05 9.99101E-05 9.99101E-05 9.99101E-05 0.999001 9.99101E-05 9.99101E-05 9.99101E-05 9.99101E-05 9.99101E-05 9.99101E-05
9.99101E-05 9.99101E-05 9.99101E-05 9.99101E-05 0.999001 9.99101E-05 9.99101E-05 9.99101E-05 9.99101E-05 9.99101E-05 9.99101E-05
9.99101E-05 9.99101E-05 0.999001 9.99101E-05 9.99101E-05 9.99101E-05 9.99101E-05 9.99101E-05 9.99101E-05 9.99101E-05 9.99101E-05
9.99101E-05 9.99101E-05 0.999001 9.99101E-05 9.99101E-05 9.99101E-05 9.99101E-05 9.99101E-05 9.99101E-05 9.99101E-05 9.99101E-05
0.111181 0.390169 0.0440343 0.0487719 0.0321954 0.0321951 0.105682 0.0389272 0.0972746 0.0623614 0.037208
9.99101E-05 9.99101E-05 9.99101E-05 0.999001 9.99101E-05 9.99101E-05 9.99101E-05 9.99101E-05 9.99101E-05 9.99101E-05 9.99101E-05
9.99101E-05 0.999001 9.99101E-05 9.99101E-05 9.99101E-05 9.99101E-05 9.99101E-05 9.99101E-05 9.99101E-05 9.99101E-05 9.99101E-05
0.391625 0.0598407 0.032102 0.0578561 0.0171173 0.086918 0.147913 0.0139985 0.108821 0.0643312 0.0194781
9.9937E-05 9.9937E-05 0.00560338 9.9937E-05 0.00856532 9.9937E-05 9.9937E-05 0.977587 9.9937E-05 9.9937E-05 0.0075448
0.259896 0.0756699 0.0678847 0.0593787 0.0301099 0.0858414 0.138312 0.0405528 0.139759 0.0630787 0.0395177
0.148659 0.0766626 0.0388943 0.0731244 0.0407244 0.09554 0.166317 0.0525332 0.207992 0.0581868 0.0413664
0.987821 0.00436083 0.000218574 0.00468998 9.99549E-05 9.99549E-05 9.99549E-05 9.99549E-05 9.99549E-05 0.00218869 0.00022145
0.999001 9.99101E-05 9.99101E-05 9.99101E-05 9.99101E-05 9.99101E-05 9.99101E-05 9.99101E-05 9.99101E-05 9.99101E-05 9.99101E-05
0.133415 0.0046301 0.0170849 0.540805 0.0192147 9.9982E-05 0.0715907 0.0320603 0.170754 0.0102452 9.9982E-05
9.99101E-05 9.99101E-05 9.99101E-05 9.99101E-05 9.99101E-05 9.99101E-05 9.99101E-05 9.99101E-05 0.999001 9.99101E-05 9.99101E-05
0.00244288 9.9946E-05 9.9946E-05 0.00949922 0.00692695 9.9946E-05 9.9946E-05 9.9946E-05 0.977665 9.9946E-05 0.00286623
0.217029 0.0478282 0.0561723 0.0841272 0.0199391 0.0400948 0.173977 0.0413211 0.212349 0.0553251 0.0518374
0.00540728 0.0104742 0.0240163 0.00739674 0.0225765 0.802638 0.015394 0.0266636 0.0437104 0.0318721 0.00985061
0.0142257 0.0191939 0.0369814 0.0312808 0.0140217 0.050081 0.699263 0.0247053 0.0448329 0.0325515 0.0328622
9.9946E-05 0.00397954 0.00197762 0.00170233 9.9946E-05 0.989749 9.9946E-05 9.9946E-05 9.9946E-05 9.9946E-05 0.00199139
0.0272472 0.00336952 0.0177277 0.00364029 9.9973E-05 0.00880315 0.934038 0.00115367 9.9973E-05 9.9973E-05 0.00372008
0.0156477 9.9955E-05 0.0060054 0.0191532 9.9955E-05 9.9955E-05 0.0364555 9.9955E-05 9.9955E-05 0.91381 0.00842877
9.99101E-05 9.99101E-05 9.99101E-05 9.99101E-05 9.99101E-05 9.99101E-05 9.99101E-05 9.99101E-05 9.99101E-05 9.99101E-05 0.999001
9.99254E-05 9.99254E-05 0.000144423 9.99254E-05 0.998956 9.99254E-05 9.99254E-05 9.99254E-05 9.99254E-05 9.99254E-05 9.99254E-05
9.99101E-05 9.99101E-05 0.999001 9.99101E-05 9.99101E-05 9.99101E-05 9.99101E-05 9.99101E-05 9.99101E-05 9.99101E-05 9.99101E-05
9.99101E-05 9.99101E-05 9.99101E-05 0.999001 9.99101E-05 9.99101E-05 9.99101E-05 9.99101E-05 9.99101E-05 9.99101E-05 9.99101E-05
9.99101E-05 0.999001 9.99101E-05 9.99101E-05 9.99101E-05 9.99101E-05 9.99101E-05 9.99101E-05 9.99101E-05 9.99101E-05 9.99101E-05
0.00550063 0.00417044 0.0055526 0.926835 0.0124295 0.000619624 0.0104157 0.0135422 0.00923474 0.0115995 9.9991E-05
9.99101E-05 0.999001 9.99101E-05 9.99101E-05 9.99101E-05 9.99101E-05 9.99101E-05 9.99101E-05 9.99101E-05 9.99101E-05 9.99101E-05
0.440892 0.0643061 0.0408394 0.0355579 9.9991E-05 0.0986832 0.14205 0.0101687 0.106021 0.044028 0.0173535
9.99101E-05 9.99101E-05 9.99101E-05 9.99101E-05 9.99101E-05 9.99101E-05 9.99101E-05 0.999001 9.99101E-05 9.99101E-05 9.99101E-05
0.209516 0.0727848 0.0638513 0.0789396 0.0414207 0.0815757 0.140319 0.065436 0.127159 0.0871936 0.031804
0.993067 9.99189E-05 9.99189E-05 0.00603324 9.99189E-05 9.99189E-05 9.99189E-05 9.99189E-05 9.99189E-05 9.99189E-05 9.99189E-05
0.999001 9.99101E-05 9.99101E-05 9.99101E-05 9.99101E-05 9.99101E-05 9.99101E-05 9.99101E-05 9.99101E-05 9.99101E-05 9.99101E-05
0.21755 0.0355409 0.0343554 0.0596405 9.9991E-05 0.0557145 0.164696 0.046404 0.282522 0.0533943 0.0500832
9.99101E-05 9.99101E-05 9.99101E-05 9.99101E-05 9.99101E-05 9.99101E-05 9.99101E-05 9.99101E-05 0.999001 9.99101E-05 9.99101E-05
0.105667 0.056677 0.0389783 0.0432573 0.0230019 0.0450744 0.115832 0.0262193 0.514528 0.030664 9.9991E-05
9.9964E-05 0.000586964 9.9964E-05 0.00218132 0.0034115 0.0115775 0.966797 0.0112235 9.9964E-05 9.9964E-05 0.00382237
9.99101E-05 9.99101E-05 9.99101E-05 9.99101E-05 9.99101E-05 0.999001 9.99101E-05 9.99101E-05 9.99101E-05 9.99101E-05 9.99101E-05
0.0486739 0.0195037 0.0290089 0.021209 0.0201938 0.0375765 0.693328 0.0102697 0.0674379 0.0390976 0.0137005
9.99101E-05 9.99101E-05 9.99101E-05 9.99101E-05 9.99101E-05 9.99101E-05 9.99101E-05 9.99101E-05 9.99101E-05 0.999001 9.99101E-05
0.019711 9.9946E-05 9.9946E-05 9.9946E-05 9.9946E-05 0.00405385 0.027287 0.00395761 9.9946E-05 0.944391 9.9946E-05
9.99101E-05 9.99101E-05 9.99101E-05 9.99101E-05 9.99101E-05 9.99101E-05 9.99101E-05 9.99101E-05 9.99101E-05 9.99101E-05 0.999001
0.00597599 0.0205565 0.00721832 0.00505256 0.769443 0.00733203 0.0104893 0.00197298 0.00239117 0.0103925 0.159176
9.9919E-05 9.9919E-05 0.998717 9.9919E-05 0.000383617 9.9919E-05 9.9919E-05 9.9919E-05 9.9919E-05 9.9919E-05 9.9919E-05
9.99101E-05 9.99101E-05 9.99101E-05 0.999001 9.99101E-05 9.99101E-05 9.99101E-05 9.99101E-05 9.99101E-05 9.99101E-05 9.99101E-05
0.139877 0.531773 0.0148986 0.023514 9.9982E-05 9.9982E-05 0.0371568 0.0185351 0.186272 0.0288957 0.0188777
9.99101E-05 9.99101E-05 9.99101E-05 0.999001 9.99101E-05 9.99101E-05 9.99101E-05 9.99101E-05 9.99101E-05 9.99101E-05 9.99101E-05
0.135261 0.546633 0.0119913 0.0125945 9.9982E-05 9.9982E-05 0.0253597 0.0184897 0.18582 0.0414056 0.0222447
0.391697 0.0486253 0.044997 0.0622378 0.00543091 0.0909243 0.127331 0.0187089 0.12353 0.062992 0.0235255
9.9955E-05 9.9955E-05 0.00165893 0.00515527 0.00253813 9.9955E-05 9.9955E-05 0.981584 0.0027497 9.9955E-05 0.00581378
0.287132 0.0622382 0.0615661 0.052222 0.0386052 0.101091 0.178565 0.0457757 0.107276 0.0544234 0.0111062
0.969091 0.0101912 0.00289064 0.00162762 9.9973E-05 9.9973E-05 0.000230477 0.0075904 9.9973E-05 0.00200545 0.00607369
0.999001 9.99101E-05 9.99101E-05 9.99101E-05 9.99101E-05 9.99101E-05 9.99101E-05 9.99101E-05 9.99101E-05 9.99101E-05 9.99101E-05
0.206005 0.0498325 0.0505107 0.0576299 0.0170565 0.0531117 0.151812 0.0714531 0.242092 0.0572913 0.0432056
9.99101E-05 9.99101E-05 9.99101E-05 9.99101E-05 9.99101E-05 9.99101E-05 9.99101E-05 9.99101E-05 0.999001 9.99101E-05 9.99101E-05
0.160987 0.0523185 0.0378898 0.0414633 0.000979471 0.397407 0.093831 0.0391977 0.076796 0.0376553 0.0614753
9.999E-05 0.0243398 0.0221363 0.025574 0.0215681 0.0081359 0.839789 0.0156453 0.0209838 0.00825048 0.0134768
9.99101E-05 9.99101E-05 9.99101E-05 9.99101E-05 9.99101E-05 0.999001 9.99101E-05 9.99101E-05 9.99101E-05 9.99101E-05 9.99101E-05
9.99101E-05 9.99101E-05 9.99101E-05 9.99101E-05 9.99101E-05 9.99101E-05 0.999001 9.99101E-05 9.99101E-05 9.99101E-05 9.99101E-05
9.9937E-05 0.00152164 9.9937E-05 9.9937E-05 0.000636705 0.00449892 9.9937E-05 9.9937E-05 9.9937E-05 0.992643 9.9937E-05
0.0205124 9.9946E-05 0.00989317 0.000853075 9.9946E-05 9.9946E-05 0.0110011 9.9946E-05 9.9946E-05 0.957141 9.9946E-05
9.99101E-05 9.99101E-05 9.99101E-05 9.99101E-05 9.99101E-05 9.99101E-05 9.99101E-05 9.99101E-05 9.99101E-05 9.99101E-05 0.999001
0.0556416 0.0558528 0.0250428 0.0354466 0.00883446 0.0238005 0.0850017 0.0388873 0.0741346 0.0341895 0.563168
0.00677332 0.00228055 0.957971 9.9964E-05 0.00317119 0.00350758 9.9964E-05 9.9964E-05 0.0188057 0.00709051 9.9964E-05
9.9946E-05 0.00715132 9.9946E-05 0.978009 9.9946E-05 9.9946E-05 9.9946E-05 0.0039609 0.00602749 0.00425116 9.9946E-05
9.99369E-05 0.98099 9.99369E-05 9.99369E-05 0.00144029 0.00865447 9.99369E-05 9.99369E-05 9.99369E-05 9.99369E-05 0.00821596
0.0102291 0.017774 0.000560294 0.845844 0.014078 0.0213131 0.0250586 0.0222979 0.0116665 0.0148282 0.0163502
0.138081 0.577497 0.0108719 0.014817 9.9982E-05 9.9982E-05 0.0133446 0.0167462 0.189884 0.0258216 0.0127363
0.365898 0.0556459 0.0397496 0.0560812 0.0113742 0.102056 0.136269 0.0329913 0.105677 0.0754783 0.01878
9.99101E-05 9.99101E-05 9.99101E-05 9.99101E-05 9.99101E-05 9.99101E-05 9.99101E-05 0.999001 9.99101E-05 9.99101E-05 9.99101E-05
0.342797 0.0503932 0.0518034 0.0501431 0.0422115 0.107863 0.130975 0.0469226 0.0973015 0.0680804 0.0115095
0.642449 0.0349145 0.0330928 0.0422724 0.00851197 0.030191 0.0881977 0.0134469 0.0556814 0.0324954 0.0187468
0.999001 9.99101E-05 9.99101E-05 9.99101E-05 9.99101E-05 9.99101E-05 9.99101E-05 9.99101E-05 9.99101E-05 9.99101E-05 9.99101E-05
0.00435262 0.00804046 0.00311985 0.0129947 0.0148256 9.9964E-05 0.0106399 9.9964E-05 0.945627 9.9964E-05 9.9964E-05
0.183277 0.0391833 0.074583 0.0638688 9.9991E-05 0.0451846 0.142009 0.085022 0.226029 0.0661122 0.0746312
0.161921 0.059681 0.0445825 0.0536771 0.0244544 0.351137 0.101487 0.0367534 0.0742533 0.0494581 0.0425951
9.9973E-05 0.0183746 0.00719764 9.9973E-05 0.0108901 0.00970981 0.925828 0.00492667 0.0156591 0.00711462 9.9973E-05
9.99101E-05 9.99101E-05 9.99101E-05 9.99101E-05 9.99101E-05 0.999001 9.99101E-05 9.99101E-05 9.99101E-05 9.99101E-05 9.99101E-05
0.0498398 0.0271584 0.0165479 0.00510611 9.9991E-05 0.030618 0.758534 0.0034421 0.0728058 0.0133227 0.0225248
9.99101E-05 9.99101E-05 9.99101E-05 9.99101E-05 9.99101E-05 9.99101E-05 9.99101E-05 9.99101E-05 9.99101E-05 0.999001 9.99101E-05
9.99101E-05 9.99101E-05 9.99101E-05 9.99101E-05 9.99101E-05 9.99101E-05 9.99101E-05 9.99101E-05 9.99101E-05 0.999001 9.99101E-05
9.99101E-05 9.99101E-05 9.99101E-05 9.99101E-05 9.99101E-05 9.99101E-05 9.99101E-05 9.99101E-05 9.99101E-05 9.99101E-05 0.999001
0.0593206 0.0502198 0.0199247 0.0373885 9.9991E-05 0.0234833 0.0842622 0.035141 0.0853513 0.0346132 0.570195
0.0176588 0.0261567 0.831326 0.0202587 9.9991E-05 0.0229119 0.0257679 0.0123046 0.0181548 0.00556746 0.0197933
9.99101E-05 9.99101E-05 9.99101E-05 0.999001 9.99101E-05 9.99101E-05 9.99101E-05 9.99101E-05 9.99101E-05 9.99101E-05 9.99101E-05
9.99101E-05 0.999001 9.99101E-05 9.99101E-05 9.99101E-05 9.99101E-05 9.99101E-05 9.99101E-05 9.99101E-05 9.99101E-05 9.99101E-05
0.0443202 0.028296 0.0149129 0.736341 0.0260708 0.0259991 0.0272729 0.0267753 0.0301242 0.021493 0.0183946
0.138498 0.571453 0.0077073 0.00165318 9.9982E-05 9.9982E-05 0.0216245 0.0210604 0.191445 0.0303896 0.0159694
0.38928 0.0642662 0.0445204 0.0436102 0.00352796 0.105901 0.128117 0.0249432 0.11919 0.0648336 0.0118107
9.99101E-05 9.99101E-05 9.99101E-05 9.99101E-05 9.99101E-05 9.99101E-05 9.99101E-05 0.999001 9.99101E-05 9.99101E-05 9.99101E-05
0.176458 0.0535996 0.0514431 0.0640589 9.9991E-05 0.0801333 0.144801 0.0592361 0.250796 0.0483672 0.0710065
0.392084 0.0431195 0.0468684 0.0360238 0.0460304 0.0982676 0.121176 0.0580117 0.106954 0.0513645 9.9991E-05
0.607714 0.0156801 0.0384658 0.0224555 0.0150384 0.0327139 0.103054 0.0262817 0.0821307 0.03343 0.0230353
0.795483 0.0074975 0.0156631 0.0245311 0.0130325 0.0205414 0.0353838 0.0261889 0.0342234 0.0273559 9.9991E-05
0.0910482 0.0684809 0.0311241 0.0327469 0.062415 0.0223696 0.0495507 0.025928 0.581721 0.0345155 9.9991E-05
0.201999 0.0287237 0.0857676 0.0637328 9.9991E-05 0.0476985 0.148212 0.0679577 0.237062 0.0673631 0.0513842
0.0255293 9.9982E-05 0.00915349 9.9982E-05 0.0211952 0.83067 0.0282958 0.0244989 0.0358116 0.0181976 0.00644791
9.9955E-05 0.0116129 9.9955E-05 0.0112299 9.9955E-05 9.9955E-05 0.948604 0.0101339 9.9955E-05 0.0136908 0.00422836
0.0131197 0.0109444 0.00838852 0.00920284 9.9964E-05 0.93581 0.00947395 9.9964E-05 9.9964E-05 9.9964E-05 0.0126612
9.99101E-05 9.99101E-05 9.99101E-05 9.99101E-05 9.99101E-05 9.99101E-05 0.999001 9.99101E-05 9.99101E-05 9.99101E-05 9.99101E-05
9.9955E-05 0.00629276 9.9955E-05 9.9955E-05 0.0149013 0.00701427 9.9955E-05 0.00563923 0.0170552 0.948597 9.9955E-05
9.99101E-05 9.99101E-05 9.99101E-05 9.99101E-05 9.99101E-05 9.99101E-05 9.99101E-05 9.99101E-05 9.99101E-05 0.999001 9.99101E-05
9.99101E-05 9.99101E-05 9.99101E-05 9.99101E-05 9.99101E-05 9.99101E-05 9.99101E-05 9.99101E-05 9.99101E-05 9.99101E-05 0.999001
9.99535E-05 9.99535E-05 9.99535E-05 0.0036946 0.952055 0.00568549 0.00514049 9.99535E-05 9.99535E-05 9.99535E-05 0.0328248
9.9919E-05 0.00367527 0.995425 9.9919E-05 9.9919E-05 9.9919E-05 9.9919E-05 9.9919E-05 9.9919E-05 9.9919E-05 9.9919E-05
9.99101E-05 9.99101E-05 9.99101E-05 0.999001 9.99101E-05 9.99101E-05 9.99101E-05 9.99101E-05 9.99101E-05 9.99101E-05 9.99101E-05
9.99101E-05 0.999001 9.99101E-05 9.99101E-05 9.99101E-05 9.99101E-05 9.99101E-05 9.99101E-05 9.99101E-05 9.99101E-05 9.99101E-05
9.99101E-05 9.99101E-05 9.99101E-05 0.999001 9.99101E-05 9.99101E-05 9.99101E-05 9.99101E-05 9.99101E-05 9.99101E-05 9.99101E-05
0.153822 0.583107 0.0099494 0.00530671 0.000596202 9.99887E-05 9.99887E-05 0.0253829 0.177213 0.024969 0.0194537
0.24899 0.0143179 0.0474618 0.0927735 0.00735066 0.0514977 0.14621 0.0556093 0.242849 0.0608173 0.0321223
0.0091356 9.9964E-05 9.9964E-05 0.00367932 0.0013198 9.9964E-05 0.00252277 0.974259 0.00196839 0.00671552 9.9964E-05
0.158467 0.0576764 0.056355 0.0603039 0.000290059 0.0857811 0.141162 0.0684269 0.256244 0.0404182 0.0748756
0.30617 0.0680463 0.0509826 0.0572444 0.0467746 0.105409 0.160942 0.0385601 0.104092 0.0460207 0.0157594
0.645719 0.0216483 0.0342702 0.0083216 0.0064535 0.0160743 0.103379 0.0271662 0.0810727 0.0324492 0.0234457
0.764719 0.0127604 0.00828036 0.0268546 0.0205174 0.0404298 0.039416 0.0150903 0.0664967 0.00533584 9.9991E-05
9.99101E-05 9.99101E-05 9.99101E-05 9.99101E-05 9.99101E-05 9.99101E-05 9.99101E-05 9.99101E-05 0.999001 9.99101E-05 9.99101E-05
0.210268 0.0473224 0.0521209 0.0787584 0.0297734 0.0552285 0.152093 0.0561883 0.219454 0.0644584 0.0343353
0.0180134 0.0104743 0.024657 9.9991E-05 0.0241161 0.821371 0.0183611 0.0250754 0.0349222 0.0207703 0.00213877
9.99101E-05 9.99101E-05 9.99101E-05 9.99101E-05 9.99101E-05 9.99101E-05 0.999001 9.99101E-05 9.99101E-05 9.99101E-05 9.99101E-05
9.99101E-05 9.99101E-05 9.99101E-05 9.99101E-05 9.99101E-05 0.999001 9.99101E-05 9.99101E-05 9.99101E-05 9.99101E-05 9.99101E-05
0.0132825 9.9919E-05 9.9919E-05 9.9919E-05 9.9919E-05 9.9919E-05 0.985818 9.9919E-05 9.9919E-05 9.9919E-05 9.9919E-05
9.9955E-05 0.0172503 9.9955E-05 9.9955E-05 9.9955E-05 0.011894 9.9955E-05 0.00751175 0.000528237 0.958132 0.00418409
0.00567681 9.9937E-05 0.00660141 0.000440809 9.9937E-05 9.9937E-05 9.9937E-05 9.9937E-05 9.9937E-05 0.986581 9.9937E-05
9.99101E-05 9.99101E-05 9.99101E-05 9.99101E-05 9.99101E-05 9.99101E-05 9.99101E-05 9.99101E-05 9.99101E-05 9.99101E-05 0.999001
9.99101E-05 9.99101E-05 9.99101E-05 9.99101E-05 9.99101E-05 9.99101E-05 9.99101E-05 9.99101E-05 9.99101E-05 9.99101E-05 0.999001
9.9955E-05 0.00082022 0.975864 0.00374096 0.000199596 9.9955E-05 9.9955E-05 9.9955E-05 9.9955E-05 0.00927847 0.00959665
9.9973E-05 0.00928257 0.00608794 0.963919 0.00352264 9.9973E-05 9.9973E-05 0.00814668 0.00583223 0.0022708 0.000637821
0.119082 0.374582 0.0558988 0.0422702 0.0293649 0.0485875 0.105002 0.0125497 0.131891 0.056717 0.0240546
0.0104547 0.0118806 9.9955E-05 0.961838 9.9955E-05 0.0122142 9.9955E-05 0.000775428 9.9955E-05 9.9955E-05 0.00233788
9.9955E-05 0.0025608 0.00239393 0.000180509 9.9955E-05 9.9955E-05 9.9955E-05 0.989009 9.9955E-05 0.00197536 0.00338066
0.349163 0.0566809 0.0371999 0.0361652 0.0270259 0.134357 0.120789 0.0433379 0.107335 0.0676769 0.0202692
0.173892 0.0565087 0.0562692 0.0614305 0.00333181 0.0820109 0.133877 0.0633129 0.242066 0.0448906 0.0824104
0.281048 0.0749512 0.0743805 0.0682225 9.9991E-05 0.0664801 0.129393 0.0394692 0.16043 0.069445 0.0360797
0.663189 0.0194541 0.0502897 0.0157907 0.00881003 0.0089989 0.0783698 0.0233827 0.070393 0.0372267 0.0240948
0.646514 0.0399581 0.0405571 0.0342699 0.0156665 0.030022 0.0558412 0.0309507 0.0697676 0.0316538 0.00479935
9.99101E-05 9.99101E-05 9.99101E-05 9.99101E-05 9.99101E-05 9.99101E-05 9.99101E-05 9.99101E-05 0.999001 9.99101E-05 9.99101E-05
9.99252E-05 9.99252E-05 9.99252E-05 9.99252E-05 0.00155098 9.99252E-05 9.99252E-05 9.99252E-05 0.99755 9.99252E-05 9.99252E-05
0.249858 0.0296113 0.053921 0.0909433 9.9991E-05 0.0365006 0.151074 0.0332288 0.289319 0.0267832 0.0386617
0.0116311 9.9982E-05 0.0217441 0.00267326 0.0235464 0.857256 0.0241669 0.0186602 0.0223735 0.0177481 9.9982E-05
9.99101E-05 9.99101E-05 9.99101E-05 9.99101E-05 9.99101E-05 9.99101E-05 0.999001 9.99101E-05 9.99101E-05 9.99101E-05 9.99101E-05
9.99101E-05 9.99101E-05 9.99101E-05 9.99101E-05 9.99101E-05 0.999001 9.99101E-05 9.99101E-05 9.99101E-05 9.99101E-05 9.99101E-05
0.00964241 9.9937E-05 0.00665206 9.9937E-05 9.9937E-05 9.9937E-05 0.981269 9.9937E-05 9.9937E-05 0.00173669 9.9937E-05
9.9919E-05 9.9919E-05 9.9919E-05 9.9919E-05 9.9919E-05 0.00329932 9.9919E-05 9.9919E-05 9.9919E-05 0.995801 9.9919E-05
9.99101E-05 9.99101E-05 9.99101E-05 9.99101E-05 0.999001 9.99101E-05 9.99101E-05 9.99101E-05 9.99101E-05 9.99101E-05 9.99101E-05
9.99101E-05 9.99101E-05 0.999001 9.99101E-05 9.99101E-05 9.99101E-05 9.99101E-05 9.99101E-05 9.99101E-05 9.99101E-05 9.99101E-05
0.119723 0.0366344 0.482632 0.04917 0.0240768 0.014903 0.103213 0.012376 0.0712213 0.0435427 0.0425079
0.147333 0.281583 0.0311404 0.0348273 0.0578803 0.05599 0.119108 0.0433233 0.14107 0.0672454 0.0205
9.99101E-05 9.99101E-05 9.99101E-05 0.999001 9.99101E-05 9.99101E-05 9.99101E-05 9.99101E-05 9.99101E-05 9.99101E-05 9.99101E-05
9.99101E-05 0.999001 9.99101E-05 9.99101E-05 9.99101E-05 9.99101E-05 9.99101E-05 9.99101E-05 9.99101E-05 9.99101E-05 9.99101E-05
0.014863 0.02359 0.0128872 0.857867 0.00803995 0.0173415 9.9991E-05 0.0220603 0.017487 0.0107652 0.0149988
9.99101E-05 9.99101E-05 9.99101E-05 9.99101E-05 9.99101E-05 9.99101E-05 9.99101E-05 0.999001 9.99101E-05 9.99101E-05 9.99101E-05
0.315344 0.0603841 0.0516271 0.0385928 0.0330538 0.122108 0.131513 0.0453483 0.109624 0.0509251 0.0414805
0.151141 0.083377 0.0525674 0.0688019 0.0419564 0.0871912 0.15272 0.0594055 0.199955 0.0510142 0.0518706
0.318421 0.0639626 0.0412381 0.0535399 0.0127952 0.0925317 0.139109 0.0404363 0.144273 0.0643371 0.029357
0.712206 0.0381004 0.0346134 0.0163386 0.00159148 0.0421502 0.0589733 0.0165955 0.067602 0.010822 0.00100692
0.888567 0.0215613 9.9982E-05 0.0154144 0.0169299 0.00630866 9.9982E-05 0.0310631 0.0073834 0.0117353 0.000836436
9.99101E-05 9.99101E-05 9.99101E-05 9.99101E-05 9.99101E-05 9.99101E-05 9.99101E-05 9.99101E-05 0.999001 9.99101E-05 9.99101E-05
0.0491993 0.00494789 0.0314127 0.0186314 0.0171874 0.0287222 0.0069973 0.0126856 0.808621 0.0160673 0.00552762
0.247346 0.0307207 0.0646801 0.0777723 9.9991E-05 0.0351041 0.141749 0.0426741 0.28696 0.0269639 0.0459301
0.018756 0.00355052 0.0125809 0.0117658 0.0304814 0.801454 0.0270833 0.0147828 0.0430029 0.0328146 0.0037279
9.99101E-05 9.99101E-05 9.99101E-05 9.99101E-05 9.99101E-05 9.99101E-05 0.999001 9.99101E-05 9.99101E-05 9.99101E-05 9.99101E-05
9.99101E-05 9.99101E-05 9.99101E-05 9.99101E-05 9.99101E-05 0.999001 9.99101E-05 9.99101E-05 9.99101E-05 9.99101E-05 9.99101E-05
9.99101E-05 9.99101E-05 9.99101E-05 9.99101E-05 9.99101E-05 9.99101E-05 9.99101E-05 9.99101E-05 9.99101E-05 0.999001 9.99101E-05
