9.99101E-05 9.99101E-05 9.99101E-05 9.99101E-05 0.999001 9.99101E-05 9.99101E-05 9.99101E-05 9.99101E-05 9.99101E-05 9.99101E-05
0.000914115 0.00656675 0.0181932 9.9973E-05 0.0010068 9.9973E-05 9.9973E-05 0.00610918 0.0126847 0.00448411 0.949741
9.9955E-05 0.00532368 0.00699845 9.9955E-05 0.00226669 9.9955E-05 9.9955E-05 0.0137091 0.0215155 9.9955E-05 0.949687
0.999001 9.99101E-05 9.99101E-05 9.99101E-05 9.99101E-05 9.99101E-05 9.99101E-05 9.99101E-05 9.99101E-05 9.99101E-05 9.99101E-05
0.999001 9.99101E-05 9.99101E-05 9.99101E-05 9.99101E-05 9.99101E-05 9.99101E-05 9.99101E-05 9.99101E-05 9.99101E-05 9.99101E-05
0.0327369 0.0551399 0.0384794 0.323592 0.0587139 0.081929 0.0320254 0.104214 0.0987907 0.115116 0.059262
9.99101E-05 0.999001 9.99101E-05 9.99101E-05 9.99101E-05 9.99101E-05 9.99101E-05 9.99101E-05 9.99101E-05 9.99101E-05 9.99101E-05
9.99101E-05 9.99101E-05 9.99101E-05 0.999001 9.99101E-05 9.99101E-05 9.99101E-05 9.99101E-05 9.99101E-05 9.99101E-05 9.99101E-05
0.0257055 0.0532339 0.0242929 0.0322208 0.0644894 0.0531813 0.0899356 0.143226 0.085008 0.400007 0.0286999
9.9955E-05 9.9955E-05 0.977154 9.9955E-05 0.00169893 9.9955E-05 0.00595933 0.000537547 9.9955E-05 0.00160223 0.012548
0.071346 0.053768 0.0534132 0.0391843 0.060634 0.0679183 0.0810078 0.14052 0.101474 0.256946 0.0737891
0.0464757 0.064492 0.0555122 0.0424522 0.0491967 0.0507559 0.0933809 0.15748 0.18719 0.162103 0.0909612
0.00120394 0.0100078 9.99459E-05 0.00579636 0.00162034 9.99459E-05 9.99459E-05 9.99459E-05 9.99459E-05 0.980772 9.99459E-05
9.99101E-05 9.99101E-05 9.99101E-05 9.99101E-05 9.99101E-05 9.99101E-05 9.99101E-05 9.99101E-05 9.99101E-05 0.999001 9.99101E-05
0.00543099 0.530873 0.0289669 9.9991E-05 0.0133052 0.0412152 0.00332144 0.0773284 0.143904 0.138655 0.0168997
9.99101E-05 9.99101E-05 9.99101E-05 9.99101E-05 9.99101E-05 9.99101E-05 9.99101E-05 9.99101E-05 0.999001 9.99101E-05 9.99101E-05
0.0197098 0.00432307 0.000179769 9.9955E-05 9.9955E-05 0.0177094 9.9955E-05 9.9955E-05 0.94561 9.9955E-05 0.0119679
0.067655 0.0794801 0.0318811 0.0275829 0.0600893 0.0484743 0.0499811 0.190926 0.185778 0.197901 0.0602507
0.022729 0.01428 0.0314042 0.000345615 0.0312257 0.00946488 0.792101 0.037207 0.0232376 0.0102303 0.0277744
0.0325382 0.0261861 0.0278066 0.0276662 0.0320516 0.00964779 0.0400786 0.705507 0.0254497 0.0186373 0.0544308
0.00180993 0.000370876 9.9955E-05 0.00535984 9.9955E-05 9.9955E-05 0.984007 9.9955E-05 0.000321357 9.9955E-05 0.0076313
0.0130425 9.9955E-05 9.9955E-05 9.9955E-05 0.00390377 9.9955E-05 0.0139195 0.939825 9.9955E-05 0.0267368 0.0020731
0.00836987 0.0101048 9.9964E-05 9.9964E-05 0.921847 0.00035225 9.9964E-05 0.0283785 9.9964E-05 0.0234961 0.00705141
9.99101E-05 9.99101E-05 9.99101E-05 9.99101E-05 9.99101E-05 9.99101E-05 9.99101E-05 9.99101E-05 9.99101E-05 9.99101E-05 0.999001
9.9964E-05 0.0156944 0.0198811 9.9964E-05 0.00557055 9.9964E-05 9.9964E-05 0.0246502 0.00792051 0.016376 0.909507
0.999001 9.99101E-05 9.99101E-05 9.99101E-05 9.99101E-05 9.99101E-05 9.99101E-05 9.99101E-05 9.99101E-05 9.99101E-05 9.99101E-05
9.99101E-05 0.999001 9.99101E-05 9.99101E-05 9.99101E-05 9.99101E-05 9.99101E-05 9.99101E-05 9.99101E-05 9.99101E-05 9.99101E-05
9.99101E-05 9.99101E-05 9.99101E-05 0.999001 9.99101E-05 9.99101E-05 9.99101E-05 9.99101E-05 9.99101E-05 9.99101E-05 9.99101E-05
0.00778118 0.924325 0.00991645 9.99855E-05 0.0107498 0.00783417 0.00482183 0.0102416 0.0132282 9.99855E-05 0.0109018
0.00968312 9.9955E-05 0.00192672 0.96399 0.0146878 9.9955E-05 9.9955E-05 0.00526485 9.9955E-05 9.9955E-05 0.00394818
0.0355725 0.0391905 0.0144668 0.0279449 0.0424795 0.0573111 0.0875634 0.154268 0.0767344 0.444819 0.0196494
9.99101E-05 9.99101E-05 0.999001 9.99101E-05 9.99101E-05 9.99101E-05 9.99101E-05 9.99101E-05 9.99101E-05 9.99101E-05 9.99101E-05
0.0628234 0.0933168 0.0812701 0.0501177 0.0839798 0.0370799 0.0885558 0.120969 0.112171 0.183157 0.0865592
9.99101E-05 9.99101E-05 9.99101E-05 9.99101E-05 9.99101E-05 9.99101E-05 9.99101E-05 9.99101E-05 9.99101E-05 0.999001 9.99101E-05
9.99101E-05 9.99101E-05 9.99101E-05 9.99101E-05 9.99101E-05 9.99101E-05 9.99101E-05 9.99101E-05 9.99101E-05 0.999001 9.99101E-05
0.0365656 0.0509161 0.031686 0.0300125 0.0562488 0.0293051 0.0608581 0.173261 0.2505 0.2352 0.0454472
9.99101E-05 9.99101E-05 9.99101E-05 9.99101E-05 9.99101E-05 9.99101E-05 9.99101E-05 9.99101E-05 0.999001 9.99101E-05 9.99101E-05
0.0412824 0.0460513 0.0238365 0.0313623 0.0296094 0.0455237 0.0608974 0.115889 0.487741 0.0964469 0.0213608
9.9964E-05 0.00693685 0.008649 0.00366872 9.9964E-05 0.0151953 0.00801082 0.956597 9.9964E-05 9.9964E-05 0.000542687
9.99101E-05 9.99101E-05 9.99101E-05 9.99101E-05 9.99101E-05 9.99101E-05 0.999001 9.99101E-05 9.99101E-05 9.99101E-05 9.99101E-05
0.0257544 0.0151415 0.0101366 0.0291764 0.0409991 0.0118505 0.0462959 0.696994 0.0405611 0.0505586 0.0325322
9.99101E-05 9.99101E-05 9.99101E-05 9.99101E-05 0.999001 9.99101E-05 9.99101E-05 9.99101E-05 9.99101E-05 9.99101E-05 9.99101E-05
0.00193421 0.00460305 0.00768463 9.9955E-05 0.943832 9.9955E-05 9.9955E-05 0.0218462 9.9955E-05 0.0196004 9.9955E-05
9.99101E-05 9.99101E-05 9.99101E-05 9.99101E-05 9.99101E-05 9.99101E-05 9.99101E-05 9.99101E-05 9.99101E-05 9.99101E-05 0.999001
0.00707418 0.010917 0.010407 0.0094486 0.0157673 0.0141409 0.0104044 0.014222 0.0234849 0.00566619 0.878468
0.999001 9.99101E-05 9.99101E-05 9.99101E-05 9.99101E-05 9.99101E-05 9.99101E-05 9.99101E-05 9.99101E-05 9.99101E-05 9.99101E-05
9.99101E-05 0.999001 9.99101E-05 9.99101E-05 9.99101E-05 9.99101E-05 9.99101E-05 9.99101E-05 9.99101E-05 9.99101E-05 9.99101E-05
9.9937E-05 0.000429879 0.00323848 9.9937E-05 9.9937E-05 0.981925 9.9937E-05 0.0137073 9.9937E-05 9.9937E-05 9.9937E-05
9.99101E-05 0.999001 9.99101E-05 9.99101E-05 9.99101E-05 9.99101E-05 9.99101E-05 9.99101E-05 9.99101E-05 9.99101E-05 9.99101E-05
0.000605918 9.9937E-05 0.0024296 9.9937E-05 9.9937E-05 0.995514 9.9937E-05 9.9937E-05 9.9937E-05 9.9937E-05 0.000750884
0.028972 0.0435614 0.0214137 0.0349227 0.0636511 0.0513961 0.0926884 0.143666 0.0850897 0.415474 0.0191653
0.00587638 0.000188074 0.976613 0.00110544 0.00742957 0.00730629 0.00108129 9.9964E-05 9.9964E-05 9.9964E-05 9.9964E-05
0.0481578 0.0424526 0.0428037 0.0385347 0.0522795 0.0439951 0.10453 0.18195 0.0959691 0.296295 0.0530325
0.00311576 0.00411633 9.99549E-05 0.00652388 0.00785263 9.99549E-05 9.99549E-05 9.99549E-05 9.99549E-05 0.967957 0.00993488
9.99279E-05 9.99279E-05 9.99279E-05 9.99279E-05 9.99279E-05 9.99279E-05 0.001576 9.99279E-05 9.99279E-05 0.990682 0.00694282
0.0608928 0.06331 0.0688496 0.0164015 0.0510233 0.0552742 0.0447378 0.171734 0.20979 0.204811 0.0531762
9.99101E-05 9.99101E-05 9.99101E-05 9.99101E-05 9.99101E-05 9.99101E-05 9.99101E-05 9.99101E-05 0.999001 9.99101E-05 9.99101E-05
0.0536729 0.035651 0.0341323 0.0413642 0.0493808 0.0164515 0.39028 0.0978465 0.059791 0.159482 0.061948
0.0209825 0.0255453 0.016112 0.0142014 0.0196471 0.00882897 0.0305626 0.833204 0.00490852 0.00080747 0.0252004
9.99101E-05 9.99101E-05 9.99101E-05 9.99101E-05 9.99101E-05 9.99101E-05 0.999001 9.99101E-05 9.99101E-05 9.99101E-05 9.99101E-05
9.99101E-05 9.99101E-05 9.99101E-05 9.99101E-05 9.99101E-05 9.99101E-05 9.99101E-05 0.999001 9.99101E-05 9.99101E-05 9.99101E-05
9.9937E-05 9.9937E-05 9.9937E-05 9.9937E-05 0.98449 9.9937E-05 0.0090883 9.9937E-05 0.00258953 9.9937E-05 0.00313287
0.0059953 0.00915144 9.9946E-05 9.9946E-05 0.953289 9.9946E-05 9.9946E-05 0.0201137 9.9946E-05 0.0108506 9.9946E-05
9.99101E-05 9.99101E-05 9.99101E-05 9.99101E-05 9.99101E-05 9.99101E-05 9.99101E-05 9.99101E-05 9.99101E-05 9.99101E-05 0.999001
0.0319046 0.0210109 0.0398775 0.0373204 0.023371 0.0193708 0.0420348 0.0821573 0.0688618 0.0710977 0.562993
0.955442 9.9955E-05 0.00479503 0.00950362 0.00201671 9.9955E-05 0.00545226 9.9955E-05 0.0222911 9.9955E-05 9.9955E-05
0.00349475 0.976096 9.9964E-05 0.00140545 0.00517926 0.00775002 9.9964E-05 9.9964E-05 0.00117974 9.9964E-05 0.00449513
0.00568156 9.9973E-05 0.0112309 0.933482 0.0109616 9.9973E-05 0.00862402 0.00410774 0.00595916 9.9973E-05 0.0196536
0.0116851 0.847465 0.0178179 0.0259515 0.0225362 0.00856678 0.0154637 0.00834717 0.00979963 0.0185597 0.0138077
9.99101E-05 9.99101E-05 9.99101E-05 9.99101E-05 9.99101E-05 0.999001 9.99101E-05 9.99101E-05 9.99101E-05 9.99101E-05 9.99101E-05
0.045366 0.0479281 0.0340854 0.0403406 0.0636983 0.0574514 0.0918167 0.14036 0.0752874 0.367577 0.0360893
9.99101E-05 9.99101E-05 0.999001 9.99101E-05 9.99101E-05 9.99101E-05 9.99101E-05 9.99101E-05 9.99101E-05 9.99101E-05 9.99101E-05
0.0502275 0.0435466 0.0553653 0.0242491 0.0563318 0.0311059 0.113853 0.143256 0.106971 0.32412 0.0509731
0.0392529 0.0307401 0.0120212 0.0258228 0.036755 9.9991E-05 0.0265853 0.0815477 0.0669153 0.658888 0.0213714
9.99101E-05 9.99101E-05 9.99101E-05 9.99101E-05 9.99101E-05 9.99101E-05 9.99101E-05 9.99101E-05 9.99101E-05 0.999001 9.99101E-05
0.00378764 0.00141436 9.9982E-05 9.9982E-05 0.00469246 0.0212383 0.000317042 0.00947751 0.935218 0.0139743 0.00968085
0.0752259 0.0640091 0.065223 0.0143291 0.0678719 0.0435561 0.0488542 0.170446 0.207359 0.186696 0.0564288
0.0354045 0.0366873 0.0481269 0.0399681 0.0574672 0.0176177 0.364194 0.101299 0.0703261 0.172828 0.0560816
0.0109383 0.0112544 0.00620269 0.00824643 0.0115333 0.0132751 0.0132287 0.894485 9.99826E-05 9.99826E-05 0.0306361
9.99101E-05 9.99101E-05 9.99101E-05 9.99101E-05 9.99101E-05 9.99101E-05 0.999001 9.99101E-05 9.99101E-05 9.99101E-05 9.99101E-05
0.0184068 0.00208699 0.00197748 0.0221707 0.0179625 0.00243361 0.0165169 0.782304 0.0524306 0.0515618 0.0321487
9.99191E-05 9.99191E-05 9.99191E-05 9.99191E-05 0.998358 9.99191E-05 9.99191E-05 9.99191E-05 0.000742744 9.99191E-05 9.99191E-05
9.99101E-05 9.99101E-05 9.99101E-05 9.99101E-05 0.999001 9.99101E-05 9.99101E-05 9.99101E-05 9.99101E-05 9.99101E-05 9.99101E-05
9.99101E-05 9.99101E-05 9.99101E-05 9.99101E-05 9.99101E-05 9.99101E-05 9.99101E-05 9.99101E-05 9.99101E-05 9.99101E-05 0.999001
0.0182771 0.0252788 0.0445114 0.0367597 0.0327812 0.0190883 0.0357358 0.085219 0.0780703 0.0529409 0.571338
0.843238 0.0129386 0.0047135 0.0063789 0.00817657 0.012946 0.015184 0.0456902 0.0105349 0.0190992 0.0210999
9.99101E-05 0.999001 9.99101E-05 9.99101E-05 9.99101E-05 9.99101E-05 9.99101E-05 9.99101E-05 9.99101E-05 9.99101E-05 9.99101E-05
9.99101E-05 9.99101E-05 9.99101E-05 0.999001 9.99101E-05 9.99101E-05 9.99101E-05 9.99101E-05 9.99101E-05 9.99101E-05 9.99101E-05
0.0296721 0.743677 0.0306828 0.00897988 0.0328087 0.0159682 0.021201 0.0233321 0.0293004 0.0266847 0.0376932
9.99101E-05 9.99101E-05 9.99101E-05 9.99101E-05 9.99101E-05 0.999001 9.99101E-05 9.99101E-05 9.99101E-05 9.99101E-05 9.99101E-05
0.0412065 0.0472195 0.0249038 0.0421982 0.0540836 0.0413726 0.0899013 0.131201 0.0908277 0.411694 0.025392
9.99101E-05 9.99101E-05 0.999001 9.99101E-05 9.99101E-05 9.99101E-05 9.99101E-05 9.99101E-05 9.99101E-05 9.99101E-05 9.99101E-05
0.0583148 0.0643062 0.062877 0.0199591 0.0378434 0.0739168 0.0754427 0.142072 0.223866 0.167115 0.0742869
0.0447904 0.0310717 0.0594117 0.0207027 0.0493793 0.0346045 0.100582 0.148726 0.0992969 0.38732 0.0241149
0.040294 0.0181009 0.0283676 0.00511691 0.0360921 0.0244759 0.0184222 0.095085 0.0697679 0.630071 0.0342062
0.0159277 0.0117481 0.0263285 0.00426103 0.0291741 0.0135005 0.0179371 0.0250091 0.0406525 0.792808 0.0226536
0.0331901 0.0312339 0.0252813 0.0435821 0.0409172 0.0481025 0.0306433 0.0582851 0.553059 0.0909595 0.0447461
0.0745096 0.0594831 0.0697597 0.0151863 0.0658179 0.0622685 0.0468587 0.153601 0.200431 0.194924 0.0571609
0.0208555 0.00467795 0.0193988 0.012002 0.0165779 9.9991E-05 0.822252 0.0358844 0.0337262 0.0107537 0.0237713
9.9955E-05 0.00643103 0.0166403 9.9955E-05 0.00241583 0.0200969 9.9955E-05 0.943758 9.9955E-05 9.9955E-05 0.0101587
0.000480971 0.0182335 9.9991E-05 0.00473338 0.00838082 0.00744212 0.935992 0.00131986 0.0109482 0.00691908 0.00545037
9.99101E-05 9.99101E-05 9.99101E-05 9.99101E-05 9.99101E-05 9.99101E-05 9.99101E-05 0.999001 9.99101E-05 9.99101E-05 9.99101E-05
9.9964E-05 0.00355491 9.9964E-05 0.00132817 0.95006 0.0124988 0.00729916 9.9964E-05 0.00945474 9.9964E-05 0.0154046
9.99101E-05 9.99101E-05 9.99101E-05 9.99101E-05 0.999001 9.99101E-05 9.99101E-05 9.99101E-05 9.99101E-05 9.99101E-05 9.99101E-05
9.99101E-05 9.99101E-05 9.99101E-05 9.99101E-05 9.99101E-05 9.99101E-05 9.99101E-05 9.99101E-05 9.99101E-05 9.99101E-05 0.999001
9.9973E-05 0.00598726 0.0143051 9.9973E-05 0.00917317 0.00265756 9.9973E-05 0.0165432 0.0279101 0.00475607 0.918368
0.999001 9.99101E-05 9.99101E-05 9.99101E-05 9.99101E-05 9.99101E-05 9.99101E-05 9.99101E-05 9.99101E-05 9.99101E-05 9.99101E-05
9.99101E-05 0.999001 9.99101E-05 9.99101E-05 9.99101E-05 9.99101E-05 9.99101E-05 9.99101E-05 9.99101E-05 9.99101E-05 9.99101E-05
9.99101E-05 9.99101E-05 9.99101E-05 0.999001 9.99101E-05 9.99101E-05 9.99101E-05 9.99101E-05 9.99101E-05 9.99101E-05 9.99101E-05
9.99101E-05 0.999001 9.99101E-05 9.99101E-05 9.99101E-05 9.99101E-05 9.99101E-05 9.99101E-05 9.99101E-05 9.99101E-05 9.99101E-05
9.99101E-05 9.99101E-05 9.99101E-05 9.99101E-05 9.99101E-05 0.999001 9.99101E-05 9.99101E-05 9.99101E-05 9.99101E-05 9.99101E-05
0.0455226 0.0844186 0.0453777 9.9991E-05 0.0668449 0.0455123 0.0429304 0.169723 0.201522 0.250258 0.0477909
9.99721E-05 0.00732948 0.983439 0.000415657 9.99721E-05 0.00209734 9.99721E-05 9.99721E-05 0.00487228 0.00118686 0.000259713
0.0529888 0.0627742 0.0722424 0.0151945 0.0320401 0.0861927 0.092765 0.118659 0.225727 0.160443 0.0809734
0.0435941 0.0578415 0.0371575 0.0388636 0.0412789 0.0790882 0.093267 0.158096 0.0900631 0.319355 0.041395
0.0431594 0.01368 0.0186458 0.00527661 0.0267781 0.0314924 0.01052 0.10579 0.0680772 0.638409 0.0381717
0.0131643 0.0174282 0.00988577 0.00195848 0.0115879 0.0176824 0.0351577 0.0469931 0.0515567 0.772893 0.0216928
9.9928E-05 9.9928E-05 9.9928E-05 9.9928E-05 9.9928E-05 0.0175142 9.9928E-05 9.9928E-05 0.978939 0.00274779 9.9928E-05
0.054723 0.0897876 0.0538841 0.025305 0.0530625 0.0219376 0.05245 0.175356 0.190164 0.215385 0.0679449
0.0151729 0.00566943 0.0136202 0.0151422 0.0194379 0.00753122 0.810457 0.0388544 0.0294065 0.0132476 0.0314608
9.99101E-05 9.99101E-05 9.99101E-05 9.99101E-05 9.99101E-05 9.99101E-05 9.99101E-05 0.999001 9.99101E-05 9.99101E-05 9.99101E-05
9.99101E-05 9.99101E-05 9.99101E-05 9.99101E-05 9.99101E-05 9.99101E-05 0.999001 9.99101E-05 9.99101E-05 9.99101E-05 9.99101E-05
0.000161521 9.9919E-05 9.9919E-05 9.9919E-05 9.9919E-05 9.9919E-05 9.9919E-05 0.998939 9.9919E-05 9.9919E-05 9.9919E-05
9.9964E-05 9.9964E-05 0.00197945 0.00503874 0.954329 0.0144824 0.0140901 9.9964E-05 0.00474822 9.9964E-05 0.00493272
9.99101E-05 9.99101E-05 9.99101E-05 9.99101E-05 0.999001 9.99101E-05 9.99101E-05 9.99101E-05 9.99101E-05 9.99101E-05 9.99101E-05
9.99101E-05 9.99101E-05 9.99101E-05 9.99101E-05 9.99101E-05 9.99101E-05 9.99101E-05 9.99101E-05 9.99101E-05 9.99101E-05 0.999001
9.99101E-05 9.99101E-05 9.99101E-05 9.99101E-05 9.99101E-05 9.99101E-05 9.99101E-05 9.99101E-05 9.99101E-05 9.99101E-05 0.999001
0.969038 0.00453196 9.9946E-05 0.0021691 9.9946E-05 0.0160816 9.9946E-05 9.9946E-05 9.9946E-05 9.9946E-05 0.00757957
0.00791235 0.977062 0.00567157 0.00295562 9.9964E-05 0.00314138 0.00230772 9.9964E-05 9.9964E-05 9.9964E-05 0.000549694
0.0518238 0.0347382 0.0170739 0.182383 0.0489543 0.316341 0.0606594 0.087061 0.0651272 0.0892669 0.0465716
0.00388728 0.96075 0.0149795 0.00304807 9.9964E-05 0.0041705 9.9964E-05 9.9964E-05 9.9964E-05 0.00572193 0.00704292
9.9964E-05 0.00110953 0.983345 9.9964E-05 0.00597106 0.00133703 0.00438958 0.0010593 9.9964E-05 9.9964E-05 0.00238858
0.0149556 0.0274427 0.0431459 0.0515733 0.064829 0.0294829 0.125883 0.1287 0.108607 0.357223 0.0481581
0.0451162 0.0593701 0.0605123 0.0114636 0.0437447 0.0746824 0.081936 0.147972 0.218981 0.169039 0.0871818
0.0666966 0.0633199 0.0507575 0.0418443 0.0600144 0.0634478 0.0766372 0.138854 0.125673 0.283378 0.0293772
0.0511231 0.0218537 0.0166168 0.0139094 0.0328963 0.0240855 0.00907596 0.0875691 0.0522855 0.660454 0.03013
0.0350628 0.0292276 0.028243 0.031683 0.0333339 0.0177463 0.0358715 0.064173 0.0563383 0.655599 0.0127214
9.99101E-05 9.99101E-05 9.99101E-05 9.99101E-05 9.99101E-05 9.99101E-05 9.99101E-05 9.99101E-05 0.999001 9.99101E-05 9.99101E-05
9.9919E-05 9.9919E-05 9.9919E-05 9.9919E-05 9.9919E-05 0.0264705 9.9919E-05 9.9919E-05 0.97263 9.9919E-05 9.9919E-05
0.0595635 0.0969184 0.0315182 0.0118708 0.0357639 0.0475095 0.0359935 0.152509 0.240994 0.243613 0.0437462
0.0251968 0.00418671 0.00780028 0.0052927 0.0205348 9.9982E-05 0.84634 0.0347558 0.0306068 9.9982E-05 0.0250858
9.99101E-05 9.99101E-05 9.99101E-05 9.99101E-05 9.99101E-05 9.99101E-05 9.99101E-05 0.999001 9.99101E-05 9.99101E-05 9.99101E-05
9.99101E-05 9.99101E-05 9.99101E-05 9.99101E-05 9.99101E-05 9.99101E-05 0.999001 9.99101E-05 9.99101E-05 9.99101E-05 9.99101E-05
0.000554019 0.00468316 9.9937E-05 9.9937E-05 9.9937E-05 9.9937E-05 9.9937E-05 0.977565 9.9937E-05 0.0164979 9.9937E-05
9.9928E-05 9.9928E-05 9.9928E-05 9.9928E-05 0.995764 9.9928E-05 0.00236646 9.9928E-05 0.00107009 9.9928E-05 9.9928E-05
9.9946E-05 0.00573533 0.00519982 9.9946E-05 9.9946E-05 9.9946E-05 9.9946E-05 0.00668464 0.0126746 9.9946E-05 0.969106
0.999001 9.99101E-05 9.99101E-05 9.99101E-05 9.99101E-05 9.99101E-05 9.99101E-05 9.99101E-05 9.99101E-05 9.99101E-05 9.99101E-05
0.496876 0.0316282 0.0233929 0.0246892 0.0509546 0.0155085 0.00930008 0.102991 0.0595593 0.123357 0.0617424
0.0350403 0.0390512 0.0414967 0.172938 0.0567477 0.193544 0.0549383 0.11486 0.100342 0.132747 0.0582948
9.99101E-05 0.999001 9.99101E-05 9.99101E-05 9.99101E-05 9.99101E-05 9.99101E-05 9.99101E-05 9.99101E-05 9.99101E-05 9.99101E-05
9.99101E-05 9.99101E-05 9.99101E-05 0.999001 9.99101E-05 9.99101E-05 9.99101E-05 9.99101E-05 9.99101E-05 9.99101E-05 9.99101E-05
0.0141562 0.849925 0.0141337 0.0227759 0.0128689 0.0150035 0.00314986 9.9991E-05 0.0225307 0.0267768 0.0185801
9.99101E-05 9.99101E-05 0.999001 9.99101E-05 9.99101E-05 9.99101E-05 9.99101E-05 9.99101E-05 9.99101E-05 9.99101E-05 9.99101E-05
0.0495396 0.0444291 0.0429265 0.0335492 0.0467802 0.0400865 0.12659 0.145227 0.0968145 0.318032 0.0560255
0.0512201 0.0638436 0.0642356 0.0507411 0.0543873 0.0548556 0.0935094 0.152209 0.181207 0.152985 0.0808057
0.0533979 0.0700733 0.0408097 0.0417898 0.0644263 0.0175594 0.0814394 0.151662 0.128511 0.30105 0.0492818
0.0390651 0.0202115 0.019262 0.0377787 0.00258278 9.9991E-05 0.0472506 0.0633699 0.0513924 0.714266 0.00472108
0.00627671 0.0101714 0.0212845 0.0229454 0.0282695 0.0120683 0.000469277 9.9991E-05 0.000205472 0.8981 0.000109227
9.99101E-05 9.99101E-05 9.99101E-05 9.99101E-05 9.99101E-05 9.99101E-05 9.99101E-05 9.99101E-05 0.999001 9.99101E-05 9.99101E-05
0.0202825 0.0119683 0.0101704 0.0140421 0.0344671 0.0179868 0.0269302 0.0264451 0.785869 0.0287911 0.0230471
0.0503764 0.0784661 0.0382427 0.00871312 0.0287146 0.0537064 0.0444551 0.170786 0.249761 0.2418 0.0349794
0.0235625 0.0173226 0.032521 0.0106634 0.0246911 9.9991E-05 0.795964 0.0215468 0.028542 0.0227931 0.0222938
9.99101E-05 9.99101E-05 9.99101E-05 9.99101E-05 9.99101E-05 9.99101E-05 9.99101E-05 0.999001 9.99101E-05 9.99101E-05 9.99101E-05
9.99101E-05 9.99101E-05 9.99101E-05 9.99101E-05 9.99101E-05 9.99101E-05 0.999001 9.99101E-05 9.99101E-05 9.99101E-05 9.99101E-05
9.99101E-05 9.99101E-05 9.99101E-05 9.99101E-05 0.999001 9.99101E-05 9.99101E-05 9.99101E-05 9.99101E-05 9.99101E-05 9.99101E-05
