9.994E-05 9.994E-05 9.994E-05 9.994E-05 9.994E-05 9.994E-05 0.9993 9.994E-05
0.00628377 0.0020163 0.953482 9.9982E-05 9.9982E-05 0.0169679 0.00104226 0.0200075
0.00102969 9.9982E-05 0.942377 0.00435745 9.9982E-05 0.039908 0.00247505 0.00965301
9.994E-05 0.9993 9.994E-05 9.994E-05 9.994E-05 9.994E-05 9.994E-05 9.994E-05
9.994E-05 0.9993 9.994E-05 9.994E-05 9.994E-05 9.994E-05 9.994E-05 9.994E-05
0.0526318 0.0354519 0.0551668 0.0321344 0.394905 0.323327 0.0662856 0.0400976
0.9993 9.994E-05 9.994E-05 9.994E-05 9.994E-05 9.994E-05 9.994E-05 9.994E-05
9.994E-05 9.994E-05 9.994E-05 9.994E-05 0.9993 9.994E-05 9.994E-05 9.994E-05
0.0486577 0.0298445 0.0329388 0.0808741 0.0482837 0.68551 0.0602115 0.0136797
0.00621571 9.9973E-05 0.00446007 0.00241185 9.9973E-05 9.9973E-05 0.000378839 0.986234
0.0557122 0.0612564 0.065594 0.084222 0.0666965 0.554611 0.0615347 0.0503732
0.0663433 0.0425212 0.0861586 0.0981077 0.0696465 0.533145 0.0465122 0.0575655
0.0151934 0.00597075 9.9973E-05 9.9973E-05 0.000994996 0.96368 0.0138606 9.9973E-05
9.994E-05 9.994E-05 9.994E-05 9.994E-05 9.994E-05 0.9993 9.994E-05 9.994E-05
0.533133 0.015536 0.021947 9.9991E-05 0.0177375 0.379011 0.00747706 0.0250581
0.00223655 0.0103181 0.0358989 0.0226317 0.0461659 0.834921 9.9991E-05 0.0477279
0.0101328 0.020168 0.0617152 0.0155943 0.0408785 0.810482 9.9991E-05 0.0409292
0.0755703 0.0546353 0.0635286 0.047483 0.0592887 0.613927 0.0505937 0.0349732
0.0118093 0.021201 0.0373413 0.799287 0.00547821 0.0705222 0.0238757 0.0304849
0.0217314 0.0217754 0.0403872 0.045533 0.03702 0.790679 0.0317214 0.0111529
9.9955E-05 9.9955E-05 0.0101456 0.987904 9.9955E-05 0.00145048 9.9955E-05 9.9955E-05
9.9973E-05 0.0114274 0.000789691 0.0103771 0.0165411 0.960565 9.9973E-05 9.9973E-05
0.00623562 0.00258808 0.00750003 0.000621183 9.9982E-05 0.0608662 0.921989 9.9982E-05
9.994E-05 9.994E-05 0.9993 9.994E-05 9.994E-05 9.994E-05 9.994E-05 9.994E-05
0.0160321 0.00701414 0.915587 9.9982E-05 9.9982E-05 0.030594 0.0118652 0.0187076
9.994E-05 0.9993 9.994E-05 9.994E-05 9.994E-05 9.994E-05 9.994E-05 9.994E-05
0.9993 9.994E-05 9.994E-05 9.994E-05 9.994E-05 9.994E-05 9.994E-05 9.994E-05
9.994E-05 9.994E-05 9.994E-05 9.994E-05 0.9993 9.994E-05 9.994E-05 9.994E-05
0.923117 0.00586132 0.00797603 0.00357262 9.9991E-05 0.0345431 0.0105958 0.0142337
9.994E-05 9.994E-05 9.994E-05 9.994E-05 0.9993 9.994E-05 9.994E-05 9.994E-05
0.022021 0.0147385 0.00745745 0.0843423 0.0661087 0.755891 0.0441982 0.00524252
9.994E-05 9.994E-05 9.994E-05 9.994E-05 9.994E-05 9.994E-05 9.994E-05 0.9993
0.0881147 0.0728909 0.0830571 0.0831465 0.0818144 0.443255 0.0828313 0.0648902
0.0227391 0.00567548 9.9973E-05 9.9973E-05 0.014531 0.944423 0.0123315 9.9973E-05
0.00937413 9.9946E-05 9.9946E-05 9.9946E-05 9.9946E-05 0.990026 9.9946E-05 9.9946E-05
0.0405089 0.0285038 0.0512201 0.0609327 0.0311482 0.694576 0.0511282 0.0419823
9.9982E-05 0.0102846 0.0299298 0.0254677 0.0371025 0.852955 9.9982E-05 0.04406
0.0495506 0.0443218 0.0301594 0.0634879 0.0814004 0.653466 0.025306 0.0523082
0.00164048 0.00592137 0.0122582 0.0153121 0.0143506 0.926999 0.00966763 0.0138506
9.994E-05 9.994E-05 9.994E-05 0.9993 9.994E-05 9.994E-05 9.994E-05 9.994E-05
0.013865 0.0290917 0.0442549 0.0469047 0.0343276 0.778082 0.0407292 0.0127449
9.994E-05 9.994E-05 9.994E-05 9.994E-05 9.994E-05 9.994E-05 0.9993 9.994E-05
0.00312326 0.0106816 9.9964E-05 9.9964E-05 9.9964E-05 0.0414029 0.944392 9.9964E-05
9.994E-05 9.994E-05 0.9993 9.994E-05 9.994E-05 9.994E-05 9.994E-05 9.994E-05
0.0107036 0.00139072 0.873722 0.00924225 0.0205636 0.0501407 0.0118851 0.0223515
9.994E-05 0.9993 9.994E-05 9.994E-05 9.994E-05 9.994E-05 9.994E-05 9.994E-05
0.9993 9.994E-05 9.994E-05 9.994E-05 9.994E-05 9.994E-05 9.994E-05 9.994E-05
0.0146859 0.00920177 0.0226813 9.9991E-05 0.568414 0.323523 0.0293639 0.0320301
0.9993 9.994E-05 9.994E-05 9.994E-05 9.994E-05 9.994E-05 9.994E-05 9.994E-05
0.0226698 0.00917808 0.015454 9.9991E-05 0.587267 0.299238 0.0329036 0.0331898
0.0411227 0.0176962 0.0110813 0.0771911 0.0649446 0.725067 0.0460672 0.0168301
0.00131873 0.00571223 0.00162197 9.9982E-05 0.00522949 9.9982E-05 0.0041627 0.981755
0.0444676 0.0459137 0.0473075 0.105079 0.0667579 0.609243 0.0450422 0.0361895
0.0227437 0.0112134 0.00205203 0.000810507 0.0167398 0.93098 0.0153609 9.9991E-05
0.0108696 9.9973E-05 0.00471274 0.00743942 9.9973E-05 0.961489 0.0151891 9.9973E-05
0.061115 0.0569359 0.0535625 0.0435524 0.050231 0.608517 0.0695349 0.0565511
9.9982E-05 0.00994043 0.0302429 0.033323 0.046746 0.839663 9.9982E-05 0.0398844
0.0463863 0.032111 0.0656355 0.390295 0.0459004 0.336593 0.0436127 0.0394665
0.0082765 0.0206622 0.0266079 0.0225772 0.020849 0.869793 0.0131594 0.0180746
9.994E-05 9.994E-05 9.994E-05 0.9993 9.994E-05 9.994E-05 9.994E-05 9.994E-05
9.9946E-05 9.9946E-05 9.9946E-05 9.9946E-05 9.9946E-05 0.992953 9.9946E-05 0.00644736
9.9964E-05 9.9964E-05 0.00631247 0.0106677 0.00218135 9.9964E-05 0.980439 9.9964E-05
0.0122168 0.00811494 9.9973E-05 9.9973E-05 9.9973E-05 0.019539 0.956402 0.00342689
9.994E-05 9.994E-05 0.9993 9.994E-05 9.994E-05 9.994E-05 9.994E-05 9.994E-05
0.0208954 0.0294684 0.559029 0.0402135 0.0605917 0.218109 0.0411424 0.0305506
9.9982E-05 0.971395 0.00159531 0.00484643 0.0100364 0.004461 0.00746561 9.9982E-05
0.973647 0.0044639 0.00272452 0.00759812 0.00680313 0.000229872 0.00443322 9.9991E-05
9.9964E-05 9.9964E-05 0.000589811 0.0126686 0.981782 9.9964E-05 0.0045599 9.9964E-05
0.841408 0.0145517 0.0134189 0.02114 0.0218178 0.0647396 0.0119629 0.0109611
0.0208325 0.000288157 0.00891166 0.00102452 0.617211 0.299149 0.0208219 0.0317621
0.0474881 0.0298541 0.0238442 0.0891421 0.0679908 0.651804 0.0539104 0.0359664
9.994E-05 9.994E-05 9.994E-05 9.994E-05 9.994E-05 9.994E-05 9.994E-05 0.9993
0.0334162 0.0499884 0.0448586 0.107028 0.0402699 0.622712 0.0531591 0.048568
0.0531712 0.0323956 0.0162377 0.0329333 0.0378739 0.779363 0.031051 0.0169747
9.994E-05 9.994E-05 9.994E-05 9.994E-05 9.994E-05 0.9993 9.994E-05 9.994E-05
9.9982E-05 0.0253552 0.0641677 0.0111418 0.0398144 0.813459 9.9982E-05 0.0458617
0.0593564 0.0699747 0.0692169 0.042653 0.0284327 0.615425 0.0564892 0.0584519
0.0547936 0.0389471 0.0737862 0.349311 0.0503854 0.331029 0.0595187 0.042229
0.00495514 0.0139219 0.0158627 0.00610205 0.0112887 0.934821 0.0129482 9.9991E-05
9.994E-05 9.994E-05 9.994E-05 0.9993 9.994E-05 9.994E-05 9.994E-05 9.994E-05
0.000744461 0.0127163 0.0321374 0.0253134 0.0291189 0.882416 0.010764 0.00678998
9.9955E-05 9.9955E-05 9.9955E-05 0.000467874 0.00114391 9.9955E-05 0.997888 9.9955E-05
9.994E-05 9.994E-05 9.994E-05 9.994E-05 9.994E-05 9.994E-05 0.9993 9.994E-05
9.994E-05 9.994E-05 0.9993 9.994E-05 9.994E-05 9.994E-05 9.994E-05 9.994E-05
0.0307764 0.0293519 0.557492 0.0413594 0.0509016 0.21585 0.0316871 0.042582
0.0314432 0.844704 0.013138 0.0122937 0.0155215 0.0694625 0.00219805 0.0112388
0.9993 9.994E-05 9.994E-05 9.994E-05 9.994E-05 9.994E-05 9.994E-05 9.994E-05
9.994E-05 9.994E-05 9.994E-05 9.994E-05 0.9993 9.994E-05 9.994E-05 9.994E-05
0.746834 0.0240811 0.0446187 0.0197852 0.0233654 0.0833616 0.02714 0.0308138
0.0106758 0.0067152 0.0105902 9.9991E-05 0.62573 0.292984 0.0238958 0.029309
0.0445622 0.0221066 0.010571 0.0899467 0.0556722 0.704772 0.0588338 0.013536
9.994E-05 9.994E-05 9.994E-05 9.994E-05 9.994E-05 9.994E-05 9.994E-05 0.9993
0.0550704 0.0477883 0.0815647 0.074851 0.055744 0.576589 0.0472351 0.061157
0.030307 0.0335847 0.0218928 0.099985 0.0432657 0.691394 0.0414718 0.0380994
0.0235926 0.0377351 0.0442319 0.0287549 0.00900057 0.804196 0.0290421 0.0234472
0.0383047 0.0265728 0.00872529 0.0172231 0.00987972 0.84733 0.0298831 0.022081
0.0320779 0.0471764 0.0766717 0.0410016 0.085936 0.63656 0.0235754 0.0570007
0.0553377 0.0718274 0.0602616 0.0428835 0.0375897 0.628497 0.0457757 0.0578279
0.00105601 0.02439 0.024256 0.832764 9.99924E-05 0.0739879 0.0245499 0.0188965
0.00613397 0.00393942 0.0147305 9.9991E-05 0.00789919 0.943113 0.0133823 0.0107019
0.0164741 0.00203026 0.00464407 0.932451 0.00595312 0.0165635 0.0138188 0.00806505
9.9946E-05 0.0115998 9.9946E-05 9.9946E-05 9.9946E-05 0.987801 9.9946E-05 9.9946E-05
0.00394054 9.9982E-05 0.0220117 0.00649921 0.00873809 9.9982E-05 0.955449 0.00316114
9.994E-05 9.994E-05 9.994E-05 9.994E-05 9.994E-05 9.994E-05 0.9993 9.994E-05
9.994E-05 9.994E-05 0.9993 9.994E-05 9.994E-05 9.994E-05 9.994E-05 9.994E-05
0.00642396 0.0103784 0.896375 0.00399165 0.00915743 0.049664 0.00890896 0.0151006
9.9946E-05 0.994485 9.9946E-05 9.9946E-05 9.9946E-05 9.9946E-05 0.00491507 9.9946E-05
0.9993 9.994E-05 9.994E-05 9.994E-05 9.994E-05 9.994E-05 9.994E-05 9.994E-05
9.994E-05 9.994E-05 9.994E-05 9.994E-05 0.9993 9.994E-05 9.994E-05 9.994E-05
0.9993 9.994E-05 9.994E-05 9.994E-05 9.994E-05 9.994E-05 9.994E-05 9.994E-05
0.0139732 0.00544608 0.00684391 9.9991E-05 0.627651 0.290589 0.017618 0.0377789
0.0824151 0.0420188 0.0414568 0.0402337 0.0166666 0.677534 0.0478388 0.0518363
0.00436995 0.00082083 0.00551101 9.99824E-05 0.0138643 9.99824E-05 0.000175342 0.975059
0.0575651 0.051374 0.0919625 0.0965849 0.0673963 0.531919 0.0381303 0.0650677
0.0562601 0.0422747 0.0490996 0.100771 0.0796632 0.598802 0.0473285 0.0258009
0.019572 0.0383136 0.0403159 0.014952 0.0180055 0.822986 0.033517 0.0123383
0.0417691 0.0194384 0.0129136 0.0458658 0.0189306 0.850176 0.010806 9.9991E-05
9.9982E-05 0.0229451 0.0467824 0.00285088 0.0451483 0.831301 9.9982E-05 0.050772
0.0761007 0.0471067 0.0674931 0.0536605 0.0448572 0.607198 0.0531342 0.0504498
0.00309097 0.0215007 0.0273983 0.820719 0.00623021 0.0707681 0.0276245 0.0226681
9.9946E-05 9.9946E-05 0.0134455 9.9946E-05 9.9946E-05 0.985955 9.9946E-05 9.9946E-05
9.994E-05 9.994E-05 9.994E-05 0.9993 9.994E-05 9.994E-05 9.994E-05 9.994E-05
9.994E-05 9.994E-05 9.994E-05 9.994E-05 9.994E-05 0.9993 9.994E-05 9.994E-05
9.9982E-05 0.00052916 0.00987124 0.00962394 0.00967371 9.9982E-05 0.959939 0.0101634
9.9946E-05 0.00181507 9.9946E-05 9.9946E-05 9.9946E-05 9.9946E-05 0.997585 9.9946E-05
9.994E-05 9.994E-05 0.9993 9.994E-05 9.994E-05 9.994E-05 9.994E-05 9.994E-05
9.994E-05 9.994E-05 0.9993 9.994E-05 9.994E-05 9.994E-05 9.994E-05 9.994E-05
0.00366934 0.965399 0.0145106 0.00584141 0.00932376 0.00105609 9.9982E-05 9.9982E-05
0.964694 0.0138337 9.9982E-05 9.9982E-05 0.00905043 0.00236389 0.00341471 0.00644344
0.0407201 0.0440695 0.0547283 0.0541845 0.383477 0.354403 0.0451243 0.0232938
0.966943 0.000140838 0.00314176 9.9982E-05 0.00511717 0.0125477 9.9982E-05 0.0119095
9.9955E-05 9.9955E-05 9.9955E-05 9.9955E-05 0.00219581 9.9955E-05 0.00525658 0.992048
0.0249585 0.0164495 0.0432166 0.1332 0.0715048 0.618767 0.0625246 0.0293791
0.0616627 0.0577158 0.0867578 0.0853392 0.0528035 0.535101 0.0442095 0.0764106
0.0645372 0.0617332 0.0291957 0.0818517 0.0893313 0.555132 0.0775031 0.0407162
0.0211125 0.0341243 0.0297604 0.00318423 0.0213116 0.838065 0.0323977 0.0200446
0.0549607 0.0270757 0.00350501 0.0412279 0.0452893 0.77694 0.0350848 0.0159163
9.9982E-05 0.00779054 0.0270172 0.0328174 0.0449132 0.838059 9.9982E-05 0.0492023
0.000347785 0.0150383 0.0424324 0.0146193 0.0370018 0.848499 9.9991E-05 0.041962
0.0875195 0.0493103 0.0416327 0.0337881 0.0271241 0.685415 0.0303757 0.0448346
0.00373957 0.0235324 0.0266258 0.857455 0.00710606 0.0541243 0.0156554 0.0117616
9.994E-05 9.994E-05 9.994E-05 9.994E-05 9.994E-05 0.9993 9.994E-05 9.994E-05
9.994E-05 9.994E-05 9.994E-05 0.9993 9.994E-05 9.994E-05 9.994E-05 9.994E-05
9.9946E-05 0.0106437 9.9946E-05 9.9946E-05 9.9946E-05 0.988757 9.9946E-05 9.9946E-05
9.9946E-05 9.9946E-05 9.9946E-05 0.00770737 9.9946E-05 9.9946E-05 0.991693 9.9946E-05
9.9973E-05 0.000627848 0.957675 9.9973E-05 9.9973E-05 0.0193826 0.0116087 0.0104063
9.994E-05 0.9993 9.994E-05 9.994E-05 9.994E-05 9.994E-05 9.994E-05 9.994E-05
0.0440562 0.488503 0.0577603 0.0130092 0.0365196 0.288874 0.0523116 0.0189664
0.0376438 0.0305819 0.0660593 0.0466077 0.292071 0.419434 0.0598343 0.0477672
0.9993 9.994E-05 9.994E-05 9.994E-05 9.994E-05 9.994E-05 9.994E-05 9.994E-05
9.994E-05 9.994E-05 9.994E-05 9.994E-05 0.9993 9.994E-05 9.994E-05 9.994E-05
0.865297 0.0206075 0.0268653 0.0108158 0.0138534 0.0170852 0.0263256 0.01915
9.994E-05 9.994E-05 9.994E-05 9.994E-05 9.994E-05 9.994E-05 9.994E-05 0.9993
0.0449611 0.0473321 0.0594382 0.115967 0.0517823 0.595416 0.0493123 0.0357916
0.0663062 0.0449205 0.0852166 0.0905558 0.0762062 0.51555 0.0541487 0.0670962
0.0649506 0.0378015 0.0409356 0.0812819 0.0639973 0.606159 0.0620347 0.042839
0.023697 0.035449 0.0063818 0.0497761 0.0347311 0.82938 0.00999383 0.0105914
0.0333811 9.9991E-05 0.00240891 0.0110415 0.0312759 0.876746 0.0263411 0.0187056
9.9982E-05 0.0122724 0.0405847 0.0180678 0.0404148 0.844178 9.9982E-05 0.044282
0.0152387 0.0385421 0.0640648 0.041031 0.044218 0.724897 0.0196866 0.0523214
0.0683262 0.0492285 0.0377687 0.0375599 0.0319818 0.699823 0.0279144 0.047397
0.00520036 0.0225397 0.0378413 0.798557 0.0206911 0.0783379 0.0193476 0.017485
9.9946E-05 9.9946E-05 0.0112751 9.9946E-05 9.9946E-05 0.988125 9.9946E-05 9.9946E-05
9.994E-05 9.994E-05 9.994E-05 0.9993 9.994E-05 9.994E-05 9.994E-05 9.994E-05
9.994E-05 9.994E-05 9.994E-05 9.994E-05 9.994E-05 9.994E-05 0.9993 9.994E-05
