9.99201E-05 9.99201E-05 9.99201E-05 9.99201E-05 9.99201E-05 9.99201E-05 9.99201E-05 9.99201E-05 0.999101 9.99201E-05
0.01251 0.960016 0.0107758 0.00850723 9.9964E-05 0.00376367 9.9964E-05 9.9964E-05 0.00402704 9.9964E-05
9.9964E-05 0.945793 0.0133252 0.0127347 0.00224447 0.0209864 9.9964E-05 9.9964E-05 0.00451616 9.9964E-05
9.99201E-05 9.99201E-05 9.99201E-05 9.99201E-05 9.99201E-05 9.99201E-05 0.999101 9.99201E-05 9.99201E-05 9.99201E-05
9.99201E-05 9.99201E-05 9.99201E-05 9.99201E-05 9.99201E-05 9.99201E-05 0.999101 9.99201E-05 9.99201E-05 9.99201E-05
0.0608565 0.0636978 0.0434982 0.044628 0.0337525 0.244415 0.0352512 0.31994 0.0642531 0.089707
0.999101 9.99201E-05 9.99201E-05 9.99201E-05 9.99201E-05 9.99201E-05 9.99201E-05 9.99201E-05 9.99201E-05 9.99201E-05
9.99201E-05 9.99201E-05 9.99201E-05 9.99201E-05 9.99201E-05 9.99201E-05 9.99201E-05 0.999101 9.99201E-05 9.99201E-05
0.0506467 0.0367383 0.0161973 0.0369687 0.0851037 0.60458 0.0305911 0.0297013 0.0648181 0.0446545
0.00528005 0.0183286 0.973654 9.9946E-05 9.9946E-05 9.9946E-05 0.00213751 9.9946E-05 9.9946E-05 9.9946E-05
0.049066 0.0578907 0.0507592 0.0528883 0.10098 0.458803 0.0692178 0.0273052 0.0639144 0.0691755
0.0719453 0.0884149 0.0708481 0.0824725 0.0885489 0.38359 0.0494134 0.0433098 0.0472668 0.0741905
0.0277623 9.9973E-05 9.9973E-05 0.00399436 9.9973E-05 0.935579 0.00144047 0.00804503 0.0160249 0.00685377
9.99201E-05 9.99201E-05 9.99201E-05 9.99201E-05 9.99201E-05 0.999101 9.99201E-05 9.99201E-05 9.99201E-05 9.99201E-05
0.538726 0.0286929 0.0346665 0.0559508 0.0010852 0.27259 0.0133168 9.9991E-05 0.00718396 0.0476871
9.99201E-05 9.99201E-05 9.99201E-05 0.999101 9.99201E-05 9.99201E-05 9.99201E-05 9.99201E-05 9.99201E-05 9.99201E-05
0.0180084 0.0716645 0.057036 0.214516 0.0248364 0.473188 0.0287627 0.00600798 0.00524882 0.100731
0.0893647 0.0673653 0.0352171 0.0764514 0.05741 0.485053 0.0647955 0.0202463 0.0519631 0.0521334
0.00686882 0.0397555 0.0247578 0.0195134 0.7959 0.0491627 0.0184506 0.0127655 0.0293093 0.00351671
0.0188034 0.0363376 0.0207428 0.0179722 0.0439542 0.760511 0.0370119 0.0149992 0.0319569 0.0177105
0.00290388 0.000708874 0.00174792 9.99646E-05 0.990367 0.00278582 9.99646E-05 0.00108679 9.99646E-05 9.99646E-05
9.9955E-05 0.00152213 9.9955E-05 9.9955E-05 9.9955E-05 0.96468 0.0156111 0.0130205 0.00466695 9.9955E-05
0.0147152 0.00146134 0.00146201 9.9982E-05 9.9982E-05 0.0569604 0.00156051 0.00574024 0.914673 0.00322733
9.99201E-05 0.999101 9.99201E-05 9.99201E-05 9.99201E-05 9.99201E-05 9.99201E-05 9.99201E-05 9.99201E-05 9.99201E-05
0.0141928 0.92334 0.0139764 0.0165559 9.9973E-05 0.0208 9.9973E-05 0.000709488 0.0101254 9.9973E-05
9.99201E-05 9.99201E-05 9.99201E-05 9.99201E-05 9.99201E-05 9.99201E-05 0.999101 9.99201E-05 9.99201E-05 9.99201E-05
0.999101 9.99201E-05 9.99201E-05 9.99201E-05 9.99201E-05 9.99201E-05 9.99201E-05 9.99201E-05 9.99201E-05 9.99201E-05
9.99201E-05 9.99201E-05 9.99201E-05 9.99201E-05 9.99201E-05 9.99201E-05 9.99201E-05 0.999101 9.99201E-05 9.99201E-05
0.938712 0.0138032 0.010247 0.00977658 9.9991E-05 0.00963984 0.00224272 0.000493731 0.00715436 0.00783086
0.00663201 0.000733127 0.000938225 0.00320854 0.003167 9.9982E-05 0.00371257 0.974033 0.00737572 9.9982E-05
0.0433487 0.0171273 9.9991E-05 0.0356047 0.102072 0.636144 0.0352231 0.030715 0.0479999 0.051665
9.99201E-05 9.99201E-05 0.999101 9.99201E-05 9.99201E-05 9.99201E-05 9.99201E-05 9.99201E-05 9.99201E-05 9.99201E-05
0.0842024 0.0827785 0.0551081 0.0583301 0.0834991 0.367504 0.0697847 0.0567355 0.0885062 0.0535513
0.0211251 9.9964E-05 9.9964E-05 9.9964E-05 9.9964E-05 0.950586 0.00281983 0.00833356 0.00558707 0.011149
9.99201E-05 9.99201E-05 9.99201E-05 9.99201E-05 9.99201E-05 0.999101 9.99201E-05 9.99201E-05 9.99201E-05 9.99201E-05
0.0507883 0.0431685 0.0514565 0.116399 0.0495017 0.550744 0.0311338 0.012613 0.0538812 0.0403143
9.99201E-05 9.99201E-05 9.99201E-05 0.999101 9.99201E-05 9.99201E-05 9.99201E-05 9.99201E-05 9.99201E-05 9.99201E-05
0.0411054 0.0299946 0.0504819 0.149248 0.0663468 0.454842 0.0562517 0.0415195 0.0319689 0.0782415
9.9973E-05 0.011262 0.0125069 9.9973E-05 9.9973E-05 0.963497 0.00420687 0.00244436 0.00198792 0.003795
9.99201E-05 9.99201E-05 9.99201E-05 9.99201E-05 0.999101 9.99201E-05 9.99201E-05 9.99201E-05 9.99201E-05 9.99201E-05
0.0189162 0.0351269 0.0117962 0.017441 0.0394889 0.789597 0.0212135 0.0102085 0.0397273 0.0164849
9.99201E-05 9.99201E-05 9.99201E-05 9.99201E-05 9.99201E-05 9.99201E-05 9.99201E-05 9.99201E-05 0.999101 9.99201E-05
0.00111723 9.9946E-05 9.9946E-05 9.9946E-05 9.9946E-05 0.0421094 0.0102431 9.9946E-05 0.945931 9.9946E-05
9.99201E-05 0.999101 9.99201E-05 9.99201E-05 9.99201E-05 9.99201E-05 9.99201E-05 9.99201E-05 9.99201E-05 9.99201E-05
0.00956928 0.871106 0.014301 0.0185064 9.9991E-05 0.0488881 0.000657452 0.00409881 0.0135934 0.0191797
9.99201E-05 9.99201E-05 9.99201E-05 9.99201E-05 9.99201E-05 9.99201E-05 0.999101 9.99201E-05 9.99201E-05 9.99201E-05
0.999101 9.99226E-05 9.99226E-05 9.99226E-05 9.99226E-05 9.99226E-05 9.99226E-05 9.99226E-05 9.99226E-05 9.99226E-05
9.99369E-05 9.99369E-05 9.99369E-05 9.99369E-05 0.0098784 9.99369E-05 0.00279883 9.99369E-05 9.99369E-05 0.986623
0.999101 9.99201E-05 9.99201E-05 9.99201E-05 9.99201E-05 9.99201E-05 9.99201E-05 9.99201E-05 9.99201E-05 9.99201E-05
9.99201E-05 9.99201E-05 9.99201E-05 9.99201E-05 9.99201E-05 9.99201E-05 9.99201E-05 9.99201E-05 9.99201E-05 0.999101
0.0576624 0.0293852 0.0209123 0.0498786 0.0833562 0.597111 0.02699 0.0305939 0.0599183 0.044192
0.000967403 9.9955E-05 0.983834 0.00222164 9.9955E-05 9.9955E-05 0.00360041 0.00887657 9.9955E-05 9.9955E-05
0.0580026 0.0442462 0.0411325 0.0234377 0.102241 0.544931 0.047964 0.0354635 0.0515721 0.0510098
0.0207466 0.000653663 0.00272428 9.9982E-05 9.9982E-05 0.921944 0.0096638 0.0103841 0.0149464 0.0187374
9.9946E-05 9.9946E-05 9.9946E-05 9.9946E-05 0.0134998 0.96118 9.9946E-05 9.9946E-05 0.00958664 0.015134
0.0649405 0.0643704 0.0670189 0.0849967 0.0440274 0.448681 0.0695223 0.0208557 0.0618371 0.0737503
9.99201E-05 9.99201E-05 9.99201E-05 0.999101 9.99201E-05 9.99201E-05 9.99201E-05 9.99201E-05 9.99201E-05 9.99201E-05
0.0335379 0.0604773 0.0415939 0.0284591 0.402021 0.304663 0.0420466 0.0306339 0.0329336 0.0236336
0.0177565 0.0394084 0.0152554 9.9991E-05 0.028193 0.848808 0.0165521 0.0192254 0.00634805 0.00835359
9.99201E-05 9.99201E-05 9.99201E-05 9.99201E-05 0.999101 9.99201E-05 9.99201E-05 9.99201E-05 9.99201E-05 9.99201E-05
9.99201E-05 9.99201E-05 9.99201E-05 9.99201E-05 9.99201E-05 0.999101 9.99201E-05 9.99201E-05 9.99201E-05 9.99201E-05
9.9937E-05 0.00528745 9.9937E-05 9.9937E-05 0.00714277 9.9937E-05 9.9937E-05 9.9937E-05 0.98687 9.9937E-05
0.00206994 9.9955E-05 0.00396797 9.9955E-05 9.9955E-05 0.0246266 0.0149349 9.9955E-05 0.953901 9.9955E-05
9.99201E-05 0.999101 9.99201E-05 9.99201E-05 9.99201E-05 9.99201E-05 9.99201E-05 9.99201E-05 9.99201E-05 9.99201E-05
0.0258877 0.563542 0.0326227 0.0435614 0.0364144 0.181358 0.0186987 0.036727 0.0276864 0.0335017
9.9973E-05 9.9973E-05 0.00646296 0.00440811 0.00672159 0.00335161 0.963785 0.00849478 0.0064758 9.9973E-05
0.970842 9.9973E-05 0.00138714 0.00289589 0.00176634 9.9973E-05 9.9973E-05 0.0038694 0.0110459 0.0078935
9.9982E-05 0.0136515 0.0067968 0.0010312 0.0133736 0.00532902 0.00659605 0.940118 0.0129037 9.9982E-05
0.843887 0.01927 0.0202037 0.00644416 0.0112618 0.052153 0.00624736 0.0185449 0.0154482 0.00654014
9.99201E-05 9.99201E-05 9.99201E-05 9.99201E-05 9.99201E-05 9.99201E-05 9.99201E-05 9.99201E-05 9.99201E-05 0.999101
0.0478944 0.031263 0.0292828 0.0473068 0.0881544 0.550577 0.0551893 0.0276526 0.0661054 0.0565744
9.99201E-05 9.99201E-05 0.999101 9.99201E-05 9.99201E-05 9.99201E-05 9.99201E-05 9.99201E-05 9.99201E-05 9.99201E-05
0.0497363 0.0503126 0.0521687 0.0328385 0.10328 0.538704 0.0411798 0.0366519 0.0620908 0.0330371
0.0467878 0.0283145 0.00987495 0.0339975 0.037226 0.736523 0.0245743 0.0224836 0.039203 0.0210154
9.99201E-05 9.99201E-05 9.99201E-05 9.99201E-05 9.99201E-05 0.999101 9.99201E-05 9.99201E-05 9.99201E-05 9.99201E-05
0.0120744 0.0595423 0.0496032 0.205816 0.0333464 0.485135 0.0313615 0.0127835 9.9991E-05 0.110238
0.0620635 0.0577168 0.0659634 0.0872767 0.0457153 0.477745 0.0686333 0.0154648 0.0664194 0.0530019
0.0487372 0.0596802 0.0508758 0.0283051 0.352348 0.299264 0.0491816 0.0415884 0.0622123 0.00780731
0.0021284 0.0243839 0.0116994 9.9991E-05 0.016165 0.907857 0.0116394 0.0145236 0.00917041 0.00233275
9.99201E-05 9.99201E-05 9.99201E-05 9.99201E-05 0.999101 9.99201E-05 9.99201E-05 9.99201E-05 9.99201E-05 9.99201E-05
0.0012082 0.0294188 0.0144313 0.0205879 0.0285291 0.852558 0.0106591 0.0146212 0.0211339 0.00685249
9.99201E-05 9.99201E-05 9.99201E-05 9.99201E-05 9.99201E-05 9.99201E-05 9.99201E-05 9.99201E-05 0.999101 9.99201E-05
9.99201E-05 9.99201E-05 9.99201E-05 9.99201E-05 9.99201E-05 9.99201E-05 9.99201E-05 9.99201E-05 0.999101 9.99201E-05
9.99201E-05 0.999101 9.99201E-05 9.99201E-05 9.99201E-05 9.99201E-05 9.99201E-05 9.99201E-05 9.99201E-05 9.99201E-05
0.030828 0.56056 0.0342454 0.0383543 0.0348176 0.171315 0.034285 0.0222788 0.0410546 0.0322608
0.0268685 0.0107473 0.0134036 0.00317015 0.0162195 0.0554712 0.843067 0.0123025 0.0173465 0.00140354
0.999101 9.99201E-05 9.99201E-05 9.99201E-05 9.99201E-05 9.99201E-05 9.99201E-05 9.99201E-05 9.99201E-05 9.99201E-05
9.99201E-05 9.99201E-05 9.99201E-05 9.99201E-05 9.99201E-05 9.99201E-05 9.99201E-05 0.999101 9.99201E-05 9.99201E-05
0.741995 0.0365724 0.0223111 0.0209013 0.025531 0.0735318 0.00550843 0.0205912 0.0324581 0.0206001
9.99201E-05 9.99201E-05 9.99201E-05 9.99201E-05 9.99201E-05 9.99201E-05 9.99201E-05 9.99201E-05 9.99201E-05 0.999101
0.0474766 0.00567305 0.0224486 0.0383181 0.0919457 0.618043 0.0421989 0.0342615 0.0544064 0.045228
9.99201E-05 9.99201E-05 0.999101 9.99201E-05 9.99201E-05 9.99201E-05 9.99201E-05 9.99201E-05 9.99201E-05 9.99201E-05
0.0549511 0.0800083 0.0656263 0.0992018 0.0817876 0.406183 0.0521071 0.0152771 0.0456277 0.0992298
0.0350055 0.0294825 0.0594319 0.0254194 0.0935851 0.604913 0.0396703 0.0288393 0.0492395 0.0344134
0.0296598 0.0352404 0.0220969 0.0425821 0.021279 0.735816 0.0455775 0.00556437 0.0321782 0.030006
0.035539 0.0142392 0.0323499 0.0135976 0.0192351 0.818847 0.0147165 0.0117016 0.0273307 0.0124429
0.0410747 0.0721466 0.059106 0.162641 0.0369512 0.420738 0.0373487 0.039669 0.0359504 0.0943747
0.0603459 0.0648383 0.0747226 0.0818062 0.0479377 0.477767 0.0740828 0.0111529 0.0558206 0.0515264
0.00244318 0.0267951 0.0224866 0.0150026 0.834064 0.0630856 0.0152674 0.00366317 0.0170927 9.9991E-05
0.00195058 0.0115602 0.0153369 9.9982E-05 0.00289248 0.938284 9.9982E-05 0.0117164 0.0150313 0.00302777
0.0113142 0.0215249 0.0120112 0.0072523 0.926903 0.0120739 0.00487316 0.00157464 0.00066878 0.00180355
9.99201E-05 9.99201E-05 9.99201E-05 9.99201E-05 9.99201E-05 0.999101 9.99201E-05 9.99201E-05 9.99201E-05 9.99201E-05
9.9982E-05 0.00606444 0.0108262 0.00519975 0.00985335 9.9982E-05 0.00408624 0.00439261 0.950321 0.00905662
9.99201E-05 9.99201E-05 9.99201E-05 9.99201E-05 9.99201E-05 9.99201E-05 9.99201E-05 9.99201E-05 0.999101 9.99201E-05
9.99201E-05 0.999101 9.99201E-05 9.99201E-05 9.99201E-05 9.99201E-05 9.99201E-05 9.99201E-05 9.99201E-05 9.99201E-05
0.0030606 0.919725 0.0149043 0.0185176 0.0099573 0.0086792 0.0100196 9.9982E-05 0.014937 9.9982E-05
9.99201E-05 9.99201E-05 9.99201E-05 9.99201E-05 9.99201E-05 9.99201E-05 0.999101 9.99201E-05 9.99201E-05 9.99201E-05
0.999101 9.99201E-05 9.99201E-05 9.99201E-05 9.99201E-05 9.99201E-05 9.99201E-05 9.99201E-05 9.99201E-05 9.99201E-05
9.99201E-05 9.99201E-05 9.99201E-05 9.99201E-05 9.99201E-05 9.99201E-05 9.99201E-05 0.999101 9.99201E-05 9.99201E-05
0.999101 9.99201E-05 9.99201E-05 9.99201E-05 9.99201E-05 9.99201E-05 9.99201E-05 9.99201E-05 9.99201E-05 9.99201E-05
9.99201E-05 9.99201E-05 9.99201E-05 9.99201E-05 9.99201E-05 9.99201E-05 9.99201E-05 9.99201E-05 9.99201E-05 0.999101
0.089631 0.0400062 0.05979 0.0946734 0.0434106 0.514876 0.041694 9.9991E-05 0.0593114 0.0565077
0.00819092 0.000726238 0.972688 9.9982E-05 9.9982E-05 0.000850023 0.00224932 0.000196538 0.00866189 0.00623676
0.0557882 0.074241 0.0694169 0.101329 0.0806074 0.413776 0.0490273 0.0167326 0.0446949 0.0943868
0.0561066 0.0420852 0.0336734 0.0326519 0.0884376 0.537751 0.0471493 0.0303927 0.0509609 0.0807909
0.0259503 0.0353806 0.0124043 0.036234 0.010453 0.761292 0.0424756 0.00093825 0.0310694 0.0438028
0.0395995 0.0214916 0.00445164 0.0212484 0.0480118 0.818636 0.00428551 9.9991E-05 0.0166893 0.025486
0.00683582 0.0510879 0.0488381 0.229887 0.0174553 0.503536 0.0263586 0.0065142 9.9991E-05 0.109387
0.0872892 0.0617464 0.0520654 0.0807713 0.0546804 0.466698 0.0649124 0.0245323 0.0564574 0.0508469
9.9991E-05 0.0329015 0.0234179 0.0167111 0.823477 0.0527461 0.0166329 0.00926208 0.0226277 0.0021235
9.9928E-05 0.0115417 9.9928E-05 9.9928E-05 9.9928E-05 0.987659 9.9928E-05 9.9928E-05 9.9928E-05 9.9928E-05
9.99201E-05 9.99201E-05 9.99201E-05 9.99201E-05 0.999101 9.99201E-05 9.99201E-05 9.99201E-05 9.99201E-05 9.99201E-05
9.9928E-05 9.9928E-05 9.9928E-05 9.9928E-05 9.9928E-05 0.997479 0.00172164 9.9928E-05 9.9928E-05 9.9928E-05
0.00317036 0.005741 0.000797001 0.0102464 0.0122077 9.9982E-05 9.9982E-05 0.000310853 0.954285 0.0130421
9.9928E-05 9.9928E-05 9.9928E-05 9.9928E-05 9.9928E-05 0.00469575 9.9928E-05 9.9928E-05 0.994505 9.9928E-05
9.99201E-05 0.999101 9.99201E-05 9.99201E-05 9.99201E-05 9.99201E-05 9.99201E-05 9.99201E-05 9.99201E-05 9.99201E-05
9.99201E-05 0.999101 9.99201E-05 9.99201E-05 9.99201E-05 9.99201E-05 9.99201E-05 9.99201E-05 9.99201E-05 9.99201E-05
0.0120627 0.0109435 0.0012884 0.00510225 9.9973E-05 9.9973E-05 0.966559 9.9973E-05 0.000991381 0.00275272
0.963631 0.00469909 0.00330981 0.00332021 0.00489707 9.9991E-05 0.00235798 0.00618811 0.00439332 0.00710366
0.0360968 0.0487378 0.0115559 0.0341614 0.0547695 0.199655 0.0467101 0.184735 0.0518927 0.331686
0.959581 0.00226995 0.00840348 9.9973E-05 0.00616184 0.0147382 0.00523031 0.00331574 9.9973E-05 9.9973E-05
0.00234792 9.9955E-05 0.990916 9.9955E-05 9.9955E-05 9.9955E-05 9.9955E-05 0.0010534 0.00354514 0.00163816
0.0423338 0.0394268 0.041984 0.0380525 0.141608 0.541656 0.0235419 0.0419145 0.0596548 0.0298272
0.0610662 0.0824136 0.0698885 0.0943335 0.0857533 0.399359 0.0540523 0.0122444 0.0411764 0.0997129
0.0711305 0.0370619 0.0376239 0.0659703 0.0748836 0.464614 0.0632918 0.0474382 0.0732702 0.0647156
0.0230651 0.0282551 0.0165222 0.0374335 0.0108705 0.750292 0.0461552 0.00567515 0.0363763 0.0453553
0.0483798 0.0173291 0.0301185 0.0227927 0.0450699 0.716659 0.0392481 0.0314486 0.0281818 0.0207721
9.99201E-05 9.99201E-05 9.99201E-05 0.999101 9.99201E-05 9.99201E-05 9.99201E-05 9.99201E-05 9.99201E-05 9.99201E-05
0.00814714 0.044993 0.0537866 0.235839 0.0240502 0.482248 0.0211677 0.0104533 9.9991E-05 0.119215
0.0825393 0.0486734 0.0307311 0.130407 0.0450897 0.515696 0.0509568 9.9991E-05 0.0360772 0.0597302
9.9991E-05 0.0279835 0.0261025 0.0136534 0.858586 0.0285431 0.0184764 0.00425134 0.0219907 0.000313322
9.99201E-05 9.99201E-05 9.99201E-05 9.99201E-05 9.99201E-05 0.999101 9.99201E-05 9.99201E-05 9.99201E-05 9.99201E-05
9.99201E-05 9.99201E-05 9.99201E-05 9.99201E-05 0.999101 9.99201E-05 9.99201E-05 9.99201E-05 9.99201E-05 9.99201E-05
9.9928E-05 9.9928E-05 9.9928E-05 9.9928E-05 9.9928E-05 0.996816 0.00238501 9.9928E-05 9.9928E-05 9.9928E-05
9.9946E-05 0.000374221 0.00101476 9.9946E-05 0.00258558 9.9946E-05 9.9946E-05 9.9946E-05 0.995426 9.9946E-05
9.9946E-05 0.969512 0.0108035 0.0183212 9.9946E-05 9.9946E-05 9.9946E-05 9.9946E-05 0.00076379 9.9946E-05
9.99201E-05 9.99201E-05 9.99201E-05 9.99201E-05 9.99201E-05 9.99201E-05 0.999101 9.99201E-05 9.99201E-05 9.99201E-05
0.0499938 0.0721563 0.0215689 0.0243707 0.00672277 0.246869 0.482902 0.0234187 0.0495343 0.0224639
0.0318007 0.0722716 0.0320324 0.0547454 0.0541526 0.29398 0.0318122 0.169264 0.0645583 0.195383
0.999101 9.99201E-05 9.99201E-05 9.99201E-05 9.99201E-05 9.99201E-05 9.99201E-05 9.99201E-05 9.99201E-05 9.99201E-05
9.99201E-05 9.99201E-05 9.99201E-05 9.99201E-05 9.99201E-05 9.99201E-05 9.99201E-05 0.999101 9.99201E-05 9.99201E-05
0.852083 0.0217451 0.0255087 0.00664291 0.0081088 0.0344083 0.0126101 0.00994609 0.0207164 0.00823012
9.99201E-05 9.99201E-05 0.999101 9.99201E-05 9.99201E-05 9.99201E-05 9.99201E-05 9.99201E-05 9.99201E-05 9.99201E-05
0.0384857 0.061276 0.0453321 0.0360545 0.121828 0.52799 0.0503084 0.0306597 0.0455515 0.0425147
0.05986 0.0935891 0.0572188 0.0839907 0.0891634 0.3848 0.0505186 0.0524881 0.0495017 0.0788692
0.0571712 0.0535237 0.0444717 0.0572809 0.0855565 0.515291 0.0461294 0.047508 0.0622515 0.0308165
0.0323598 0.00344973 0.0233002 0.0336282 0.039083 0.76192 0.0441004 0.0380477 0.0129098 0.0112011
0.0306878 0.00297215 0.0225902 9.9991E-05 0.00707325 0.862153 0.0104069 0.0173968 0.0266109 0.020009
9.99201E-05 9.99201E-05 9.99201E-05 0.999101 9.99201E-05 9.99201E-05 9.99201E-05 9.99201E-05 9.99201E-05 9.99201E-05
0.0343913 0.0670606 0.0593474 0.19348 0.0452212 0.420865 0.0339395 0.0177367 0.0297789 0.0981786
0.0766746 0.0486494 0.0487107 0.119524 0.0362673 0.509011 0.0584408 0.00774427 0.0256343 0.069344
0.0149607 0.0288631 0.0251643 0.024063 0.801071 0.0550032 0.0190371 0.0109553 0.0197057 0.00117632
9.99279E-05 0.00735937 9.99279E-05 9.99279E-05 9.99279E-05 0.991841 9.99279E-05 9.99279E-05 9.99279E-05 9.99279E-05
9.99201E-05 9.99201E-05 9.99201E-05 9.99201E-05 0.999101 9.99201E-05 9.99201E-05 9.99201E-05 9.99201E-05 9.99201E-05
9.9928E-05 9.9928E-05 9.9928E-05 9.9928E-05 0.00137723 9.9928E-05 9.9928E-05 9.9928E-05 0.997823 9.9928E-05
