9.99201E-05 9.99201E-05 9.99201E-05 9.99201E-05 9.99201E-05 0.999101 9.99201E-05 9.99201E-05 9.99201E-05 9.99201E-05
0.953311 0.0200507 0.00340517 9.9964E-05 0.0122812 0.00173388 9.9964E-05 9.9964E-05 9.9964E-05 0.00881841
0.943892 0.0103786 0.0168891 0.00757147 0.0151729 0.00241792 9.9973E-05 9.9973E-05 9.9973E-05 0.00337823
9.99201E-05 9.99201E-05 9.99201E-05 9.99201E-05 9.99201E-05 9.99201E-05 9.99201E-05 9.99201E-05 0.999101 9.99201E-05
9.99201E-05 9.99201E-05 9.99201E-05 9.99201E-05 9.99201E-05 9.99201E-05 9.99201E-05 9.99201E-05 0.999101 9.99201E-05
0.0557373 0.0434785 0.0984983 0.0288439 0.100834 0.0662266 0.111398 0.400277 0.0455496 0.0491578
9.99201E-05 9.99201E-05 9.99201E-05 9.99201E-05 9.99201E-05 9.99201E-05 9.99201E-05 9.99201E-05 9.99201E-05 0.999101
9.99201E-05 9.99201E-05 9.99201E-05 9.99201E-05 9.99201E-05 9.99201E-05 9.99201E-05 0.999101 9.99201E-05 9.99201E-05
0.0295526 0.0314512 0.12529 0.0963379 0.091031 0.0670776 0.414428 0.0577639 0.0361889 0.0508789
0.0142814 0.972185 9.9955E-05 9.9955E-05 9.9955E-05 9.9955E-05 0.0107926 9.9955E-05 0.000657296 0.00158343
0.0591351 0.054203 0.157145 0.0987209 0.103617 0.0627738 0.252642 0.0794696 0.072032 0.0602618
0.0909887 0.0541954 0.164533 0.0822561 0.194794 0.0450772 0.160975 0.0780309 0.0525417 0.0766089
9.99459E-05 9.99459E-05 9.99459E-05 9.99459E-05 9.99459E-05 0.000589359 0.993476 0.00144772 9.99459E-05 0.00388723
9.99201E-05 9.99201E-05 9.99201E-05 9.99201E-05 9.99201E-05 9.99201E-05 0.999101 9.99201E-05 9.99201E-05 9.99201E-05
0.0229181 0.0267971 0.0786972 0.00215982 0.136653 0.0136538 0.155491 0.00975251 0.0189243 0.534953
9.99201E-05 9.99201E-05 9.99201E-05 9.99201E-05 0.999101 9.99201E-05 9.99201E-05 9.99201E-05 9.99201E-05 9.99201E-05
0.0163714 9.9946E-05 9.9946E-05 9.9946E-05 0.964394 9.9946E-05 9.9946E-05 0.0073285 0.0113059 9.9946E-05
0.0609788 0.0337368 0.188183 0.0358382 0.184115 0.0616176 0.235584 0.0580581 0.0604576 0.0814312
0.0459594 0.0306361 0.019195 0.793897 0.0427749 0.0270194 0.00655042 0.00148273 0.0257292 0.00675587
0.041233 0.0270237 0.71155 0.0446247 0.03154 0.0303052 0.024597 0.0223231 0.032368 0.034435
9.9937E-05 9.9937E-05 9.9937E-05 0.986434 9.9937E-05 9.9937E-05 9.9937E-05 0.0118276 9.9937E-05 0.00103897
9.9964E-05 0.00154489 0.944117 0.0141535 0.0136338 9.9964E-05 0.0178985 9.9964E-05 0.00825232 9.9964E-05
0.00627777 9.9973E-05 0.0237076 9.9973E-05 9.9973E-05 0.921306 0.0206335 0.000703783 0.00843941 0.0186319
0.999101 9.99201E-05 9.99201E-05 9.99201E-05 9.99201E-05 9.99201E-05 9.99201E-05 9.99201E-05 9.99201E-05 9.99201E-05
0.916646 0.0229457 0.0126002 9.9964E-05 0.0212574 0.00691687 9.9964E-05 9.9964E-05 9.9964E-05 0.0192338
9.99201E-05 9.99201E-05 9.99201E-05 9.99201E-05 9.99201E-05 9.99201E-05 9.99201E-05 9.99201E-05 0.999101 9.99201E-05
9.99201E-05 9.99201E-05 9.99201E-05 9.99201E-05 9.99201E-05 9.99201E-05 9.99201E-05 9.99201E-05 9.99201E-05 0.999101
9.99201E-05 9.99201E-05 9.99201E-05 9.99201E-05 9.99201E-05 9.99201E-05 9.99201E-05 0.999101 9.99201E-05 9.99201E-05
0.00531333 0.00739574 0.0148371 0.00839322 0.0200764 0.0104355 9.9991E-05 0.00600604 0.00724285 0.9202
9.99201E-05 9.99201E-05 9.99201E-05 9.99201E-05 9.99201E-05 9.99201E-05 9.99201E-05 0.999101 9.99201E-05 9.99201E-05
0.0173058 0.0127958 0.148404 0.0954319 0.081754 0.0424435 0.448105 0.0713889 0.0420417 0.0403298
9.99201E-05 0.999101 9.99201E-05 9.99201E-05 9.99201E-05 9.99201E-05 9.99201E-05 9.99201E-05 9.99201E-05 9.99201E-05
0.0718669 0.0714655 0.135616 0.086599 0.0789422 0.0980227 0.188485 0.0942194 0.0891423 0.0856406
9.99201E-05 9.99201E-05 9.99201E-05 9.99201E-05 9.99201E-05 9.99201E-05 0.999101 9.99201E-05 9.99201E-05 9.99201E-05
9.99201E-05 9.99201E-05 9.99201E-05 9.99201E-05 9.99201E-05 9.99201E-05 0.999101 9.99201E-05 9.99201E-05 9.99201E-05
0.0462212 0.0430415 0.164657 0.0563574 0.257428 0.0586156 0.247628 0.0243195 0.0444858 0.0572464
9.99201E-05 9.99201E-05 9.99201E-05 9.99201E-05 0.999101 9.99201E-05 9.99201E-05 9.99201E-05 9.99201E-05 9.99201E-05
0.0237092 0.0309723 0.12127 0.0591123 0.480348 0.0361593 0.0999215 0.0608579 0.0402866 0.0473636
9.9964E-05 0.0158116 0.946277 0.0180803 9.9964E-05 0.00192075 9.9964E-05 0.0112109 9.9964E-05 0.00629945
9.99201E-05 9.99201E-05 9.99201E-05 0.999101 9.99201E-05 9.99201E-05 9.99201E-05 9.99201E-05 9.99201E-05 9.99201E-05
0.0343373 0.0128318 0.702034 0.0389863 0.0504839 0.0333933 0.0600707 0.035548 0.0163085 0.0160065
9.99201E-05 9.99201E-05 9.99201E-05 9.99201E-05 9.99201E-05 0.999101 9.99201E-05 9.99201E-05 9.99201E-05 9.99201E-05
9.9964E-05 0.00716604 0.0150461 9.9964E-05 9.9964E-05 0.953864 0.0140611 9.9964E-05 0.00874759 0.00071532
0.999101 9.99201E-05 9.99201E-05 9.99201E-05 9.99201E-05 9.99201E-05 9.99201E-05 9.99201E-05 9.99201E-05 9.99201E-05
0.891039 0.0131446 0.00842761 0.0101349 0.0178081 0.0175122 0.00806681 0.0170956 0.00451866 0.0122522
9.99201E-05 9.99201E-05 9.99201E-05 9.99201E-05 9.99201E-05 9.99201E-05 9.99201E-05 9.99201E-05 0.999101 9.99201E-05
9.99201E-05 9.99201E-05 9.99201E-05 9.99201E-05 9.99201E-05 9.99201E-05 9.99201E-05 9.99201E-05 9.99201E-05 0.999101
0.0239681 0.0353387 0.0359394 0.00355978 0.119322 0.0291812 0.142804 0.5733 0.0161696 0.0204171
9.99201E-05 9.99201E-05 9.99201E-05 9.99201E-05 9.99201E-05 9.99201E-05 9.99201E-05 9.99201E-05 9.99201E-05 0.999101
0.0178566 0.031578 0.0208221 9.9991E-05 0.102934 0.0410292 0.153463 0.593328 0.0204852 0.0184038
0.0233274 0.0261505 0.137359 0.0930136 0.103044 0.0648976 0.41036 0.0596729 0.0342562 0.0479187
0.00592196 0.979442 9.99666E-05 9.99666E-05 0.00298812 0.0047273 9.99666E-05 0.00507824 0.00144223 9.99666E-05
0.0464317 0.0391637 0.183415 0.107827 0.101661 0.0540579 0.298125 0.0597468 0.0616313 0.047941
0.00461643 0.00557541 9.99549E-05 9.99549E-05 9.99549E-05 0.00103414 0.981524 9.99549E-05 9.99549E-05 0.00675037
0.00453225 9.99279E-05 9.99279E-05 9.99279E-05 9.99279E-05 9.99279E-05 0.994668 9.99279E-05 9.99279E-05 9.99279E-05
0.0503713 0.0735732 0.169367 0.0503144 0.20137 0.0565982 0.225052 0.0543847 0.048168 0.070801
9.99201E-05 9.99201E-05 9.99201E-05 9.99201E-05 0.999101 9.99201E-05 9.99201E-05 9.99201E-05 9.99201E-05 9.99201E-05
0.0588803 0.0318673 0.100134 0.390506 0.0775558 0.0516859 0.155869 0.0455157 0.0470045 0.0409817
0.0326336 0.0159279 0.839415 0.0255605 0.00774505 0.0179025 9.9991E-05 0.0240974 0.0157971 0.0208212
9.99201E-05 9.99201E-05 9.99201E-05 0.999101 9.99201E-05 9.99201E-05 9.99201E-05 9.99201E-05 9.99201E-05 9.99201E-05
9.99201E-05 9.99201E-05 0.999101 9.99201E-05 9.99201E-05 9.99201E-05 9.99201E-05 9.99201E-05 9.99201E-05 9.99201E-05
0.000880975 9.9946E-05 9.9946E-05 0.00753537 9.9946E-05 0.989712 9.9946E-05 0.00127211 9.9946E-05 9.9946E-05
9.9964E-05 0.00457882 0.0306924 9.9964E-05 9.9964E-05 0.949438 0.00645438 9.9964E-05 0.00697086 0.00146533
0.999101 9.99201E-05 9.99201E-05 9.99201E-05 9.99201E-05 9.99201E-05 9.99201E-05 9.99201E-05 9.99201E-05 9.99201E-05
0.57823 0.0313544 0.0787871 0.0299538 0.0682926 0.0303047 0.0662421 0.0556104 0.0303324 0.0308923
9.9973E-05 0.0017149 0.00520528 0.00225329 0.0128487 0.00849308 9.9973E-05 9.9973E-05 0.964536 0.00464841
0.0103098 0.00653218 9.9955E-05 9.9955E-05 9.9955E-05 0.00528983 9.9955E-05 9.9955E-05 0.00187961 0.975489
0.0102207 0.0028781 9.9955E-05 0.00441563 9.9955E-05 9.9955E-05 9.9955E-05 0.978658 0.00332742 9.9955E-05
0.020714 0.0208476 0.0176307 0.014502 0.00770189 0.0199094 0.0171527 0.0199457 0.0147966 0.846799
0.013768 0.0265917 0.0137678 9.9991E-05 0.115628 0.0343054 0.15004 0.620066 0.0109086 0.0148246
0.0432338 0.0359984 0.119383 0.101627 0.0955153 0.0657929 0.37887 0.0602641 0.0448205 0.0544956
9.99201E-05 0.999101 9.99201E-05 9.99201E-05 9.99201E-05 9.99201E-05 9.99201E-05 9.99201E-05 9.99201E-05 9.99201E-05
0.0407541 0.0544203 0.143406 0.111645 0.0813895 0.0681355 0.339468 0.0545185 0.0615045 0.0447581
0.0247992 0.00831159 0.0834517 0.032671 0.0596451 0.0328938 0.649598 0.033535 0.0431916 0.0319025
9.99201E-05 9.99201E-05 9.99201E-05 9.99201E-05 9.99201E-05 9.99201E-05 0.999101 9.99201E-05 9.99201E-05 9.99201E-05
0.0199841 9.9991E-05 0.0115936 0.00648264 0.934361 0.00189971 0.0113474 0.00906226 0.00210599 0.00306316
0.0618988 0.0590308 0.180082 0.0532057 0.206083 0.062374 0.205107 0.040674 0.0678418 0.063703
0.0700211 0.0428728 0.112127 0.352563 0.0601692 0.0522611 0.154514 0.0551664 0.0554841 0.0448216
0.0377543 0.00597347 0.902696 0.00696025 0.00402059 0.0138982 0.00156605 0.0095384 9.9991E-05 0.0174928
9.99201E-05 9.99201E-05 9.99201E-05 0.999101 9.99201E-05 9.99201E-05 9.99201E-05 9.99201E-05 9.99201E-05 9.99201E-05
0.0233605 0.0108054 0.789045 0.0246607 0.0362364 0.017111 0.0520157 0.0227514 0.022189 0.00182505
9.99201E-05 9.99201E-05 9.99201E-05 9.99201E-05 9.99201E-05 0.999101 9.99201E-05 9.99201E-05 9.99201E-05 9.99201E-05
9.99201E-05 9.99201E-05 9.99201E-05 9.99201E-05 9.99201E-05 0.999101 9.99201E-05 9.99201E-05 9.99201E-05 9.99201E-05
0.999101 9.99201E-05 9.99201E-05 9.99201E-05 9.99201E-05 9.99201E-05 9.99201E-05 9.99201E-05 9.99201E-05 9.99201E-05
0.575861 0.0269811 0.0783008 0.041216 0.0634552 0.0403031 0.0496652 0.0454209 0.0372534 0.0415435
0.0138901 0.00692579 0.0277238 0.0222836 0.00966296 0.00621815 0.0289341 0.0219208 0.845911 0.0165299
9.99201E-05 9.99201E-05 9.99201E-05 9.99201E-05 9.99201E-05 9.99201E-05 9.99201E-05 9.99201E-05 9.99201E-05 0.999101
9.99201E-05 9.99201E-05 9.99201E-05 9.99201E-05 9.99201E-05 9.99201E-05 9.99201E-05 0.999101 9.99201E-05 9.99201E-05
0.0368926 0.00854006 0.0364079 0.0225053 0.020645 0.0307761 0.0474042 0.0189132 0.0336939 0.744222
0.0113073 0.0282422 0.016682 9.9991E-05 0.110098 0.0316795 0.154099 0.622581 0.00949529 0.0157157
0.0334963 0.0204788 0.138518 0.0969051 0.0930429 0.0628981 0.408632 0.0675297 0.0358103 0.0426884
9.99201E-05 0.999101 9.99201E-05 9.99201E-05 9.99201E-05 9.99201E-05 9.99201E-05 9.99201E-05 9.99201E-05 9.99201E-05
0.081127 0.066241 0.151442 0.0774987 0.229326 0.0437122 0.177323 0.0608373 0.0540944 0.0583987
0.0331805 0.0533806 0.140985 0.0989213 0.0942638 0.0481189 0.398787 0.0543012 0.0465665 0.0314943
0.0437632 0.0294979 0.113252 0.0167145 0.0734467 0.0273507 0.626137 0.0133283 0.0402827 0.0162264
0.0134056 0.020292 0.0259534 0.0216718 0.0293106 0.0242262 0.811377 0.00973439 0.0327281 0.0113011
0.0447454 0.01791 0.0524374 0.0344368 0.566021 0.03667 0.115916 0.0679277 0.0331899 0.030746
0.0579769 0.0609109 0.185347 0.0498046 0.199887 0.0658716 0.213915 0.0303794 0.0681253 0.0677825
0.0291485 0.0227606 0.0273099 0.820309 0.0446308 0.00841679 0.0208902 0.00474127 0.0177778 0.004015
0.00647627 0.015363 0.944039 0.00455835 9.9973E-05 0.0089781 9.9973E-05 0.00633056 9.9973E-05 0.013955
0.0188563 9.9973E-05 9.9973E-05 0.936493 0.00257191 0.000256006 0.0144295 0.0109738 9.9973E-05 0.0161196
9.9928E-05 9.9928E-05 0.995963 9.9928E-05 9.9928E-05 9.9928E-05 9.9928E-05 9.9928E-05 9.9928E-05 0.00323709
0.00390824 0.00508778 0.00638036 0.00389708 0.0206382 0.949041 9.9982E-05 0.0102124 9.9982E-05 0.000634867
9.99201E-05 9.99201E-05 9.99201E-05 9.99201E-05 9.99201E-05 0.999101 9.99201E-05 9.99201E-05 9.99201E-05 9.99201E-05
0.999101 9.99201E-05 9.99201E-05 9.99201E-05 9.99201E-05 9.99201E-05 9.99201E-05 9.99201E-05 9.99201E-05 9.99201E-05
0.923128 0.0191193 0.00931859 0.0095407 0.0217694 0.00919387 9.9991E-05 0.000331806 0.000104045 0.00739379
9.99201E-05 9.99201E-05 9.99201E-05 9.99201E-05 9.99201E-05 9.99201E-05 9.99201E-05 9.99201E-05 0.999101 9.99201E-05
9.99201E-05 9.99201E-05 9.99201E-05 9.99201E-05 9.99201E-05 9.99201E-05 9.99201E-05 9.99201E-05 9.99201E-05 0.999101
9.99201E-05 9.99201E-05 9.99201E-05 9.99201E-05 9.99201E-05 9.99201E-05 9.99201E-05 0.999101 9.99201E-05 9.99201E-05
9.99201E-05 9.99201E-05 9.99201E-05 9.99201E-05 9.99201E-05 9.99201E-05 9.99201E-05 9.99201E-05 9.99201E-05 0.999101
0.00916756 0.0260099 0.00617647 9.9991E-05 0.100393 0.0257054 0.164558 0.64065 0.0115372 0.015702
0.0451917 0.0507816 0.161951 0.0476063 0.195949 0.0616616 0.270087 0.0289203 0.0462791 0.0915724
9.9946E-05 0.983342 9.9946E-05 9.9946E-05 0.00728452 9.9946E-05 0.00692948 9.9946E-05 9.9946E-05 0.00184391
0.0860117 0.0726791 0.140983 0.0852119 0.22092 0.047009 0.17602 0.0583026 0.057168 0.0556952
0.0555365 0.0423515 0.151361 0.0899974 0.10881 0.048731 0.321217 0.0770757 0.0502597 0.0546608
0.0382484 0.0202676 0.11407 0.0118742 0.0795404 0.0233654 0.654028 0.0236318 0.0294702 0.0055047
0.0314341 0.00412448 0.040336 0.0345174 0.0543535 0.0110864 0.781778 0.008223 0.0166039 0.0175437
9.9928E-05 9.9928E-05 9.9928E-05 9.9928E-05 0.992191 9.9928E-05 9.9928E-05 9.9928E-05 0.00700965 9.9928E-05
0.0604353 0.0570341 0.164344 0.0566895 0.189761 0.0608199 0.22208 0.0437471 0.0569517 0.0881375
0.0271943 0.0231398 0.0292516 0.813968 0.0432857 0.0178301 0.0241023 0.00670443 0.0103269 0.00419705
9.99201E-05 9.99201E-05 0.999101 9.99201E-05 9.99201E-05 9.99201E-05 9.99201E-05 9.99201E-05 9.99201E-05 9.99201E-05
9.99201E-05 9.99201E-05 9.99201E-05 0.999101 9.99201E-05 9.99201E-05 9.99201E-05 9.99201E-05 9.99201E-05 9.99201E-05
9.99201E-05 9.99201E-05 0.999101 9.99201E-05 9.99201E-05 9.99201E-05 9.99201E-05 9.99201E-05 9.99201E-05 9.99201E-05
0.00538461 0.00752156 9.9964E-05 0.0126554 0.0099526 0.947367 9.9964E-05 0.0167186 9.9964E-05 9.9964E-05
9.9955E-05 9.9955E-05 0.00113564 9.9955E-05 9.9955E-05 0.994417 0.00180863 9.9955E-05 0.00143358 0.000705623
0.999101 9.99201E-05 9.99201E-05 9.99201E-05 9.99201E-05 9.99201E-05 9.99201E-05 9.99201E-05 9.99201E-05 9.99201E-05
0.999101 9.99201E-05 9.99201E-05 9.99201E-05 9.99201E-05 9.99201E-05 9.99201E-05 9.99201E-05 9.99201E-05 9.99201E-05
0.009421 0.000548621 9.9973E-05 0.00551117 9.9973E-05 0.00128195 0.00733779 0.00614706 0.969452 9.9973E-05
0.00995568 9.9955E-05 9.9955E-05 9.9955E-05 0.00265957 0.00231607 9.9955E-05 0.00560028 9.9955E-05 0.978969
0.0452471 0.0182424 0.0891088 0.0625738 0.104029 0.0519308 0.132992 0.391505 0.0626359 0.0417357
9.9973E-05 0.0110196 9.9973E-05 0.00706304 0.00160348 0.00521761 0.00706019 9.9973E-05 0.0040101 0.963726
0.00299788 0.987621 9.9946E-05 9.9946E-05 9.9946E-05 0.00526523 9.9946E-05 0.00351579 9.9946E-05 9.9946E-05
0.0546662 0.0348639 0.130788 0.125836 0.10498 0.0631105 0.354476 0.0721994 0.0352047 0.023876
0.0790648 0.080691 0.142129 0.087596 0.217825 0.0509441 0.171605 0.0523189 0.0581412 0.0596857
0.027557 0.0388924 0.148383 0.077569 0.135589 0.0700522 0.271469 0.08782 0.0721195 0.0705494
0.0351939 0.0256734 0.0989811 0.0102826 0.0585077 0.0349788 0.663222 0.020865 0.0427249 0.00957012
0.0150725 0.0234901 0.0615253 0.0332729 0.0546173 0.0299576 0.659224 0.0526196 0.0317058 0.0385145
9.99201E-05 9.99201E-05 9.99201E-05 9.99201E-05 0.999101 9.99201E-05 9.99201E-05 9.99201E-05 9.99201E-05 9.99201E-05
0.00254919 9.9955E-05 9.9955E-05 9.9955E-05 0.977139 9.9955E-05 0.00960095 0.00371817 9.9955E-05 0.00649312
0.0388504 0.0344562 0.158547 0.0370612 0.232288 0.0416483 0.268277 0.0386029 0.063273 0.0869965
0.0280203 0.0184553 0.0224433 0.852747 0.0339464 0.0116576 0.00455332 0.00684001 0.0178308 0.00350611
9.99201E-05 9.99201E-05 0.999101 9.99201E-05 9.99201E-05 9.99201E-05 9.99201E-05 9.99201E-05 9.99201E-05 9.99201E-05
9.99201E-05 9.99201E-05 9.99201E-05 0.999101 9.99201E-05 9.99201E-05 9.99201E-05 9.99201E-05 9.99201E-05 9.99201E-05
9.9946E-05 9.9946E-05 0.988766 9.9946E-05 9.9946E-05 9.9946E-05 0.00192511 9.9946E-05 0.0056185 0.00309023
9.9937E-05 9.9937E-05 9.9937E-05 0.00283515 0.00252336 0.993942 9.9937E-05 9.9937E-05 9.9937E-05 9.9937E-05
0.965416 0.00517296 0.000547286 9.9955E-05 0.0256399 0.00272405 9.9955E-05 9.9955E-05 9.9955E-05 9.9955E-05
9.99201E-05 9.99201E-05 9.99201E-05 9.99201E-05 9.99201E-05 9.99201E-05 9.99201E-05 9.99201E-05 0.999101 9.99201E-05
0.0559393 0.0278602 0.100538 0.00881515 0.0639262 0.0552062 0.12927 0.0293454 0.494171 0.0349284
0.0565348 0.0438877 0.131847 0.040467 0.128 0.0661184 0.155478 0.304499 0.035844 0.0373232
9.99201E-05 9.99201E-05 9.99201E-05 9.99201E-05 9.99201E-05 9.99201E-05 9.99201E-05 9.99201E-05 9.99201E-05 0.999101
9.99201E-05 9.99201E-05 9.99201E-05 9.99201E-05 9.99201E-05 9.99201E-05 9.99201E-05 0.999101 9.99201E-05 9.99201E-05
0.0199397 0.0159712 0.00185417 0.0128517 0.0148789 0.0178492 0.0200341 0.012458 0.0237403 0.860423
9.99201E-05 0.999101 9.99201E-05 9.99201E-05 9.99201E-05 9.99201E-05 9.99201E-05 9.99201E-05 9.99201E-05 9.99201E-05
0.0690163 0.044036 0.131603 0.121251 0.0953889 0.0466564 0.323405 0.0704857 0.0546297 0.0435286
0.0860727 0.0531352 0.152282 0.0873702 0.20032 0.0445095 0.173749 0.0784761 0.0533042 0.070781
0.0635095 0.0437198 0.140363 0.0750964 0.119363 0.062477 0.325329 0.070762 0.04426 0.0551209
0.00552212 0.0170042 0.0508229 0.0348525 0.0610083 0.01227 0.730515 0.0360945 0.0373935 0.0145173
0.00269948 0.0258949 9.9964E-05 9.9964E-05 9.9964E-05 0.03146 0.90381 0.0205254 9.9964E-05 0.0152107
9.99201E-05 9.99201E-05 9.99201E-05 9.99201E-05 0.999101 9.99201E-05 9.99201E-05 9.99201E-05 9.99201E-05 9.99201E-05
0.0289455 0.00367763 0.023852 0.0300377 0.783196 0.0171379 0.049525 0.0190456 0.0249403 0.0196427
0.0364366 0.044774 0.158983 0.0458087 0.25096 0.034893 0.25448 0.0360191 0.0493429 0.0883023
0.0223172 0.0335136 0.0297032 0.790244 0.0308556 0.0158896 0.0355422 0.000699187 0.0288416 0.0123937
9.99201E-05 9.99201E-05 0.999101 9.99201E-05 9.99201E-05 9.99201E-05 9.99201E-05 9.99201E-05 9.99201E-05 9.99201E-05
9.99201E-05 9.99201E-05 9.99201E-05 0.999101 9.99201E-05 9.99201E-05 9.99201E-05 9.99201E-05 9.99201E-05 9.99201E-05
9.99201E-05 9.99201E-05 9.99201E-05 9.99201E-05 9.99201E-05 0.999101 9.99201E-05 9.99201E-05 9.99201E-05 9.99201E-05
