9.995E-05 9.995E-05 0.9994 9.995E-05 9.995E-05 9.995E-05 9.995E-05
0.0435688 9.9973E-05 0.00248369 9.9973E-05 0.952098 0.00154967 9.9973E-05
0.0443498 9.9991E-05 0.00384564 0.000598206 0.944183 0.00241243 0.00451105
9.995E-05 9.995E-05 9.995E-05 0.9994 9.995E-05 9.995E-05 9.995E-05
9.995E-05 9.995E-05 9.995E-05 0.9994 9.995E-05 9.995E-05 9.995E-05
0.290858 0.413617 0.0677833 0.0557535 0.067754 0.0670337 0.0372013
9.995E-05 9.995E-05 9.995E-05 9.995E-05 9.995E-05 0.9994 9.995E-05
9.995E-05 0.9994 9.995E-05 9.995E-05 9.995E-05 9.995E-05 9.995E-05
0.546799 0.0843977 0.0589322 0.0529208 0.0416852 0.0810518 0.134214
0.9994 9.995E-05 9.995E-05 9.995E-05 9.995E-05 9.995E-05 9.995E-05
0.488805 0.101083 0.0706746 0.0884993 0.0546713 0.0696977 0.126569
0.492784 0.0993634 0.0584651 0.0564523 0.0939661 0.0864983 0.11247
0.760099 0.0594996 0.0323714 0.0300425 0.00704106 0.0612778 0.0496689
0.830769 0.0209923 0.00925195 0.0152393 9.9991E-05 0.0599678 0.0636799
0.343329 0.0269348 0.0157628 0.0158604 0.031686 0.54509 0.0213371
0.732682 0.0876306 0.011233 0.0511224 0.0363655 0.0265677 0.0543986
0.701173 0.0730029 0.00928462 0.0564129 0.0775857 0.0316935 0.0508469
0.516416 0.0775778 0.0678166 0.0889349 0.0723067 0.0980087 0.0789398
0.0993677 0.0124017 0.0292641 0.0229785 0.0281951 0.00920277 0.79859
0.633229 0.0592232 0.0502583 0.0583932 0.0528708 0.059863 0.0861625
9.9955E-05 9.9955E-05 9.9955E-05 9.9955E-05 0.0152223 9.9955E-05 0.984278
0.798213 0.0496787 0.0197619 0.0345975 0.0178347 0.025356 0.0545582
0.0307879 9.9991E-05 0.927481 0.014216 0.0071566 0.0179364 0.00232219
9.995E-05 9.995E-05 9.995E-05 9.995E-05 0.9994 9.995E-05 9.995E-05
0.0556465 9.9973E-05 0.00973876 9.9973E-05 0.923671 0.0106439 9.9973E-05
9.995E-05 9.995E-05 9.995E-05 0.9994 9.995E-05 9.995E-05 9.995E-05
9.9955E-05 9.9955E-05 0.000823382 9.9955E-05 9.9955E-05 0.998677 9.9955E-05
9.995E-05 0.9994 9.995E-05 9.995E-05 9.995E-05 9.995E-05 9.995E-05
0.0315947 0.00775071 0.0100697 0.000986991 0.0173861 0.925844 0.00636773
9.995E-05 0.9994 9.995E-05 9.995E-05 9.995E-05 9.995E-05 9.995E-05
0.580405 0.090397 0.0493361 0.0588537 0.0260003 0.0570353 0.137973
0.9994 9.995E-05 9.995E-05 9.995E-05 9.995E-05 9.995E-05 9.995E-05
0.388585 0.103671 0.104755 0.0826693 0.101031 0.105624 0.113663
0.764911 0.0555923 0.0226126 0.0418199 9.9991E-05 0.0686262 0.0463385
0.809041 0.013407 0.0152296 0.0289407 9.9991E-05 0.0660928 0.0671888
0.598495 0.0556027 0.0628307 0.0522094 0.0626966 0.0746172 0.0935487
0.758591 0.0725575 0.00717652 0.0410047 0.0329385 0.0205848 0.0671473
0.57717 0.108899 0.0345244 0.0659765 0.0532208 0.0744385 0.0857706
0.799344 0.0321273 0.0208679 0.0219143 0.028784 0.0387916 0.0581711
9.995E-05 9.995E-05 9.995E-05 9.995E-05 9.995E-05 9.995E-05 0.9994
0.656078 0.0675794 0.0597393 0.0460482 0.0506644 0.0426225 0.0772683
9.995E-05 9.995E-05 0.9994 9.995E-05 9.995E-05 9.995E-05 9.995E-05
0.0221011 9.9973E-05 0.951665 0.0134056 9.9973E-05 0.0125286 9.9973E-05
9.995E-05 9.995E-05 9.995E-05 9.995E-05 0.9994 9.995E-05 9.995E-05
0.0706134 0.0130539 0.0168282 0.00386133 0.876929 0.0094054 0.00930887
9.995E-05 9.995E-05 9.995E-05 0.9994 9.995E-05 9.995E-05 9.995E-05
9.995E-05 9.995E-05 9.995E-05 9.995E-05 9.995E-05 0.9994 9.995E-05
0.264514 0.626031 0.0259103 0.0138986 0.0183572 0.0378958 0.0133927
9.995E-05 9.995E-05 9.995E-05 9.995E-05 9.995E-05 0.9994 9.995E-05
0.250105 0.62701 0.0361788 0.0206749 0.0269631 0.0389675 9.9991E-05
0.542373 0.0888797 0.0693479 0.052712 0.0238416 0.0906871 0.132159
0.9994 9.995E-05 9.995E-05 9.995E-05 9.995E-05 9.995E-05 9.995E-05
0.532119 0.0769182 0.0639678 0.0721959 0.0467723 0.0698773 0.13815
0.743015 0.0510431 0.0367007 0.0497707 0.00987041 0.0613897 0.0482104
0.767004 0.0379714 0.024088 0.0451105 0.0161056 0.0507162 0.0590038
0.56971 0.0809751 0.0660094 0.0895114 0.0533372 0.0739441 0.0665126
0.728459 0.0800754 0.0103337 0.0468406 0.0421444 0.0239835 0.0681632
0.307276 0.0640502 0.0524439 0.0461894 0.069739 0.0458987 0.414403
0.736731 0.0431162 0.0241233 0.0291477 0.050472 0.0548455 0.0615648
9.995E-05 9.995E-05 9.995E-05 9.995E-05 9.995E-05 9.995E-05 0.9994
0.849281 0.0178216 0.0210935 0.0216574 0.0187299 0.0243965 0.0470201
9.9964E-05 9.9964E-05 0.989204 9.9964E-05 0.00665344 9.9964E-05 0.0037429
0.0258559 9.9973E-05 0.948394 0.0195357 9.9973E-05 0.00591489 9.9973E-05
9.995E-05 9.995E-05 9.995E-05 9.995E-05 0.9994 9.995E-05 9.995E-05
0.209454 0.0626493 0.0363472 0.0397596 0.560972 0.0378057 0.0530128
0.00823747 0.00271453 0.00684555 0.969576 9.9991E-05 0.00497923 0.00754735
9.9982E-05 0.00850273 0.00763758 9.9982E-05 0.0121048 0.968632 0.00292334
9.9973E-05 0.976074 9.9973E-05 0.00217963 0.00750454 9.9973E-05 0.0139415
0.0607605 0.0249208 0.0110363 0.0131604 0.0265331 0.844617 0.018972
0.257765 0.656559 0.0279232 0.00904301 0.0141117 0.0294596 0.00513848
0.513379 0.107391 0.0679522 0.0680254 0.0498261 0.0624951 0.130932
0.9994 9.995E-05 9.995E-05 9.995E-05 9.995E-05 9.995E-05 9.995E-05
0.530384 0.0705003 0.0696476 0.0670359 0.0508452 0.071445 0.140142
0.628224 0.0608607 0.0552991 0.0562925 0.0394061 0.0878508 0.0720666
0.814794 0.0272116 0.000435931 0.0325638 9.9991E-05 0.0532326 0.0716621
0.703248 0.0814189 0.0117493 0.0518868 0.0769994 0.0283531 0.0463439
0.559126 0.0634165 0.0669422 0.0943184 0.0738039 0.0796474 0.0627453
0.319279 0.059251 0.0681839 0.0595022 0.077688 0.0616145 0.354481
0.758218 0.0444427 0.0221829 0.0306592 0.0463656 0.041555 0.0565764
9.995E-05 9.995E-05 9.995E-05 9.995E-05 9.995E-05 9.995E-05 0.9994
0.722683 0.0515578 0.0312817 0.0500775 0.0502934 0.0348136 0.0592931
9.995E-05 9.995E-05 0.9994 9.995E-05 9.995E-05 9.995E-05 9.995E-05
9.995E-05 9.995E-05 0.9994 9.995E-05 9.995E-05 9.995E-05 9.995E-05
9.995E-05 9.995E-05 9.995E-05 9.995E-05 0.9994 9.995E-05 9.995E-05
0.204732 0.0572662 0.035867 0.0352518 0.57226 0.0446878 0.0499353
0.0624622 0.0210653 0.0111135 0.852575 0.00300759 0.0257114 0.0240653
9.995E-05 9.995E-05 9.995E-05 9.995E-05 9.995E-05 0.9994 9.995E-05
9.995E-05 0.9994 9.995E-05 9.995E-05 9.995E-05 9.995E-05 9.995E-05
0.105257 0.030018 0.0293785 0.020212 0.0451741 0.736407 0.0335539
0.254759 0.654453 0.0282762 0.0117175 0.0185641 0.0259853 0.00624502
0.550514 0.0882636 0.0605722 0.0572322 0.0349513 0.0762615 0.132205
0.9994 9.995E-05 9.995E-05 9.995E-05 9.995E-05 9.995E-05 9.995E-05
0.515259 0.0883448 0.0532257 0.0698207 0.0935209 0.07633 0.103499
0.576117 0.0757092 0.057163 0.0566947 0.0394728 0.0565737 0.138269
0.670985 0.0507301 0.04228 0.0669854 0.0472747 0.0633755 0.058369
0.702037 0.0382807 0.038777 0.0537253 0.0195051 0.0718432 0.0758315
0.569155 0.111108 0.0400127 0.064331 0.0725636 0.0661435 0.0766863
0.560465 0.0688173 0.069009 0.0949304 0.0646181 0.0806031 0.0615575
0.0905366 9.9991E-05 0.025828 0.0137885 0.0288769 0.0104541 0.830416
0.778746 0.041133 0.0351324 0.0246631 0.0243448 0.0380276 0.0579531
0.0246916 0.011575 0.00974023 0.0152982 0.00423269 0.0141725 0.92029
0.81899 0.0278563 0.00730301 0.0428936 9.9991E-05 0.0451562 0.0577005
9.9973E-05 0.00962132 0.950504 9.9973E-05 0.0295643 9.9973E-05 0.0100105
9.995E-05 9.995E-05 0.9994 9.995E-05 9.995E-05 9.995E-05 9.995E-05
9.995E-05 9.995E-05 9.995E-05 9.995E-05 0.9994 9.995E-05 9.995E-05
0.0462083 0.0134121 0.00791853 9.9991E-05 0.921457 0.00776806 0.00313555
9.995E-05 9.995E-05 9.995E-05 0.9994 9.995E-05 9.995E-05 9.995E-05
9.995E-05 9.995E-05 9.995E-05 9.995E-05 9.995E-05 0.9994 9.995E-05
9.995E-05 0.9994 9.995E-05 9.995E-05 9.995E-05 9.995E-05 9.995E-05
9.995E-05 9.995E-05 9.995E-05 9.995E-05 9.995E-05 0.9994 9.995E-05
0.252729 0.670945 0.0236371 0.00757369 0.0104529 0.0345632 9.9991E-05
0.573015 0.0547686 0.0637546 0.0543149 0.0644146 0.116367 0.0733658
0.9994 9.995E-05 9.995E-05 9.995E-05 9.995E-05 9.995E-05 9.995E-05
0.517614 0.0967141 0.0444107 0.0747161 0.0947406 0.0693416 0.102463
0.482331 0.0971508 0.0624737 0.0697353 0.0595538 0.0924982 0.136257
0.67378 0.0621147 0.0511281 0.0565386 0.0427754 0.0596592 0.0540042
0.704134 0.0545036 0.0338286 0.0409733 0.0267065 0.0569287 0.0829251
0.743362 0.078526 9.9991E-05 0.0505335 0.0733804 0.0159073 0.0381912
0.518 0.0778062 0.0693883 0.0668184 0.082336 0.0894154 0.0962357
0.104542 0.011199 0.0202128 0.0252645 0.0241812 0.00507824 0.809523
0.826374 0.0134138 0.0196375 0.0257697 0.0385516 0.0261384 0.0501146
9.995E-05 9.995E-05 9.995E-05 9.995E-05 9.995E-05 9.995E-05 0.9994
0.839062 0.0321961 0.00624691 0.0511947 9.9991E-05 0.0233397 0.0478609
0.0121781 0.0119735 0.962621 0.00388057 9.9994E-05 0.00251159 0.0067353
9.995E-05 9.995E-05 0.9994 9.995E-05 9.995E-05 9.995E-05 9.995E-05
9.995E-05 9.995E-05 9.995E-05 9.995E-05 0.9994 9.995E-05 9.995E-05
9.995E-05 9.995E-05 9.995E-05 9.995E-05 0.9994 9.995E-05 9.995E-05
0.00235988 0.00336538 0.00250379 0.981048 0.00634164 0.00428138 9.9991E-05
0.00907557 0.00412883 0.0128539 0.00274106 0.0022075 0.968893 9.9991E-05
0.285334 0.418949 0.058171 0.0654668 0.0509972 0.0589162 0.0621661
0.00885521 0.00503184 0.0105753 9.9982E-05 0.00922324 0.966114 9.9982E-05
0.9994 9.995E-05 9.995E-05 9.995E-05 9.995E-05 9.995E-05 9.995E-05
0.526103 0.0813087 0.0802125 0.0452862 0.0557416 0.049874 0.161475
0.512274 0.0878928 0.0551695 0.0717166 0.0950212 0.0738395 0.104087
0.488493 0.106541 0.0766652 0.0921294 0.0384211 0.0920969 0.105654
0.679935 0.0568176 0.0465602 0.0745601 0.0396141 0.0635658 0.0389472
0.631087 0.0801332 0.0428012 0.0714936 0.0195699 0.0824501 0.0724646
0.728188 0.085763 0.00682904 0.0448202 0.0465263 0.0191472 0.0687263
0.740704 0.0780107 0.00431986 0.0424659 0.066327 0.0278098 0.0403629
0.579662 0.0634074 0.0392824 0.0806451 0.0600084 0.111903 0.0650919
0.064957 9.9991E-05 0.0205275 0.021215 0.0330362 0.00738777 0.852776
0.877103 0.0157056 0.000442242 0.00841636 0.030304 0.0281313 0.0398976
9.995E-05 9.995E-05 9.995E-05 9.995E-05 9.995E-05 9.995E-05 0.9994
0.816532 0.0375453 0.016416 0.0411892 9.9991E-05 0.0413122 0.0469049
9.9955E-05 9.9955E-05 0.995762 9.9955E-05 0.00373842 9.9955E-05 9.9955E-05
0.0349882 9.9955E-05 9.9955E-05 9.9955E-05 0.964512 9.9955E-05 9.9955E-05
9.995E-05 9.995E-05 9.995E-05 0.9994 9.995E-05 9.995E-05 9.995E-05
0.237592 0.0539939 0.0488309 0.500933 0.0760836 0.0514858 0.0310804
0.374155 0.313155 0.0692239 0.0553835 0.0737137 0.0538489 0.0605197
9.995E-05 9.995E-05 9.995E-05 9.995E-05 9.995E-05 0.9994 9.995E-05
9.995E-05 0.9994 9.995E-05 9.995E-05 9.995E-05 9.995E-05 9.995E-05
0.0510637 0.0210919 0.0170477 0.0148043 0.0352646 0.849885 0.0108425
0.9994 9.995E-05 9.995E-05 9.995E-05 9.995E-05 9.995E-05 9.995E-05
0.513475 0.0917111 0.0584494 0.059531 0.0584097 0.0661096 0.152314
0.487177 0.106535 0.0558306 0.0609902 0.0898729 0.0787694 0.120825
0.52171 0.0966597 0.0536882 0.0721257 0.0576937 0.0757594 0.122364
0.661834 0.0730251 0.0309438 0.0712017 0.0133946 0.0591428 0.0904581
0.728924 0.0553854 0.0460984 0.0303194 0.016284 0.073559 0.0494301
0.731665 0.0812267 0.00150459 0.0415922 0.0653804 0.0172044 0.0614267
0.638432 0.0770985 0.0360834 0.0509352 0.0867415 0.0442681 0.0664413
0.601911 0.0644013 0.0378811 0.0744948 0.0538039 0.100615 0.0668936
0.0888418 0.0092298 0.0179443 0.0380064 0.0303455 0.0205591 0.795073
0.852506 0.0145008 0.0123342 0.0201605 0.0343095 0.0246071 0.0415814
9.995E-05 9.995E-05 9.995E-05 9.995E-05 9.995E-05 9.995E-05 0.9994
9.995E-05 9.995E-05 0.9994 9.995E-05 9.995E-05 9.995E-05 9.995E-05
