9.99011E-05 0.998901 9.99011E-05 9.99011E-05 9.99011E-05 9.99011E-05 9.99011E-05 9.99011E-05 9.99011E-05 9.99011E-05 9.99011E-05 9.99011E-05
0.00694789 0.00554382 9.9973E-05 0.00359323 9.9973E-05 0.00101869 0.00364441 0.014319 0.941945 0.00733 0.0153579 9.9973E-05
0.0246221 0.00546263 9.9955E-05 0.00068076 9.9955E-05 9.9955E-05 9.9955E-05 0.0155472 0.939699 0.00759551 0.00589271 9.9955E-05
9.99009E-05 9.99009E-05 9.99009E-05 9.99009E-05 9.99009E-05 9.99009E-05 0.998901 9.99009E-05 9.99009E-05 9.99009E-05 9.99009E-05 9.99009E-05
9.9901E-05 9.9901E-05 9.9901E-05 9.9901E-05 9.9901E-05 9.9901E-05 0.998901 9.9901E-05 9.9901E-05 9.9901E-05 9.9901E-05 9.9901E-05
0.0407671 0.0609773 0.319981 0.0592523 0.11584 0.0936279 0.0394804 0.105497 0.0643698 0.0361737 0.0409822 0.0230516
9.9901E-05 9.9901E-05 9.9901E-05 0.998901 9.9901E-05 9.9901E-05 9.9901E-05 9.9901E-05 9.9901E-05 9.9901E-05 9.9901E-05 9.9901E-05
9.9901E-05 9.9901E-05 0.998901 9.9901E-05 9.9901E-05 9.9901E-05 9.9901E-05 9.9901E-05 9.9901E-05 9.9901E-05 9.9901E-05 9.9901E-05
0.0217348 0.0508633 0.0325787 0.0460263 0.415102 0.0481636 0.0283722 0.142519 0.0413506 0.0518722 0.0285224 0.0928948
9.9937E-05 9.9937E-05 9.9937E-05 9.9937E-05 9.9937E-05 0.000809533 0.0010305 9.9937E-05 0.0116757 9.9937E-05 0.984409 0.00137572
0.037991 0.0673652 0.041344 0.0613236 0.26404 0.0600578 0.0680465 0.150975 0.0580393 0.0395751 0.0525121 0.09873
0.0936183 0.0539008 0.0416156 0.0610631 0.172853 0.0551075 0.0464523 0.149633 0.100824 0.0643007 0.0615354 0.0990971
9.99279E-05 0.00144855 0.0120485 0.00347513 0.982228 9.99279E-05 9.99279E-05 9.99279E-05 9.99279E-05 9.99279E-05 9.99279E-05 9.99279E-05
9.99008E-05 9.99008E-05 9.99008E-05 9.99008E-05 0.998901 9.99008E-05 9.99008E-05 9.99008E-05 9.99008E-05 9.99008E-05 9.99008E-05 9.99008E-05
0.0504738 0.0151618 9.9991E-05 0.537148 0.145885 0.0487627 0.0112964 0.0698655 0.0237557 0.0523022 0.0442185 0.00103106
9.9901E-05 9.9901E-05 9.9901E-05 9.9901E-05 9.9901E-05 9.9901E-05 9.9901E-05 9.9901E-05 9.9901E-05 0.998901 9.9901E-05 9.9901E-05
0.998901 9.99008E-05 9.99008E-05 9.99008E-05 9.99008E-05 9.99008E-05 9.99008E-05 9.99008E-05 9.99008E-05 9.99008E-05 9.99008E-05 9.99008E-05
0.0927594 0.059773 0.0311958 0.0859416 0.213243 0.0493663 0.0658402 0.182092 0.0705455 0.0622977 0.037793 0.0491515
0.0228988 0.0224155 0.0158046 0.0111961 0.000428301 9.9991E-05 0.0219966 0.0327444 0.0370471 0.013032 0.0233359 0.799001
0.0147192 0.0344241 0.0264733 0.0275364 0.0112746 0.0232336 0.0399233 0.705028 0.032567 0.0267842 0.0180646 0.0399719
0.00248827 9.9946E-05 0.00375593 9.9946E-05 9.9946E-05 0.00547717 9.9946E-05 0.00431038 9.9946E-05 0.00141948 9.9946E-05 0.981949
0.0156806 9.9946E-05 0.00616261 9.9946E-05 0.0203496 9.9946E-05 0.0078611 0.941343 9.9946E-05 9.9946E-05 9.9946E-05 0.00800335
9.9973E-05 0.91786 0.000452063 0.0135036 0.0125777 9.9973E-05 0.0123473 0.0281302 0.0063641 9.9973E-05 0.00823608 0.000229173
9.99009E-05 9.99009E-05 9.99009E-05 9.99009E-05 9.99009E-05 9.99009E-05 9.99009E-05 9.99009E-05 0.998901 9.99009E-05 9.99009E-05 9.99009E-05
0.0146619 0.0109571 9.9964E-05 0.0181093 9.9964E-05 9.9964E-05 0.00177778 0.0242072 0.905083 0.00610915 0.0186947 9.9964E-05
9.9901E-05 9.9901E-05 9.9901E-05 9.9901E-05 9.9901E-05 9.9901E-05 0.998901 9.9901E-05 9.9901E-05 9.9901E-05 9.9901E-05 9.9901E-05
9.9901E-05 9.9901E-05 9.9901E-05 0.998901 9.9901E-05 9.9901E-05 9.9901E-05 9.9901E-05 9.9901E-05 9.9901E-05 9.9901E-05 9.9901E-05
9.9901E-05 9.9901E-05 0.998901 9.9901E-05 9.9901E-05 9.9901E-05 9.9901E-05 9.9901E-05 9.9901E-05 9.9901E-05 9.9901E-05 9.9901E-05
0.00777439 0.0163394 0.00591721 0.926715 0.00626712 0.0051755 0.00245394 0.000535608 0.0149771 9.9982E-05 9.9982E-05 0.0136445
0.00726157 9.9937E-05 0.979144 9.9937E-05 0.00420579 9.9937E-05 0.00328417 9.9937E-05 0.0054049 9.9937E-05 9.9937E-05 9.9937E-05
0.0206203 0.0479952 0.0413851 0.0293332 0.459101 0.0526428 0.0406642 0.143962 0.0155345 0.0344961 0.0195961 0.0946693
9.9901E-05 9.9901E-05 9.9901E-05 9.9901E-05 9.9901E-05 9.9901E-05 9.9901E-05 9.9901E-05 9.9901E-05 9.9901E-05 0.998901 9.9901E-05
0.0459829 0.101718 0.0539245 0.100867 0.153231 0.043954 0.0495998 0.134497 0.100934 0.0363482 0.0726471 0.106297
9.99009E-05 9.99009E-05 9.99009E-05 9.99009E-05 0.998901 9.99009E-05 9.99009E-05 9.99009E-05 9.99009E-05 9.99009E-05 9.99009E-05 9.99009E-05
9.99008E-05 9.99008E-05 9.99008E-05 9.99008E-05 0.998901 9.99008E-05 9.99008E-05 9.99008E-05 9.99008E-05 9.99008E-05 9.99008E-05 9.99008E-05
0.0993125 0.0539126 0.0140216 0.0576774 0.243691 0.0392855 0.0526982 0.179104 0.0464375 0.099179 0.0481053 0.0665753
9.99009E-05 9.99009E-05 9.99009E-05 9.99009E-05 9.99009E-05 9.99009E-05 9.99009E-05 9.99009E-05 9.99009E-05 0.998901 9.99009E-05 9.99009E-05
0.450941 0.0289158 0.0366477 0.045976 0.0915545 0.0360245 0.035374 0.105272 0.0266804 0.055835 0.0264137 0.0603649
9.9946E-05 9.9946E-05 0.00436254 9.9946E-05 9.9946E-05 0.0113484 9.9946E-05 0.950958 0.00852135 9.9946E-05 0.00832211 0.0158881
9.99009E-05 9.99009E-05 9.99009E-05 9.99009E-05 9.99009E-05 9.99009E-05 9.99009E-05 9.99009E-05 9.99009E-05 9.99009E-05 9.99009E-05 0.998901
0.034773 0.0373822 0.0139283 0.0244717 0.0538019 0.0268735 0.0231201 0.694684 0.0302048 0.0265496 0.0100229 0.0241877
9.9901E-05 0.998901 9.9901E-05 9.9901E-05 9.9901E-05 9.9901E-05 9.9901E-05 9.9901E-05 9.9901E-05 9.9901E-05 9.9901E-05 9.9901E-05
0.00535376 0.947584 9.9982E-05 0.00536071 0.0112914 9.9982E-05 0.00615558 0.0122057 0.00275157 0.0024951 0.00473573 0.00186691
9.99009E-05 9.99009E-05 9.99009E-05 9.99009E-05 9.99009E-05 9.99009E-05 9.99009E-05 9.99009E-05 0.998901 9.99009E-05 9.99009E-05 9.99009E-05
0.0185545 0.00891549 0.0217152 0.00180584 0.00631266 0.00844036 0.00466583 0.026168 0.867606 0.0112086 0.0159506 0.00865643
9.9901E-05 9.9901E-05 9.9901E-05 9.9901E-05 9.9901E-05 9.9901E-05 0.998901 9.9901E-05 9.9901E-05 9.9901E-05 9.9901E-05 9.9901E-05
9.991E-05 9.991E-05 9.991E-05 0.998267 9.991E-05 9.991E-05 9.991E-05 9.991E-05 9.991E-05 0.000733638 9.991E-05 9.991E-05
0.00169614 0.00258119 9.9964E-05 0.00597608 9.9964E-05 0.984173 0.00162492 0.000806774 9.9964E-05 9.9964E-05 0.00182554 0.00091618
9.9901E-05 9.9901E-05 9.9901E-05 0.998901 9.9901E-05 9.9901E-05 9.9901E-05 9.9901E-05 9.9901E-05 9.9901E-05 9.9901E-05 9.9901E-05
9.991E-05 9.991E-05 9.991E-05 9.991E-05 9.991E-05 0.998852 9.991E-05 9.991E-05 0.000148604 9.991E-05 9.991E-05 9.991E-05
0.0139574 0.0628719 0.040856 0.0477872 0.421347 0.0581391 0.0360376 0.144161 0.0252538 0.0442931 0.0210267 0.0842699
0.00616957 9.9964E-05 0.000500361 0.00223581 9.9964E-05 0.00234475 0.00173734 9.9964E-05 0.00355572 0.00670603 0.976351 9.9964E-05
0.0604962 0.0478818 0.0376027 0.0457674 0.308664 0.0481779 0.0532615 0.17446 0.04747 0.0190671 0.0527322 0.10442
9.99369E-05 0.0010166 0.0148777 9.99369E-05 0.960485 9.99369E-05 0.0104117 9.99369E-05 0.0125092 9.99369E-05 9.99369E-05 9.99369E-05
9.99009E-05 9.99009E-05 9.99009E-05 9.99009E-05 0.998901 9.99009E-05 9.99009E-05 9.99009E-05 9.99009E-05 9.99009E-05 9.99009E-05 9.99009E-05
0.0966863 0.0597672 0.0205913 0.0611402 0.202197 0.0693182 0.0710575 0.158654 0.0485076 0.0845378 0.0761416 0.0514012
9.99009E-05 9.99009E-05 9.99009E-05 9.99009E-05 9.99009E-05 9.99009E-05 9.99009E-05 9.99009E-05 9.99009E-05 0.998901 9.99009E-05 9.99009E-05
0.0441834 0.0415066 0.047385 0.0351178 0.162803 0.0101546 0.0326374 0.104028 0.0614553 0.0220723 0.0530463 0.385611
0.000703055 0.0220377 0.00782019 0.0319774 9.9991E-05 0.0169699 0.00258715 0.852365 0.0259473 0.00469331 0.014765 0.0200343
9.9901E-05 9.9901E-05 9.9901E-05 9.9901E-05 9.9901E-05 9.9901E-05 9.9901E-05 9.9901E-05 9.9901E-05 9.9901E-05 9.9901E-05 0.998901
9.99009E-05 9.99009E-05 9.99009E-05 9.99009E-05 9.99009E-05 9.99009E-05 9.99009E-05 0.998901 9.99009E-05 9.99009E-05 9.99009E-05 9.99009E-05
0.00210995 0.979805 0.00387648 9.9955E-05 9.9955E-05 9.9955E-05 9.9955E-05 9.9955E-05 0.00442116 0.00228482 0.000677143 0.00632549
9.9937E-05 0.948477 9.9937E-05 0.00516049 0.0165768 9.9937E-05 0.0102167 0.01887 9.9937E-05 9.9937E-05 9.9937E-05 9.9937E-05
9.9901E-05 9.9901E-05 9.9901E-05 9.9901E-05 9.9901E-05 9.9901E-05 9.9901E-05 9.9901E-05 0.998901 9.9901E-05 9.9901E-05 9.9901E-05
0.0338758 0.0341326 0.0288116 0.0245466 0.0730366 0.0165392 0.0319459 0.0831941 0.564326 0.0245143 0.0326079 0.0524693
0.00588982 0.0027912 0.003561 9.9973E-05 0.00593267 9.9973E-05 0.955882 0.0137069 9.9973E-05 0.000458637 0.00568068 0.00579761
0.0046739 0.00687763 0.00383999 0.968088 9.9964E-05 0.0020589 9.9964E-05 0.00704828 9.9964E-05 0.00630147 9.9964E-05 0.000711602
9.9955E-05 0.010487 0.927645 9.9955E-05 9.9955E-05 9.9955E-05 0.00471899 0.00165499 0.01639 9.9955E-05 0.017188 0.0214167
0.00859432 0.013054 0.0233771 0.850543 0.0187225 0.00710671 0.0110948 0.0142203 0.0180847 0.00830644 0.0157846 0.0111116
9.99009E-05 9.99009E-05 9.99009E-05 9.99009E-05 9.99009E-05 0.998901 9.99009E-05 9.99009E-05 9.99009E-05 9.99009E-05 9.99009E-05 9.99009E-05
0.0350345 0.0654695 0.0264441 0.0493835 0.363347 0.0551364 0.0375759 0.146374 0.0399507 0.0472183 0.0332696 0.100797
9.9901E-05 9.9901E-05 9.9901E-05 9.9901E-05 9.9901E-05 9.9901E-05 9.9901E-05 9.9901E-05 9.9901E-05 9.9901E-05 0.998901 9.9901E-05
0.0409929 0.0674892 0.0283171 0.0406632 0.343575 0.0427433 0.0448621 0.127885 0.0564225 0.0303675 0.0604709 0.116211
0.0390771 0.0354443 0.0348699 0.0371357 0.645779 9.9991E-05 0.0284667 0.0866255 0.0274372 0.0308538 0.00930357 0.0249067
9.99008E-05 9.99008E-05 9.99008E-05 9.99008E-05 0.998901 9.99008E-05 9.99008E-05 9.99008E-05 9.99008E-05 9.99008E-05 9.99008E-05 9.99008E-05
0.998901 9.99009E-05 9.99009E-05 9.99009E-05 9.99009E-05 9.99009E-05 9.99009E-05 9.99009E-05 9.99009E-05 9.99009E-05 9.99009E-05 9.99009E-05
0.0757229 0.0711334 0.0156312 0.0693382 0.223585 0.0638264 0.0813513 0.165594 0.0620646 0.069646 0.0625955 0.0395117
0.0468445 0.0582492 0.0443249 0.0465334 0.163072 0.0176101 0.0360073 0.105916 0.0614042 0.0202378 0.0490921 0.350709
0.00796037 0.0122635 0.00484202 0.0147731 9.9991E-05 0.00329919 0.00081488 0.906462 0.0248058 0.00396363 0.00863244 0.0120826
9.99009E-05 9.99009E-05 9.99009E-05 9.99009E-05 9.99009E-05 9.99009E-05 9.99009E-05 9.99009E-05 9.99009E-05 9.99009E-05 9.99009E-05 0.998901
0.0285774 0.014454 0.0228459 0.00820783 0.0544631 0.014463 0.0177133 0.753945 0.0289283 0.0249201 0.00277051 0.0287118
9.99101E-05 0.998163 9.99101E-05 9.99101E-05 9.99101E-05 9.99101E-05 9.99101E-05 9.99101E-05 9.99101E-05 0.00083793 9.99101E-05 9.99101E-05
9.99011E-05 0.998901 9.99011E-05 9.99011E-05 9.99011E-05 9.99011E-05 9.99011E-05 9.99011E-05 9.99011E-05 9.99011E-05 9.99011E-05 9.99011E-05
9.99009E-05 9.99009E-05 9.99009E-05 9.99009E-05 9.99009E-05 9.99009E-05 9.99009E-05 9.99009E-05 0.998901 9.99009E-05 9.99009E-05 9.99009E-05
0.0208088 0.0329395 0.0246429 0.0254843 0.065065 0.0200829 0.0348532 0.0859036 0.578245 0.038744 0.0417907 0.0314399
9.999E-05 0.0152688 0.00943703 0.0251955 0.0339369 0.0100297 0.838197 0.0178559 0.0108249 0.00695735 0.00666793 0.0255288
9.9901E-05 9.9901E-05 9.9901E-05 0.998901 9.9901E-05 9.9901E-05 9.9901E-05 9.9901E-05 9.9901E-05 9.9901E-05 9.9901E-05 9.9901E-05
9.9901E-05 9.9901E-05 0.998901 9.9901E-05 9.9901E-05 9.9901E-05 9.9901E-05 9.9901E-05 9.9901E-05 9.9901E-05 9.9901E-05 9.9901E-05
0.00783676 0.0344813 0.016446 0.746691 0.0361616 0.0168445 0.0218265 0.0358905 0.035504 0.0143617 0.015129 0.0188271
9.99009E-05 9.99009E-05 9.99009E-05 9.99009E-05 9.99009E-05 0.998901 9.99009E-05 9.99009E-05 9.99009E-05 9.99009E-05 9.99009E-05 9.99009E-05
0.0267411 0.0566839 0.0535968 0.0415517 0.417647 0.0402943 0.0243386 0.145665 0.0276816 0.0452489 0.0232468 0.0973045
9.9901E-05 9.9901E-05 9.9901E-05 9.9901E-05 9.9901E-05 9.9901E-05 9.9901E-05 9.9901E-05 9.9901E-05 9.9901E-05 0.998901 9.9901E-05
0.116191 0.0449917 0.011328 0.0576209 0.187434 0.090163 0.0611942 0.145722 0.0723459 0.072602 0.060318 0.0800902
0.0442699 0.0484851 0.0410118 0.0337212 0.40263 0.0380315 0.0452626 0.135323 0.0372069 0.0204788 0.0583526 0.0952263
0.0315626 0.0427167 9.9991E-05 0.0194313 0.628184 0.0314936 0.0443184 0.102068 0.0336812 0.0235604 0.0209062 0.0219772
0.0154912 0.024941 0.00398003 0.0168359 0.825163 0.00750786 0.0236565 0.029744 0.00899087 0.00403548 0.0245817 0.0150729
0.555141 0.0275118 0.0385409 0.033976 0.108278 0.035201 0.0317538 0.0468132 0.0373856 0.0406961 0.0265084 0.0181936
0.0817853 0.0752805 0.0131822 0.0770247 0.206915 0.0581804 0.0749069 0.16332 0.0530067 0.0761032 0.0728458 0.0474495
0.0262572 0.0130289 0.00283056 0.00447016 0.0187687 9.9991E-05 0.0194236 0.0420734 0.0240129 0.00685531 0.0193574 0.822822
9.9946E-05 0.00658838 9.9946E-05 0.0130734 9.9946E-05 0.0123527 9.9946E-05 0.951563 9.9946E-05 9.9946E-05 0.0144183 0.00140415
9.9964E-05 0.0101171 9.9964E-05 0.0114674 0.0192154 0.0198676 9.9964E-05 9.9964E-05 0.00361951 0.00175522 0.00521365 0.928344
0.0057918 9.991E-05 9.991E-05 9.991E-05 9.991E-05 9.991E-05 9.991E-05 0.993209 9.991E-05 9.991E-05 9.991E-05 9.991E-05
0.0173684 0.948097 0.00322375 9.9955E-05 9.9955E-05 0.00760875 9.9955E-05 9.9955E-05 0.0174086 9.9955E-05 0.0033427 0.00245095
9.9901E-05 0.998901 9.9901E-05 9.9901E-05 9.9901E-05 9.9901E-05 9.9901E-05 9.9901E-05 9.9901E-05 9.9901E-05 9.9901E-05 9.9901E-05
9.9901E-05 9.9901E-05 9.9901E-05 9.9901E-05 9.9901E-05 9.9901E-05 9.9901E-05 9.9901E-05 0.998901 9.9901E-05 9.9901E-05 9.9901E-05
0.0284003 0.00809487 9.9982E-05 0.00286665 0.00228728 0.00619032 0.00178488 0.0234628 0.910086 0.00576425 0.0108626 9.9982E-05
9.9901E-05 9.9901E-05 9.9901E-05 9.9901E-05 9.9901E-05 9.9901E-05 0.998901 9.9901E-05 9.9901E-05 9.9901E-05 9.9901E-05 9.9901E-05
9.9901E-05 9.9901E-05 9.9901E-05 0.998901 9.9901E-05 9.9901E-05 9.9901E-05 9.9901E-05 9.9901E-05 9.9901E-05 9.9901E-05 9.9901E-05
9.9901E-05 9.9901E-05 0.998901 9.9901E-05 9.9901E-05 9.9901E-05 9.9901E-05 9.9901E-05 9.9901E-05 9.9901E-05 9.9901E-05 9.9901E-05
9.99011E-05 9.99011E-05 9.99011E-05 0.998901 9.99011E-05 9.99011E-05 9.99011E-05 9.99011E-05 9.99011E-05 9.99011E-05 9.99011E-05 9.99011E-05
9.99009E-05 9.99009E-05 9.99009E-05 9.99009E-05 9.99009E-05 0.998901 9.99009E-05 9.99009E-05 9.99009E-05 9.99009E-05 9.99009E-05 9.99009E-05
0.0734913 0.0555322 0.00120113 0.0902559 0.269371 0.0561558 0.0560544 0.163432 0.0455168 0.0757512 0.0572088 0.0560297
0.00179663 0.00371481 0.00450709 0.00289197 9.9973E-05 0.00406293 0.00230229 0.00692053 9.9973E-05 0.0015225 0.971981 9.9973E-05
0.105518 0.0381582 0.0102446 0.0627918 0.181382 0.0962893 0.0553925 0.138583 0.0795991 0.0711616 0.0687166 0.0921633
0.0563701 0.0478921 0.0397949 0.0612312 0.327335 0.0626882 0.0453113 0.144868 0.0520165 0.0243822 0.0404209 0.0976899
0.0383839 0.0256921 0.00565883 0.0108139 0.656075 0.0321759 0.0339312 0.0986397 0.0250082 0.0370985 0.0262047 0.0103184
0.0273232 0.00198968 9.9991E-05 0.0187419 0.786788 0.0212848 0.0131015 0.0473866 0.0250045 0.0184171 0.0117139 0.0281486
0.998901 9.99008E-05 9.99008E-05 9.99008E-05 9.99008E-05 9.99008E-05 9.99008E-05 9.99008E-05 9.99008E-05 9.99008E-05 9.99008E-05 9.99008E-05
0.0772528 0.0666143 0.0361057 0.0847129 0.230375 0.042084 0.0683834 0.141446 0.0578427 0.0749941 0.0596371 0.0605523
0.0335057 0.0218554 0.0159678 9.9991E-05 0.00294136 0.0121176 0.0149955 0.0267132 0.0198593 0.00778673 0.0159212 0.828236
9.99009E-05 9.99009E-05 9.99009E-05 9.99009E-05 9.99009E-05 9.99009E-05 9.99009E-05 0.998901 9.99009E-05 9.99009E-05 9.99009E-05 9.99009E-05
9.99008E-05 9.99008E-05 9.99008E-05 9.99008E-05 9.99008E-05 9.99008E-05 9.99008E-05 9.99008E-05 9.99008E-05 9.99008E-05 9.99008E-05 0.998901
9.9901E-05 9.9901E-05 9.9901E-05 9.9901E-05 9.9901E-05 9.9901E-05 9.9901E-05 0.998901 9.9901E-05 9.9901E-05 9.9901E-05 9.9901E-05
0.010446 0.958365 9.9955E-05 9.9955E-05 9.9955E-05 0.00367035 9.9955E-05 9.9955E-05 0.00601248 0.00411113 0.00690158 0.00999371
9.99228E-05 0.994178 9.99228E-05 9.99228E-05 9.99228E-05 9.99228E-05 0.000450372 0.0044725 9.99228E-05 9.99228E-05 9.99228E-05 9.99228E-05
9.9901E-05 9.9901E-05 9.9901E-05 9.9901E-05 9.9901E-05 9.9901E-05 9.9901E-05 9.9901E-05 0.998901 9.9901E-05 9.9901E-05 9.9901E-05
9.9901E-05 9.9901E-05 9.9901E-05 9.9901E-05 9.9901E-05 9.9901E-05 9.9901E-05 9.9901E-05 0.998901 9.9901E-05 9.9901E-05 9.9901E-05
0.00725185 9.9946E-05 9.9946E-05 9.9946E-05 9.9946E-05 9.9946E-05 0.969077 9.9946E-05 0.00538138 0.00253233 0.00882712 0.00633079
0.00922593 9.9946E-05 0.00804315 0.972654 0.00209889 9.9946E-05 9.9946E-05 9.9946E-05 0.00403218 9.9946E-05 9.9946E-05 0.00334609
0.0365126 0.0454991 0.175893 0.0349772 0.0882247 0.327603 0.055513 0.0978806 0.0427372 0.0199956 0.0189099 0.0562538
0.00121743 9.9973E-05 9.9973E-05 0.952346 0.0134458 0.00282997 0.00275997 0.00607517 0.00545014 9.9973E-05 0.00841247 0.00716262
9.9928E-05 0.00440825 9.9928E-05 0.00338779 9.9928E-05 9.9928E-05 9.9928E-05 0.00225648 9.9928E-05 9.9928E-05 0.989148 9.9928E-05
0.0473734 0.0585113 0.0513096 0.0302593 0.364087 0.0284376 0.0312745 0.13417 0.0453871 0.0377907 0.0438205 0.127579
0.125718 0.044454 0.0130183 0.0623779 0.179085 0.0881263 0.0424783 0.149474 0.0773196 0.0643114 0.0684126 0.0852245
0.0656626 0.068572 0.0425808 0.0622973 0.273689 0.0612981 0.0695367 0.146496 0.0342682 0.0597253 0.047733 0.0681411
0.0186884 0.0379978 0.00855908 0.0271093 0.660499 0.0331933 0.0484649 0.0731593 0.0218603 0.0323478 0.0288784 0.00924204
0.0426606 0.018682 0.0488269 0.0400568 0.650419 0.011567 0.0392109 0.056734 0.0205371 0.00868622 0.0261844 0.0364351
9.9901E-05 9.9901E-05 9.9901E-05 9.9901E-05 9.9901E-05 9.9901E-05 9.9901E-05 9.9901E-05 9.9901E-05 0.998901 9.9901E-05 9.9901E-05
0.998901 9.99008E-05 9.99008E-05 9.99008E-05 9.99008E-05 9.99008E-05 9.99008E-05 9.99008E-05 9.99008E-05 9.99008E-05 9.99008E-05 9.99008E-05
0.0816474 0.0383802 0.00260494 0.0981368 0.251688 0.0695633 0.0760072 0.147751 0.0512888 0.104945 0.0394629 0.0385239
0.0223219 0.026928 9.9973E-05 9.9973E-05 0.0187854 9.9973E-05 0.0174082 0.0146484 0.0294238 0.00112883 0.0145747 0.854481
9.99009E-05 9.99009E-05 9.99009E-05 9.99009E-05 9.99009E-05 9.99009E-05 9.99009E-05 0.998901 9.99009E-05 9.99009E-05 9.99009E-05 9.99009E-05
9.99009E-05 9.99009E-05 9.99009E-05 9.99009E-05 9.99009E-05 9.99009E-05 9.99009E-05 9.99009E-05 9.99009E-05 9.99009E-05 9.99009E-05 0.998901
9.99452E-05 9.99452E-05 0.00205241 9.99452E-05 0.000355661 0.00583917 0.00447213 0.986581 9.99452E-05 9.99452E-05 9.99452E-05 9.99452E-05
9.9906E-05 0.998901 9.9906E-05 9.9906E-05 9.9906E-05 9.9906E-05 9.9906E-05 9.9906E-05 9.9906E-05 9.9906E-05 9.9906E-05 9.9906E-05
0.0176069 0.00221352 9.9946E-05 9.9946E-05 9.9946E-05 0.0023555 9.9946E-05 0.00875377 0.956974 9.9946E-05 0.011497 9.9946E-05
9.9901E-05 9.9901E-05 9.9901E-05 9.9901E-05 9.9901E-05 9.9901E-05 0.998901 9.9901E-05 9.9901E-05 9.9901E-05 9.9901E-05 9.9901E-05
0.0253896 0.0488806 0.0348309 0.0397896 0.130166 0.0104391 0.480116 0.109302 0.0632935 0.0325947 0.0208632 0.00433446
0.0496468 0.0596664 0.162519 0.0378564 0.150816 0.199479 0.0351748 0.119225 0.0584229 0.0375079 0.043164 0.0465213
9.99009E-05 9.99009E-05 9.99009E-05 0.998901 9.99009E-05 9.99009E-05 9.99009E-05 9.99009E-05 9.99009E-05 9.99009E-05 9.99009E-05 9.99009E-05
9.9901E-05 9.9901E-05 0.998901 9.9901E-05 9.9901E-05 9.9901E-05 9.9901E-05 9.9901E-05 9.9901E-05 9.9901E-05 9.9901E-05 9.9901E-05
0.0139373 0.0096752 0.0207509 0.860605 0.0351364 0.00766907 0.0040411 0.000638468 0.0143518 9.9991E-05 0.0252625 0.00783197
9.9901E-05 9.9901E-05 9.9901E-05 9.9901E-05 9.9901E-05 9.9901E-05 9.9901E-05 9.9901E-05 9.9901E-05 9.9901E-05 0.998901 9.9901E-05
0.0604066 0.0483207 0.0388618 0.0365725 0.343159 0.0331837 0.058042 0.13252 0.05267 0.0266342 0.0479571 0.121673
0.096304 0.0492561 0.0489853 0.0620183 0.164774 0.0561396 0.0533182 0.153216 0.0873816 0.0664615 0.0679637 0.0941823
0.0639532 0.061805 0.0630209 0.0442628 0.32341 0.00982694 0.0534154 0.143211 0.0463217 0.0531973 0.0553936 0.0821827
0.0466016 0.0148295 0.0411714 0.0215984 0.712963 9.9991E-05 0.0413028 0.0516739 0.000779618 0.0215152 0.0127898 0.0346744
9.9964E-05 0.0166273 0.0241082 0.00972519 0.913092 0.00875081 9.9964E-05 9.9964E-05 0.00157373 9.9964E-05 0.0208555 0.00486711
9.9901E-05 9.9901E-05 9.9901E-05 9.9901E-05 9.9901E-05 9.9901E-05 9.9901E-05 9.9901E-05 9.9901E-05 0.998901 9.9901E-05 9.9901E-05
0.847796 0.0244841 0.0201484 0.0123106 0.00663074 0.0013599 0.0271242 0.0039783 0.0212333 9.9991E-05 0.0146755 0.0201593
0.0858167 0.0328217 0.0084002 0.0905973 0.258023 0.0769311 0.0691718 0.14878 0.0438433 0.106259 0.0414467 0.0379092
0.0198903 0.0228032 0.0129206 0.0150973 0.017638 9.9991E-05 0.0319796 0.0198061 0.0310536 0.00680075 0.0351648 0.786746
9.99009E-05 9.99009E-05 9.99009E-05 9.99009E-05 9.99009E-05 9.99009E-05 9.99009E-05 0.998901 9.99009E-05 9.99009E-05 9.99009E-05 9.99009E-05
9.99009E-05 9.99009E-05 9.99009E-05 9.99009E-05 9.99009E-05 9.99009E-05 9.99009E-05 9.99009E-05 9.99009E-05 9.99009E-05 9.99009E-05 0.998901
9.9901E-05 0.998901 9.9901E-05 9.9901E-05 9.9901E-05 9.9901E-05 9.9901E-05 9.9901E-05 9.9901E-05 9.9901E-05 9.9901E-05 9.9901E-05
