9.996E-05 0.9995 9.996E-05 9.996E-05 9.996E-05 9.996E-05
9.999E-05 0.00558108 0.0263044 0.00867002 0.952752 0.0065922
0.00201853 0.00197657 0.030849 9.9991E-05 0.95387 0.011186
9.996E-05 9.996E-05 9.996E-05 0.9995 9.996E-05 9.996E-05
9.996E-05 9.996E-05 9.996E-05 0.9995 9.996E-05 9.996E-05
0.0451003 0.0672259 0.72264 0.0469437 0.0575698 0.06052
9.996E-05 9.996E-05 9.996E-05 9.996E-05 9.996E-05 0.9995
9.996E-05 9.996E-05 0.9995 9.996E-05 9.996E-05 9.996E-05
0.125057 0.0724188 0.613481 0.0676563 0.0464398 0.074947
9.9964E-05 9.9964E-05 0.992255 9.9964E-05 0.00734473 9.9964E-05
0.12768 0.0805429 0.543179 0.106869 0.054484 0.0872452
0.128068 0.0680938 0.539701 0.0660284 0.102332 0.0957775
0.0497399 0.0338284 0.757262 0.0675228 0.00608171 0.0855651
0.0657225 0.0162705 0.787983 0.0527376 9.9991E-05 0.0771868
0.00783059 0.014272 0.35911 0.0244072 0.0312319 0.563148
0.0702982 0.00931897 0.780395 0.0591724 0.0443388 0.0364766
0.0548287 0.0121311 0.759745 0.0669382 0.0654121 0.0409449
0.0906195 0.0672193 0.573906 0.0927875 0.0741378 0.10133
0.788688 0.0267569 0.099912 0.031353 0.0401872 0.0131031
0.0837991 0.0535863 0.664681 0.0795689 0.0543674 0.0639972
0.993371 0.00045502 9.9973E-05 9.9973E-05 0.00587442 9.9973E-05
0.0615026 0.0276461 0.783584 0.074196 0.00770487 0.0453659
9.999E-05 0.924732 0.032858 0.00808881 0.00996926 0.024252
9.996E-05 9.996E-05 9.996E-05 9.996E-05 0.9995 9.996E-05
0.00332192 0.00564302 0.0508041 0.00800471 0.917664 0.0145627
9.996E-05 9.996E-05 9.996E-05 0.9995 9.996E-05 9.996E-05
9.996E-05 9.996E-05 9.996E-05 9.996E-05 9.996E-05 0.9995
9.996E-05 9.996E-05 0.9995 9.996E-05 9.996E-05 9.996E-05
0.0038747 0.0145757 0.0471949 0.0088106 0.0146594 0.910885
9.9964E-05 9.9964E-05 0.990726 9.9964E-05 0.0088744 9.9964E-05
0.144101 0.0581788 0.645065 0.0627179 0.0181709 0.0717663
9.996E-05 9.996E-05 0.9995 9.996E-05 9.996E-05 9.996E-05
0.121632 0.10407 0.485897 0.0779227 0.104433 0.106045
0.0569315 0.0419313 0.749348 0.0607615 9.9991E-05 0.0909275
0.0774043 0.0163101 0.770878 0.0571002 9.9991E-05 0.0782073
0.09158 0.0656698 0.625014 0.0819043 0.0544732 0.0813591
0.0745535 0.0143365 0.771685 0.0612289 0.0447151 0.0334804
0.0972517 0.0446284 0.656034 0.0796549 0.0477058 0.074725
0.07634 0.032954 0.779298 0.0412117 0.0217819 0.0484145
0.9995 9.996E-05 9.996E-05 9.996E-05 9.996E-05 9.996E-05
0.08631 0.0480895 0.689626 0.0722667 0.0507932 0.0529143
9.996E-05 0.9995 9.996E-05 9.996E-05 9.996E-05 9.996E-05
0.0063191 0.953156 0.0101559 0.0155541 0.000658003 0.0141573
9.996E-05 9.996E-05 9.996E-05 9.996E-05 0.9995 9.996E-05
0.00358901 0.0140337 0.0924052 0.00405596 0.877851 0.00806533
9.996E-05 9.996E-05 9.996E-05 0.9995 9.996E-05 9.996E-05
9.996E-05 9.996E-05 9.996E-05 9.996E-05 9.996E-05 0.9995
0.00242715 0.0148852 0.94086 0.0020275 0.0256703 0.0141297
9.996E-05 9.996E-05 9.996E-05 9.996E-05 9.996E-05 0.9995
9.9991E-05 0.0167947 0.951192 0.00101402 0.0101412 0.0207576
0.124065 0.0715957 0.631706 0.0733498 0.0208526 0.0784301
9.996E-05 9.996E-05 0.9995 9.996E-05 9.996E-05 9.996E-05
0.148236 0.0647757 0.588333 0.0775251 0.0475812 0.0735495
0.0489319 0.0409811 0.73902 0.0686598 0.0161815 0.0862257
0.0839151 0.0357963 0.740815 0.0615761 0.00596463 0.071933
0.0828465 0.0734402 0.609362 0.0870151 0.0679059 0.0794301
0.0803062 0.00197346 0.760693 0.0661251 0.0567175 0.0341847
0.412173 0.0399926 0.36727 0.0529307 0.0666418 0.0609924
0.0695383 0.0449147 0.73419 0.0541474 0.0347484 0.0624609
0.9995 9.996E-05 9.996E-05 9.996E-05 9.996E-05 9.996E-05
0.0627276 0.0183133 0.816176 0.0558227 0.0139592 0.0330011
0.0135774 0.983115 9.9973E-05 9.9973E-05 0.00300754 9.9973E-05
9.9982E-05 0.956809 0.03045 0.00992146 9.9982E-05 0.00261967
9.996E-05 9.996E-05 9.996E-05 9.996E-05 0.9995 9.996E-05
0.0582685 0.0241261 0.262774 0.0355905 0.578656 0.0405849
0.00575037 0.0065815 0.0144207 0.967942 0.00520503 9.9991E-05
0.00645651 0.00583308 9.9982E-05 9.9982E-05 0.00615176 0.981359
0.0120303 9.9973E-05 0.969503 9.9973E-05 0.0181672 9.9973E-05
0.0178055 0.018639 0.089747 0.0103649 0.0148955 0.848548
9.9982E-05 0.0192087 0.967073 9.9982E-05 0.00957609 0.00394184
0.140455 0.073047 0.605946 0.064244 0.045915 0.0703924
9.996E-05 9.996E-05 0.9995 9.996E-05 9.996E-05 9.996E-05
0.147501 0.0786039 0.584476 0.0701422 0.0482051 0.0710723
0.079116 0.0576503 0.659646 0.0778212 0.0322564 0.0935097
0.0880184 0.00425912 0.770023 0.0585853 9.9991E-05 0.0790142
0.0596596 0.0108516 0.763564 0.0664396 0.0669078 0.0325778
0.0736332 0.0679499 0.610677 0.0918732 0.065823 0.0900436
0.374031 0.0615831 0.385527 0.0415248 0.0740518 0.0632822
0.0731966 0.0374828 0.759383 0.0480013 0.0319723 0.0499636
0.9995 9.996E-05 9.996E-05 9.996E-05 9.996E-05 9.996E-05
0.0792941 0.0433193 0.719371 0.0655928 0.0415654 0.0508578
0.0036752 0.995925 9.9964E-05 9.9964E-05 9.9964E-05 9.9964E-05
9.996E-05 0.9995 9.996E-05 9.996E-05 9.996E-05 9.996E-05
9.996E-05 9.996E-05 9.996E-05 9.996E-05 0.9995 9.996E-05
0.0449452 0.0320373 0.26226 0.0365111 0.584953 0.0392938
0.0230724 0.00800758 0.0984318 0.83854 0.0115516 0.0203968
9.996E-05 9.996E-05 9.996E-05 9.996E-05 9.996E-05 0.9995
9.996E-05 9.996E-05 0.9995 9.996E-05 9.996E-05 9.996E-05
0.0214152 0.0410151 0.125426 0.0225368 0.0365974 0.75301
9.9973E-05 0.0132142 0.975585 9.9973E-05 0.0109009 9.9973E-05
0.137427 0.0755951 0.630838 0.0535058 0.0290257 0.0736083
9.996E-05 9.996E-05 0.9995 9.996E-05 9.996E-05 9.996E-05
0.102877 0.0506566 0.593494 0.0790563 0.0889478 0.0849689
0.140822 0.0577489 0.631229 0.0706438 0.0355273 0.0640292
0.0675026 0.0570728 0.667056 0.0874713 0.0493365 0.0715612
0.0855921 0.0518667 0.693288 0.0688441 0.0109835 0.0894257
0.059449 0.0435389 0.684417 0.0633403 0.0804292 0.0688255
0.0705063 0.0695734 0.618195 0.0959869 0.0581531 0.0875855
0.832937 0.0178458 0.0932168 0.0210174 0.0287447 0.00623871
0.0612018 0.0346497 0.766251 0.0482698 0.0194622 0.0701651
0.944624 0.0163371 0.0140608 9.9991E-05 0.0117246 0.0131538
0.0705224 0.0167078 0.799712 0.0627172 0.000806359 0.0495342
0.0104887 0.95668 0.0165699 9.9991E-05 0.0134946 0.00266655
9.996E-05 0.9995 9.996E-05 9.996E-05 9.996E-05 9.996E-05
9.996E-05 9.996E-05 9.996E-05 9.996E-05 0.9995 9.996E-05
9.9991E-05 0.0118446 0.0459076 0.00664363 0.923836 0.0116683
9.996E-05 9.996E-05 9.996E-05 0.9995 9.996E-05 9.996E-05
9.996E-05 9.996E-05 9.996E-05 9.996E-05 9.996E-05 0.9995
9.996E-05 9.996E-05 0.9995 9.996E-05 9.996E-05 9.996E-05
9.996E-05 9.996E-05 9.996E-05 9.996E-05 9.996E-05 0.9995
9.9973E-05 0.00420434 0.984855 9.9973E-05 0.0106411 9.9973E-05
0.0775062 0.0725523 0.605143 0.0763169 0.0441514 0.12433
9.996E-05 9.996E-05 0.9995 9.996E-05 9.996E-05 9.996E-05
0.118933 0.0532098 0.589775 0.0811222 0.0852329 0.0717273
0.128485 0.0547266 0.59795 0.0650634 0.068279 0.085497
0.0618045 0.0579725 0.680916 0.0955194 0.0410594 0.0627285
0.0932241 0.0269257 0.700749 0.0693294 0.0282847 0.0814869
0.0472881 0.000370999 0.790644 0.0714689 0.0530488 0.0371795
0.0891955 0.0664269 0.57638 0.0855731 0.0772458 0.105178
0.82785 0.017785 0.0961049 0.020026 0.0287595 0.00947482
0.0661209 0.0262627 0.80479 0.0470144 0.0141015 0.0417104
0.9995 9.996E-05 9.996E-05 9.996E-05 9.996E-05 9.996E-05
0.0610424 0.0186923 0.797743 0.0758528 9.9991E-05 0.0465697
0.0150839 0.9683 0.0116185 9.9982E-05 0.00479731 9.9982E-05
9.9964E-05 0.994539 9.9964E-05 0.00506113 9.9964E-05 9.9964E-05
9.996E-05 9.996E-05 9.996E-05 9.996E-05 0.9995 9.996E-05
9.996E-05 9.996E-05 9.996E-05 9.996E-05 0.9995 9.996E-05
0.00339959 9.9982E-05 9.9982E-05 0.986365 0.00871307 0.00132189
9.9991E-05 0.00249051 0.01011 0.00480907 0.00737978 0.975111
0.0670455 0.0455599 0.732775 0.0599947 0.0496142 0.0450108
0.00511246 9.9991E-05 0.00837967 0.00197144 0.0110304 0.973406
9.9964E-05 0.00366665 0.995933 9.9964E-05 9.9964E-05 9.9964E-05
0.16724 0.0799111 0.593944 0.0578081 0.0394027 0.061695
0.112753 0.0573175 0.595246 0.0741909 0.0788187 0.0816738
0.099335 0.0665074 0.612707 0.0926494 0.0369626 0.091839
0.0607646 0.0606116 0.673046 0.0919163 0.0354005 0.0782607
0.0899617 0.0484915 0.668098 0.0830439 0.0212639 0.0891407
0.0884957 0.0114316 0.755339 0.0634401 0.0477541 0.0335397
0.0584272 0.0113186 0.777492 0.0584573 0.0514461 0.0428585
0.0730206 0.052737 0.59123 0.101454 0.0599623 0.121595
0.85746 0.0197262 0.058785 0.0236966 0.0363961 0.00393578
0.0566349 0.0136319 0.840532 0.0385287 0.0141596 0.0365127
0.9995 9.996E-05 9.996E-05 9.996E-05 9.996E-05 9.996E-05
0.0582026 0.0239723 0.788745 0.077733 9.9991E-05 0.0512474
9.9964E-05 0.998336 9.9964E-05 9.9964E-05 0.00126418 9.9964E-05
9.9982E-05 0.00590642 0.0239775 9.9982E-05 0.967793 0.00212319
9.996E-05 9.996E-05 9.996E-05 0.9995 9.996E-05 9.996E-05
0.0319306 0.0494864 0.312135 0.496916 0.0597434 0.0497882
0.0586167 0.0703572 0.700645 0.0483741 0.0693775 0.052629
9.996E-05 9.996E-05 9.996E-05 9.996E-05 9.996E-05 0.9995
9.996E-05 9.996E-05 0.9995 9.996E-05 9.996E-05 9.996E-05
0.018903 0.0138408 0.0558261 0.0155083 0.0306728 0.865249
9.996E-05 9.996E-05 0.9995 9.996E-05 9.996E-05 9.996E-05
0.156469 0.061805 0.56922 0.0807869 0.0593302 0.0723893
0.125775 0.056375 0.568562 0.0743392 0.0928648 0.0820834
0.116307 0.0697657 0.613763 0.0712101 0.0445847 0.0843695
0.0880203 0.0329401 0.684337 0.0924467 0.0180449 0.0842108
0.0637759 0.0400513 0.741417 0.0553984 0.00728375 0.0920737
0.0684622 0.0182393 0.76353 0.0619842 0.0477402 0.040044
0.077768 0.029343 0.701951 0.0827921 0.0648404 0.0433058
0.0712703 0.0491986 0.623034 0.104626 0.0365723 0.115299
0.789344 0.0273304 0.105244 0.0307499 0.0323399 0.014992
0.0545301 0.0236839 0.817776 0.0369538 0.0189639 0.0480924
0.9995 9.996E-05 9.996E-05 9.996E-05 9.996E-05 9.996E-05
9.996E-05 0.9995 9.996E-05 9.996E-05 9.996E-05 9.996E-05
