9.99011E-05 9.99011E-05 9.99011E-05 9.99011E-05 9.99011E-05 9.99011E-05 9.99011E-05 0.998901 9.99011E-05 9.99011E-05 9.99011E-05 9.99011E-05
0.00249882 9.9964E-05 0.95607 0.0156246 0.00895187 0.00401472 9.9964E-05 0.0064873 0.00408032 9.9964E-05 0.00187253 9.9964E-05
9.9937E-05 9.9937E-05 0.94852 0.008582 0.0154399 0.0121231 9.9937E-05 9.9937E-05 9.9937E-05 0.0146357 9.9937E-05 9.9937E-05
9.99009E-05 9.99009E-05 9.99009E-05 9.99009E-05 9.99009E-05 9.99009E-05 9.99009E-05 9.99009E-05 9.99009E-05 9.99009E-05 0.998901 9.99009E-05
9.9901E-05 9.9901E-05 9.9901E-05 9.9901E-05 9.9901E-05 9.9901E-05 9.9901E-05 9.9901E-05 9.9901E-05 9.9901E-05 0.998901 9.9901E-05
0.102205 0.0291137 0.0689746 0.047785 0.0474698 0.0342308 0.316441 0.0599975 0.0504661 0.109849 0.0386451 0.0948226
9.9901E-05 9.9901E-05 9.9901E-05 9.9901E-05 9.9901E-05 9.9901E-05 9.9901E-05 9.9901E-05 0.998901 9.9901E-05 9.9901E-05 9.9901E-05
9.9901E-05 9.9901E-05 9.9901E-05 9.9901E-05 9.9901E-05 9.9901E-05 0.998901 9.9901E-05 9.9901E-05 9.9901E-05 9.9901E-05 9.9901E-05
0.377187 0.0998555 0.0336803 0.0251501 0.02846 0.0500465 0.0354773 0.0593583 0.063344 0.138112 0.0371207 0.0522084
9.9937E-05 0.00429157 0.0136464 0.980263 9.9937E-05 9.9937E-05 9.9937E-05 9.9937E-05 0.0001974 9.9937E-05 0.000901974 9.9937E-05
0.238436 0.106257 0.0679136 0.0434362 0.0418684 0.0398094 0.0470572 0.0742958 0.0631247 0.139378 0.076729 0.0616944
0.148815 0.0984121 0.090729 0.0579479 0.0885122 0.0746035 0.0503709 0.0490146 0.0759423 0.156542 0.0444656 0.0646452
0.973482 9.99549E-05 9.99549E-05 9.99549E-05 9.99549E-05 9.99549E-05 0.016002 0.00122923 0.00111572 0.00207198 0.00549904 9.99549E-05
0.998901 9.99008E-05 9.99008E-05 9.99008E-05 9.99008E-05 9.99008E-05 9.99008E-05 9.99008E-05 9.99008E-05 9.99008E-05 9.99008E-05 9.99008E-05
0.135043 0.00540671 0.0279486 0.0299951 0.061801 0.0450853 0.000272634 0.0137355 0.540124 0.0772381 0.0212413 0.0421081
9.9901E-05 9.9901E-05 9.9901E-05 9.9901E-05 9.9901E-05 0.998901 9.9901E-05 9.9901E-05 9.9901E-05 9.9901E-05 9.9901E-05 9.9901E-05
9.99009E-05 9.99009E-05 9.99009E-05 9.99009E-05 0.998901 9.99009E-05 9.99009E-05 9.99009E-05 9.99009E-05 9.99009E-05 9.99009E-05 9.99009E-05
0.202156 0.0619536 0.0629218 0.0459938 0.0818727 0.0648818 0.0286785 0.0618622 0.0810727 0.182605 0.0727411 0.0532603
0.00385815 0.788143 0.0344872 0.0190546 0.0235207 0.0132208 0.00144414 0.0261964 0.00688233 0.043431 0.039662 9.9991E-05
0.0159263 0.0366871 0.0369501 0.0242519 0.00347539 0.0326947 0.017292 0.0242438 0.0279804 0.707117 0.0376622 0.0357188
9.9937E-05 0.984571 0.00958695 9.9937E-05 9.9937E-05 0.000122784 0.00399009 9.9937E-05 0.00102938 9.9937E-05 9.9937E-05 9.9937E-05
0.0127968 0.00944761 9.9964E-05 9.9964E-05 0.0159908 9.9964E-05 9.9964E-05 0.00906891 0.00420416 0.930494 0.0109043 0.00669341
0.00988944 9.9955E-05 0.00381703 9.9955E-05 9.9955E-05 9.9955E-05 0.00364692 0.919053 0.0150607 0.0376233 0.0104096 9.9955E-05
9.99009E-05 9.99009E-05 0.998901 9.99009E-05 9.99009E-05 9.99009E-05 9.99009E-05 9.99009E-05 9.99009E-05 9.99009E-05 9.99009E-05 9.99009E-05
0.00591318 9.9964E-05 0.910644 0.0133162 0.00894225 0.011632 9.9964E-05 0.0162483 0.00806103 0.0248434 9.9964E-05 9.9964E-05
9.9901E-05 9.9901E-05 9.9901E-05 9.9901E-05 9.9901E-05 9.9901E-05 9.9901E-05 9.9901E-05 9.9901E-05 9.9901E-05 0.998901 9.9901E-05
9.9919E-05 9.9919E-05 9.9919E-05 9.9919E-05 9.9919E-05 9.9919E-05 0.00341929 9.9919E-05 0.993419 9.9919E-05 0.00226283 9.9919E-05
9.9901E-05 9.9901E-05 9.9901E-05 9.9901E-05 9.9901E-05 9.9901E-05 0.998901 9.9901E-05 9.9901E-05 9.9901E-05 9.9901E-05 9.9901E-05
9.9973E-05 9.9973E-05 0.00535382 0.0138569 0.0104184 0.00492845 0.000354489 0.016077 0.932709 0.0101812 0.00582064 9.9973E-05
0.00479735 0.00738227 0.00433354 9.9955E-05 0.0032766 9.9955E-05 0.970478 0.00446193 9.9955E-05 9.9955E-05 0.00477077 9.9955E-05
0.427186 0.100585 0.0166447 0.0180708 0.0153048 0.0299896 0.0329634 0.0508673 0.0369086 0.15822 0.0471762 0.0660843
9.9901E-05 9.9901E-05 9.9901E-05 0.998901 9.9901E-05 9.9901E-05 9.9901E-05 9.9901E-05 9.9901E-05 9.9901E-05 9.9901E-05 9.9901E-05
0.192803 0.0926292 0.0913353 0.0690732 0.040344 0.0337283 0.0526123 0.0818315 0.10956 0.127965 0.066803 0.0413147
0.989535 9.99189E-05 9.99189E-05 9.99189E-05 9.99189E-05 9.99189E-05 0.00498162 9.99189E-05 9.99189E-05 9.99189E-05 0.00458451 9.99189E-05
0.998901 9.99008E-05 9.99008E-05 9.99008E-05 9.99008E-05 9.99008E-05 9.99008E-05 9.99008E-05 9.99008E-05 9.99008E-05 9.99008E-05 9.99008E-05
0.234491 0.0532828 0.0443287 0.0575238 0.128815 0.0934956 0.0259772 0.0584275 0.0506873 0.181705 0.033886 0.0373798
9.99009E-05 9.99009E-05 9.99009E-05 9.99009E-05 9.99009E-05 0.998901 9.99009E-05 9.99009E-05 9.99009E-05 9.99009E-05 9.99009E-05 9.99009E-05
0.0801926 0.0530469 0.0129663 0.0303211 0.450067 0.0578238 0.0383628 0.035448 0.0492142 0.116947 0.0406072 0.0350028
9.9937E-05 0.00346082 0.000614217 0.0163773 9.9937E-05 9.9937E-05 9.9937E-05 9.9937E-05 9.9937E-05 0.964147 9.9937E-05 0.0147009
9.99009E-05 0.998901 9.99009E-05 9.99009E-05 9.99009E-05 9.99009E-05 9.99009E-05 9.99009E-05 9.99009E-05 9.99009E-05 9.99009E-05 9.99009E-05
0.0574475 0.0441082 0.0259165 0.0144664 0.0402871 0.0177011 0.025236 0.0246994 0.00712928 0.701844 0.0241392 0.0170252
9.9901E-05 9.9901E-05 9.9901E-05 9.9901E-05 9.9901E-05 9.9901E-05 9.9901E-05 0.998901 9.9901E-05 9.9901E-05 9.9901E-05 9.9901E-05
0.0220706 0.00342412 9.9964E-05 0.000915157 9.9964E-05 0.00207998 9.9964E-05 0.945828 0.000279317 0.00475626 0.0202468 9.9964E-05
9.9901E-05 9.9901E-05 0.998901 9.9901E-05 9.9901E-05 9.9901E-05 9.9901E-05 9.9901E-05 9.9901E-05 9.9901E-05 9.9901E-05 9.9901E-05
0.00614974 0.00616873 0.875323 0.0126927 0.0173086 0.00310496 0.00678461 0.0148758 0.00670351 0.0285713 0.00819508 0.0141223
9.9901E-05 9.9901E-05 9.9901E-05 9.9901E-05 9.9901E-05 9.9901E-05 9.9901E-05 9.9901E-05 9.9901E-05 9.9901E-05 0.998901 9.9901E-05
9.9901E-05 9.9901E-05 9.9901E-05 9.9901E-05 9.9901E-05 9.9901E-05 9.9901E-05 9.9901E-05 0.998901 9.9901E-05 9.9901E-05 9.9901E-05
9.9937E-05 9.9937E-05 9.9937E-05 9.9937E-05 0.000662076 9.9937E-05 9.9937E-05 0.00505549 0.00738766 0.00328276 9.9937E-05 0.982912
9.9901E-05 9.9901E-05 9.9901E-05 9.9901E-05 9.9901E-05 9.9901E-05 9.9901E-05 9.9901E-05 0.998901 9.9901E-05 9.9901E-05 9.9901E-05
9.9901E-05 9.9901E-05 9.9901E-05 9.9901E-05 9.9901E-05 9.9901E-05 9.9901E-05 9.9901E-05 9.9901E-05 9.9901E-05 9.9901E-05 0.998901
0.367446 0.0877768 0.0392603 0.0457858 0.0125185 0.0391683 0.0293892 0.0555447 0.0693921 0.159828 0.040586 0.0533047
9.9928E-05 9.9928E-05 9.9928E-05 0.989598 9.9928E-05 9.9928E-05 0.00174309 0.00145579 0.0064036 9.9928E-05 9.9928E-05 9.9928E-05
0.29246 0.103447 0.0442891 0.0368884 0.0671626 0.0165042 0.0226692 0.0683472 0.0482312 0.190131 0.0605323 0.0493367
0.957913 9.99549E-05 0.00673773 0.0071151 9.99549E-05 0.0007184 0.00592384 0.00848716 9.99549E-05 9.99549E-05 0.0126051 9.99549E-05
0.998901 9.99009E-05 9.99009E-05 9.99009E-05 9.99009E-05 9.99009E-05 9.99009E-05 9.99009E-05 9.99009E-05 9.99009E-05 9.99009E-05 9.99009E-05
0.214716 0.0518764 0.0513223 0.0698308 0.0819175 0.0796834 0.0220786 0.0563628 0.069683 0.175592 0.0582214 0.0687157
9.9901E-05 9.9901E-05 9.9901E-05 9.9901E-05 9.9901E-05 0.998901 9.9901E-05 9.9901E-05 9.9901E-05 9.9901E-05 9.9901E-05 9.9901E-05
0.139238 0.404828 0.0654862 0.0349296 0.0352454 0.0315844 0.0350118 0.0361204 0.0468716 0.100509 0.0508928 0.0192835
9.99874E-05 0.0214279 0.0214992 0.017129 0.00339742 9.99874E-05 0.0126592 0.0123384 0.0178533 0.856566 0.0156776 0.0212516
9.9901E-05 0.998901 9.9901E-05 9.9901E-05 9.9901E-05 9.9901E-05 9.9901E-05 9.9901E-05 9.9901E-05 9.9901E-05 9.9901E-05 9.9901E-05
9.99009E-05 9.99009E-05 9.99009E-05 9.99009E-05 9.99009E-05 9.99009E-05 9.99009E-05 9.99009E-05 9.99009E-05 0.998901 9.99009E-05 9.99009E-05
9.9919E-05 9.9919E-05 0.00882439 9.9919E-05 9.9919E-05 9.9919E-05 0.000397384 0.989879 9.9919E-05 9.9919E-05 9.9919E-05 9.9919E-05
0.0164409 9.9955E-05 9.9955E-05 0.000738663 9.9955E-05 9.9955E-05 0.000469905 0.947848 0.00626273 0.0167002 0.0110397 9.9955E-05
9.9901E-05 9.9901E-05 0.998901 9.9901E-05 9.9901E-05 9.9901E-05 9.9901E-05 9.9901E-05 9.9901E-05 9.9901E-05 9.9901E-05 9.9901E-05
0.0705821 0.0325959 0.57272 0.0314144 0.0267082 0.0393118 0.0309024 0.0285883 0.0337466 0.0776405 0.0313913 0.0243988
0.00516396 0.00845259 9.9964E-05 0.000456553 0.00739067 9.9964E-05 0.00614551 0.00570528 0.00138393 9.9964E-05 0.964902 9.9964E-05
9.9928E-05 9.9928E-05 9.9928E-05 9.9928E-05 0.0104435 0.00241016 9.9928E-05 0.00992426 0.976423 9.9928E-05 9.9928E-05 9.9928E-05
0.00560725 0.0146753 0.0109941 0.0050165 9.9973E-05 9.9973E-05 0.941769 0.00966226 0.00533588 0.003166 0.00347423 9.9973E-05
0.0129539 0.0124442 0.0278376 0.00859845 0.00553056 9.9991E-05 0.00600055 0.015247 0.845728 0.0357688 0.0105871 0.019204
9.99009E-05 9.99009E-05 9.99009E-05 9.99009E-05 9.99009E-05 9.99009E-05 9.99009E-05 9.99009E-05 9.99009E-05 9.99009E-05 9.99009E-05 0.998901
0.340069 0.110772 0.030428 0.0290851 0.0373435 0.0480437 0.0382031 0.0637732 0.0566274 0.153828 0.0413186 0.0505092
9.9901E-05 9.9901E-05 9.9901E-05 0.998901 9.9901E-05 9.9901E-05 9.9901E-05 9.9901E-05 9.9901E-05 9.9901E-05 9.9901E-05 9.9901E-05
0.316745 0.109436 0.0437326 0.0535186 0.0516241 0.0383498 0.0314953 0.0677879 0.0471712 0.149295 0.0464204 0.0444244
0.649119 0.0269741 0.0328667 0.0165039 0.0337496 0.0242164 0.0294416 0.0393691 0.0401023 0.0703962 0.0337011 0.00355988
0.998901 9.99008E-05 9.99008E-05 9.99008E-05 9.99008E-05 9.99008E-05 9.99008E-05 9.99008E-05 9.99008E-05 9.99008E-05 9.99008E-05 9.99008E-05
9.99009E-05 9.99009E-05 9.99009E-05 9.99009E-05 0.998901 9.99009E-05 9.99009E-05 9.99009E-05 9.99009E-05 9.99009E-05 9.99009E-05 9.99009E-05
0.224985 0.0473027 0.0589801 0.0786013 0.0717465 0.0846159 0.0139144 0.0607331 0.0677991 0.172172 0.060246 0.0589042
0.13692 0.348609 0.0595411 0.0550399 0.0307392 0.0353536 0.0438325 0.060014 0.0544287 0.106209 0.0453039 0.0240091
0.000318506 0.0103837 0.0211025 9.9991E-05 0.00553802 0.00342778 0.0168923 0.00782096 0.000272432 0.912006 0.0151235 0.00701417
9.99009E-05 0.998901 9.99009E-05 9.99009E-05 9.99009E-05 9.99009E-05 9.99009E-05 9.99009E-05 9.99009E-05 9.99009E-05 9.99009E-05 9.99009E-05
0.0493224 0.0159669 0.0240246 0.00419558 0.037811 0.0169296 0.0272957 0.0204931 0.0070579 0.773188 0.0209789 0.00273642
9.991E-05 9.991E-05 9.991E-05 9.991E-05 0.000745287 9.991E-05 9.991E-05 0.998256 9.991E-05 9.991E-05 9.991E-05 9.991E-05
9.99011E-05 9.99011E-05 9.99011E-05 9.99011E-05 9.99011E-05 9.99011E-05 9.99011E-05 0.998901 9.99011E-05 9.99011E-05 9.99011E-05 9.99011E-05
9.99009E-05 9.99009E-05 0.998901 9.99009E-05 9.99009E-05 9.99009E-05 9.99009E-05 9.99009E-05 9.99009E-05 9.99009E-05 9.99009E-05 9.99009E-05
0.0691214 0.0328218 0.56921 0.0361224 0.0422622 0.0342246 0.0207897 0.0364561 0.031888 0.0750434 0.0287948 0.0232661
0.0203754 0.0172548 9.9991E-05 0.0162683 0.01021 0.00336851 0.014446 0.00796764 0.0155121 0.0502817 0.835647 0.008569
9.9901E-05 9.9901E-05 9.9901E-05 9.9901E-05 9.9901E-05 9.9901E-05 9.9901E-05 9.9901E-05 0.998901 9.9901E-05 9.9901E-05 9.9901E-05
9.9901E-05 9.9901E-05 9.9901E-05 9.9901E-05 9.9901E-05 9.9901E-05 0.998901 9.9901E-05 9.9901E-05 9.9901E-05 9.9901E-05 9.9901E-05
0.0363986 0.0272452 0.0317739 0.0323093 0.00140882 0.0239942 0.0130082 0.0346661 0.733389 0.0298503 0.0190118 0.016945
9.99009E-05 9.99009E-05 9.99009E-05 9.99009E-05 9.99009E-05 9.99009E-05 9.99009E-05 9.99009E-05 9.99009E-05 9.99009E-05 9.99009E-05 0.998901
0.371886 0.117428 0.0273434 0.0265982 0.0262307 0.0315448 0.0439261 0.064658 0.0518646 0.143431 0.0447427 0.0503469
9.9901E-05 9.9901E-05 9.9901E-05 0.998901 9.9901E-05 9.9901E-05 9.9901E-05 9.9901E-05 9.9901E-05 9.9901E-05 9.9901E-05 9.9901E-05
0.163959 0.0916094 0.0829098 0.0642953 0.117288 0.0798248 0.017334 0.0367307 0.0597628 0.142592 0.0511983 0.0924956
0.38398 0.100799 0.0253564 0.0671894 0.0507066 0.0330467 0.0288465 0.0445812 0.0347308 0.139282 0.0493296 0.0421522
0.601165 0.00944348 0.0455708 0.025356 0.0421686 0.0342062 9.9991E-05 0.0290621 0.0254964 0.111265 0.0434013 0.0327647
0.799838 0.019493 0.0017235 0.032279 0.0231982 0.0111934 0.00617534 0.0257853 0.0216225 0.0201379 0.0256194 0.0129339
0.0809883 0.0255575 0.0503008 0.0247572 0.551987 0.0440905 0.0352056 0.0355843 0.0318255 0.0504077 0.0287244 0.0405711
0.22003 0.043201 0.0451048 0.0603885 0.0820243 0.067913 0.0203808 0.0583954 0.0634506 0.203051 0.0759863 0.0600745
0.0106299 0.825499 0.0287526 0.0219846 0.0156617 0.00448881 0.00754745 0.0130309 0.0013908 0.0525057 0.018408 9.9991E-05
9.9973E-05 0.00159168 0.00418098 0.0105378 0.000344793 9.9973E-05 9.9973E-05 0.00455268 0.0127026 0.947037 0.000983449 0.0177689
0.00477095 0.937305 0.0113345 0.012102 0.00229422 9.9964E-05 0.0160765 0.0144822 0.00123458 9.9964E-05 9.9964E-05 9.9964E-05
9.991E-05 9.991E-05 9.991E-05 9.991E-05 0.00400107 9.991E-05 9.991E-05 9.991E-05 9.991E-05 0.995 9.991E-05 9.991E-05
9.9964E-05 0.0136954 0.00715198 0.00667261 0.00935095 9.9964E-05 0.00285636 0.953026 9.9964E-05 9.9964E-05 0.000176021 0.00667124
9.9901E-05 9.9901E-05 9.9901E-05 9.9901E-05 9.9901E-05 9.9901E-05 9.9901E-05 0.998901 9.9901E-05 9.9901E-05 9.9901E-05 9.9901E-05
9.9901E-05 9.9901E-05 0.998901 9.9901E-05 9.9901E-05 9.9901E-05 9.9901E-05 9.9901E-05 9.9901E-05 9.9901E-05 9.9901E-05 9.9901E-05
9.9964E-05 0.00518911 0.914808 0.0104235 0.0173398 0.0122543 9.9964E-05 9.9964E-05 0.00218181 0.0351522 0.00225108 9.9964E-05
9.9919E-05 9.9919E-05 9.9919E-05 9.9919E-05 9.9919E-05 9.9919E-05 0.000520818 9.9919E-05 9.9919E-05 9.9919E-05 0.998275 0.000305321
9.9901E-05 9.9901E-05 9.9901E-05 9.9901E-05 9.9901E-05 9.9901E-05 9.9901E-05 9.9901E-05 0.998901 9.9901E-05 9.9901E-05 9.9901E-05
9.9901E-05 9.9901E-05 9.9901E-05 9.9901E-05 9.9901E-05 9.9901E-05 0.998901 9.9901E-05 9.9901E-05 9.9901E-05 9.9901E-05 9.9901E-05
9.9901E-05 9.9901E-05 9.9901E-05 9.9901E-05 9.9901E-05 9.9901E-05 9.9901E-05 9.9901E-05 0.998901 9.9901E-05 9.9901E-05 9.9901E-05
9.99009E-05 9.99009E-05 9.99009E-05 9.99009E-05 9.99009E-05 9.99009E-05 9.99009E-05 9.99009E-05 9.99009E-05 9.99009E-05 9.99009E-05 0.998901
0.260408 0.0441073 0.0482583 0.0582383 0.0969393 0.0703992 0.00568037 0.0542577 0.0902267 0.177969 0.0498901 0.043625
0.00935761 9.9946E-05 9.9946E-05 0.970348 9.9946E-05 0.00693478 9.9946E-05 0.0057081 0.00125314 0.00579827 9.9946E-05 9.9946E-05
0.162898 0.0922255 0.0765128 0.0643525 0.11728 0.0780635 0.0211756 0.0400993 0.0655652 0.141133 0.0521887 0.0885052
0.294594 0.105247 0.0520271 0.0348022 0.0516873 0.0272505 0.0317397 0.041248 0.064054 0.173287 0.055145 0.0689186
0.630082 0.0157067 0.0308612 0.0227938 0.0329257 0.0362835 0.00689516 0.0239651 0.0150831 0.114897 0.0383701 0.0321363
0.781298 0.0405156 0.0163044 0.011854 0.0340999 0.0142632 9.9991E-05 0.0134987 0.0205039 0.0413345 0.0033363 0.022891
9.99008E-05 9.99008E-05 9.99008E-05 9.99008E-05 0.998901 9.99008E-05 9.99008E-05 9.99008E-05 9.99008E-05 9.99008E-05 9.99008E-05 9.99008E-05
0.216968 0.0571213 0.0663625 0.0572593 0.080483 0.0663849 0.0290718 0.06068 0.0754358 0.1724 0.066932 0.0509013
9.9982E-05 0.82092 0.0268535 0.0239386 0.0229026 0.00733171 0.00894877 0.0204484 9.9982E-05 0.024968 0.0322052 0.0112829
9.99009E-05 9.99009E-05 9.99009E-05 9.99009E-05 9.99009E-05 9.99009E-05 9.99009E-05 9.99009E-05 9.99009E-05 0.998901 9.99009E-05 9.99009E-05
9.99009E-05 0.998901 9.99009E-05 9.99009E-05 9.99009E-05 9.99009E-05 9.99009E-05 9.99009E-05 9.99009E-05 9.99009E-05 9.99009E-05 9.99009E-05
0.0067181 9.9919E-05 9.9919E-05 9.9919E-05 9.9919E-05 9.9919E-05 9.9919E-05 9.9919E-05 9.9919E-05 0.990876 0.00150689 9.9919E-05
9.9973E-05 0.00373047 0.00906305 0.00385911 0.00199851 0.0108297 0.000993368 0.948564 9.9973E-05 9.9973E-05 0.00650487 0.0141571
9.9928E-05 9.9928E-05 9.9928E-05 9.9928E-05 9.9928E-05 9.9928E-05 9.9928E-05 0.992068 0.00451033 0.000591821 0.00203083 9.9928E-05
9.9901E-05 9.9901E-05 0.998901 9.9901E-05 9.9901E-05 9.9901E-05 9.9901E-05 9.9901E-05 9.9901E-05 9.9901E-05 9.9901E-05 9.9901E-05
9.99009E-05 9.99009E-05 0.998901 9.99009E-05 9.99009E-05 9.99009E-05 9.99009E-05 9.99009E-05 9.99009E-05 9.99009E-05 9.99009E-05 9.99009E-05
9.9955E-05 9.9955E-05 0.0101596 0.00242179 0.00416861 9.9955E-05 9.9955E-05 0.00402504 0.00215335 9.9955E-05 0.970044 0.00652782
9.9955E-05 0.00525503 9.9955E-05 0.000787114 9.9955E-05 0.00258256 0.0144274 0.000767126 0.964686 9.9955E-05 0.0109954 9.9955E-05
0.0892907 0.0481263 0.0432823 0.00952024 0.0509096 0.025955 0.179227 0.0430305 0.0355573 0.0961437 0.05525 0.323707
0.00604897 0.000730193 0.0125552 0.00264424 0.00225363 0.0103963 0.0100461 0.00376914 0.947665 9.9982E-05 0.00369128 9.9982E-05
9.9928E-05 0.00601002 9.9928E-05 0.984585 0.00569992 9.9928E-05 9.9928E-05 0.0029057 9.9928E-05 9.9928E-05 9.9928E-05 9.9928E-05
0.357772 0.126746 0.0422949 0.0456854 0.0482744 0.0411206 0.0561112 0.0548315 0.032273 0.129719 0.0352742 0.0298974
0.156037 0.0873177 0.0747415 0.073222 0.12016 0.0812165 0.027498 0.0482548 0.0609708 0.14408 0.044342 0.0821593
0.25581 0.0811949 0.0361668 0.0440146 0.0444282 0.0628796 0.0486557 0.0695912 0.0659617 0.14343 0.0822759 0.0655919
0.638326 0.00393539 0.0315254 0.0198087 0.0261469 0.0344559 0.0096533 0.0360319 0.00462557 0.112561 0.0461743 0.0367564
0.642933 0.0343376 0.00524266 0.0323402 0.0422574 0.0234245 0.0339851 0.0295037 0.0411019 0.0504513 0.0441426 0.0202805
9.99009E-05 9.99009E-05 9.99009E-05 9.99009E-05 9.99009E-05 0.998901 9.99009E-05 9.99009E-05 9.99009E-05 9.99009E-05 9.99009E-05 9.99009E-05
9.99008E-05 9.99008E-05 9.99008E-05 9.99008E-05 0.998901 9.99008E-05 9.99008E-05 9.99008E-05 9.99008E-05 9.99008E-05 9.99008E-05 9.99008E-05
0.240403 0.040205 0.0531749 0.0372342 0.0885569 0.108321 0.0172547 0.0404516 0.0875443 0.162827 0.0647741 0.0592539
9.9955E-05 0.855872 0.025218 0.0195897 0.0199681 9.9955E-05 9.9955E-05 0.0198284 9.9955E-05 0.0360541 0.0229702 9.9955E-05
9.99009E-05 9.99009E-05 9.99009E-05 9.99009E-05 9.99009E-05 9.99009E-05 9.99009E-05 9.99009E-05 9.99009E-05 0.998901 9.99009E-05 9.99009E-05
9.99009E-05 0.998901 9.99009E-05 9.99009E-05 9.99009E-05 9.99009E-05 9.99009E-05 9.99009E-05 9.99009E-05 9.99009E-05 9.99009E-05 9.99009E-05
9.99191E-05 9.99191E-05 9.99191E-05 9.99191E-05 0.0056008 9.99191E-05 9.99191E-05 9.99191E-05 9.99191E-05 0.993332 0.000167438 9.99191E-05
9.991E-05 9.991E-05 9.991E-05 9.991E-05 0.00172941 9.991E-05 9.991E-05 0.997271 9.991E-05 9.991E-05 9.991E-05 9.991E-05
9.9946E-05 9.9946E-05 0.963786 0.0102263 0.0202425 0.00289749 9.9946E-05 0.000690694 9.9946E-05 0.00155753 9.9946E-05 9.9946E-05
9.9901E-05 9.9901E-05 9.9901E-05 9.9901E-05 9.9901E-05 9.9901E-05 9.9901E-05 9.9901E-05 9.9901E-05 9.9901E-05 0.998901 9.9901E-05
0.115584 0.0185059 0.0746846 0.0245217 0.0342576 0.0147697 0.0250358 0.0443017 0.0405149 0.109962 0.486434 0.011428
0.140014 0.052235 0.066411 0.0243949 0.0499085 0.0470291 0.170038 0.0624791 0.0370233 0.128476 0.0317558 0.190236
9.9901E-05 9.9901E-05 9.9901E-05 9.9901E-05 9.9901E-05 9.9901E-05 9.9901E-05 9.9901E-05 0.998901 9.9901E-05 9.9901E-05 9.9901E-05
9.9901E-05 9.9901E-05 9.9901E-05 9.9901E-05 9.9901E-05 9.9901E-05 0.998901 9.9901E-05 9.9901E-05 9.9901E-05 9.9901E-05 9.9901E-05
0.0316035 0.0192684 0.0347419 0.00768308 0.00988241 0.00352088 0.0160375 0.0046606 0.848466 9.9991E-05 0.0173665 0.00666881
9.9901E-05 9.9901E-05 9.9901E-05 0.998901 9.9901E-05 9.9901E-05 9.9901E-05 9.9901E-05 9.9901E-05 9.9901E-05 9.9901E-05 9.9901E-05
0.324625 0.124614 0.0613873 0.0498762 0.0621591 0.0300749 0.041728 0.0431082 0.0411693 0.126788 0.0539462 0.0405234
0.149974 0.0966178 0.0909127 0.0633486 0.0858529 0.0715088 0.0458161 0.0514037 0.071484 0.1561 0.0493912 0.0675902
0.296506 0.0949039 0.0552153 0.0456091 0.0641748 0.051201 0.0465028 0.0637293 0.0686195 0.142188 0.0477867 0.0235639
0.718348 0.0331901 0.00397971 0.0204735 0.0438923 0.0238101 0.0441883 0.0114726 0.0141771 0.0436707 0.0387533 0.00404456
0.88914 9.9964E-05 0.00890891 0.0293644 0.000999993 9.9964E-05 0.0150381 0.0239214 0.0238775 9.9964E-05 9.9964E-05 0.00834992
9.9901E-05 9.9901E-05 9.9901E-05 9.9901E-05 9.9901E-05 0.998901 9.9901E-05 9.9901E-05 9.9901E-05 9.9901E-05 9.9901E-05 9.9901E-05
0.0228087 0.0257606 0.0271036 0.00513411 0.862915 0.0112581 0.0133616 0.0155202 0.00941223 9.9982E-05 0.00652551 9.9982E-05
0.244946 0.0494566 0.0427578 0.0400409 0.0923028 0.113369 0.0157018 0.0373153 0.0783189 0.156974 0.0652267 0.0635894
0.0145747 0.79221 0.0280576 0.0283474 0.0130883 0.0197518 0.00966678 0.016514 0.0139749 0.0415366 0.0221785 9.9991E-05
9.99009E-05 9.99009E-05 9.99009E-05 9.99009E-05 9.99009E-05 9.99009E-05 9.99009E-05 9.99009E-05 9.99009E-05 0.998901 9.99009E-05 9.99009E-05
9.99009E-05 0.998901 9.99009E-05 9.99009E-05 9.99009E-05 9.99009E-05 9.99009E-05 9.99009E-05 9.99009E-05 9.99009E-05 9.99009E-05 9.99009E-05
9.991E-05 9.991E-05 9.991E-05 9.991E-05 0.00135991 9.991E-05 9.991E-05 0.997641 9.991E-05 9.991E-05 9.991E-05 9.991E-05
