9.9946E-05 9.9946E-05 9.9946E-05 9.9946E-05 9.9946E-05 0.000870828 9.9946E-05 0.998529
0.024996 0.00981823 0.0216128 9.9964E-05 0.943173 9.9964E-05 9.9964E-05 9.9964E-05
0.0342172 0.00520455 0.0110192 0.00439171 0.939676 0.00529123 9.9982E-05 9.9982E-05
9.994E-05 9.994E-05 9.994E-05 9.994E-05 9.994E-05 0.9993 9.994E-05 9.994E-05
9.994E-05 9.994E-05 9.994E-05 9.994E-05 9.994E-05 0.9993 9.994E-05 9.994E-05
0.313066 0.0513187 0.0339188 0.0339425 0.0612191 0.0394179 0.409648 0.0574686
9.994E-05 0.9993 9.994E-05 9.994E-05 9.994E-05 9.994E-05 9.994E-05 9.994E-05
9.994E-05 9.994E-05 9.994E-05 9.994E-05 9.994E-05 9.994E-05 0.9993 9.994E-05
0.690396 0.0403697 0.0192145 0.0914427 0.0317737 0.0154156 0.0527608 0.0586268
9.9964E-05 0.00138803 0.98235 9.9964E-05 0.0107157 0.00514633 9.9964E-05 9.9964E-05
0.550677 0.0535216 0.0455128 0.0958634 0.0535223 0.0645238 0.0692174 0.0671614
0.500247 0.0716608 0.0697492 0.096319 0.0867482 0.04057 0.0833418 0.0513638
0.936947 0.0207443 9.9973E-05 9.9973E-05 9.9973E-05 0.00308491 0.0230724 0.0158512
0.999132 0.000268419 9.9946E-05 9.9946E-05 9.9946E-05 9.9946E-05 9.9946E-05 9.9946E-05
0.351047 0.531115 0.0350856 0.00106947 0.0223722 0.0226279 0.0238114 0.0128718
0.821336 9.9991E-05 0.0587909 0.00998394 0.0305767 0.0238232 0.0508865 0.00450276
0.76924 0.00937074 0.0567685 0.0198102 0.0679782 0.0261936 0.0505391 9.9991E-05
0.616144 0.0757981 0.0419283 0.0377353 0.0709523 0.0545453 0.0514501 0.0514468
0.078518 0.0116755 0.0187049 0.793072 0.0356311 0.0286991 0.0103159 0.0233831
0.760699 0.0321317 0.0178287 0.043762 0.0421613 0.036279 0.0304606 0.0366781
9.9946E-05 9.9946E-05 9.9946E-05 0.989359 0.0100412 9.9946E-05 9.9946E-05 9.9946E-05
0.968313 9.9973E-05 0.000899341 0.0130398 9.9973E-05 0.0128404 9.9973E-05 0.00460745
0.0445919 0.0157571 9.9973E-05 9.9973E-05 0.00989694 0.00900794 9.9973E-05 0.920446
9.994E-05 9.994E-05 9.994E-05 9.994E-05 0.9993 9.994E-05 9.994E-05 9.994E-05
0.0352719 0.0139706 0.0160995 9.9982E-05 0.913762 0.00613462 9.9982E-05 0.0145616
9.994E-05 9.994E-05 9.994E-05 9.994E-05 9.994E-05 0.9993 9.994E-05 9.994E-05
9.994E-05 0.9993 9.994E-05 9.994E-05 9.994E-05 9.994E-05 9.994E-05 9.994E-05
9.994E-05 9.994E-05 9.994E-05 9.994E-05 9.994E-05 9.994E-05 0.9993 9.994E-05
0.0471589 0.923319 0.00580138 9.9991E-05 0.00670339 0.00172114 0.00685324 0.00834279
9.994E-05 9.994E-05 9.994E-05 9.994E-05 9.994E-05 9.994E-05 0.9993 9.994E-05
0.750001 0.0240927 9.9991E-05 0.0956285 0.0167976 0.0202217 0.0550017 0.0381571
9.994E-05 9.994E-05 0.9993 9.994E-05 9.994E-05 9.994E-05 9.994E-05 9.994E-05
0.435349 0.0847196 0.0599533 0.0950158 0.101191 0.0637381 0.08491 0.0751229
0.938689 0.024741 9.9973E-05 9.9973E-05 9.9973E-05 0.00715071 0.0204506 0.00866867
0.990811 0.00858943 9.9946E-05 9.9946E-05 9.9946E-05 9.9946E-05 9.9946E-05 9.9946E-05
0.693114 0.0420875 0.0554616 0.0564465 0.0387517 0.0275509 0.0374299 0.0491576
0.819746 0.000754487 0.060864 0.027719 0.0271841 0.0241755 0.0394572 9.9991E-05
0.628414 0.0504403 0.0476628 0.0632528 0.0376651 0.0473368 0.0928188 0.0324094
0.926568 0.00266696 0.0185704 0.00449914 0.0216063 9.9991E-05 0.0139738 0.0120157
9.994E-05 9.994E-05 9.994E-05 0.9993 9.994E-05 9.994E-05 9.994E-05 9.994E-05
0.797959 0.00637754 0.0158573 0.0454717 0.0398289 0.0182214 0.0337003 0.0425834
9.994E-05 9.994E-05 9.994E-05 9.994E-05 9.994E-05 9.994E-05 9.994E-05 0.9993
0.0346456 0.0103688 0.000729924 0.00159364 9.9973E-05 9.9973E-05 9.9973E-05 0.952362
9.994E-05 9.994E-05 9.994E-05 9.994E-05 0.9993 9.994E-05 9.994E-05 9.994E-05
0.0582019 0.00786553 0.0189788 0.0106177 0.871554 9.9991E-05 0.0257248 0.00695731
9.994E-05 9.994E-05 9.994E-05 9.994E-05 9.994E-05 0.9993 9.994E-05 9.994E-05
9.994E-05 0.9993 9.994E-05 9.994E-05 9.994E-05 9.994E-05 9.994E-05 9.994E-05
0.295553 0.0212134 0.0337522 9.9991E-05 0.0142329 0.0194184 0.583887 0.0318425
9.994E-05 0.9993 9.994E-05 9.994E-05 9.994E-05 9.994E-05 9.994E-05 9.994E-05
0.305288 0.00947253 0.028352 9.9991E-05 0.0125762 0.0112156 0.603675 0.0293206
0.686096 0.0513695 0.0190051 0.083873 0.0065446 0.0263642 0.0649686 0.0617793
9.9982E-05 0.00148684 0.983701 9.9982E-05 0.00657085 0.003956 0.00212282 0.00196229
0.598648 0.0490061 0.038687 0.103443 0.0466722 0.0541058 0.0559842 0.0534532
0.933405 0.0211843 9.9982E-05 9.9982E-05 0.00397778 0.00808501 0.0224425 0.0107052
0.966524 0.0101477 9.9982E-05 0.0111113 9.9982E-05 0.00113658 0.00259604 0.00828412
0.618384 0.0521762 0.0625518 0.0472728 0.0542875 0.051174 0.0521983 0.061955
0.810869 9.9982E-05 0.0497656 0.0429748 0.0325756 0.0179945 0.0456204 9.9982E-05
0.322891 0.040395 0.0438061 0.395724 0.0651966 0.0324122 0.055717 0.0438587
0.852317 0.014062 0.0206742 0.0142155 0.0477431 0.0112043 0.0233633 0.016421
9.994E-05 9.994E-05 9.994E-05 0.9993 9.994E-05 9.994E-05 9.994E-05 9.994E-05
0.995138 9.9946E-05 9.9946E-05 9.9946E-05 0.00426212 9.9946E-05 9.9946E-05 9.9946E-05
9.9955E-05 9.9955E-05 0.00513642 0.00650012 9.9955E-05 9.9955E-05 9.9955E-05 0.987864
0.0390209 0.00731379 9.9964E-05 9.9964E-05 9.9964E-05 0.00767508 9.9964E-05 0.94559
9.994E-05 9.994E-05 9.994E-05 9.994E-05 0.9993 9.994E-05 9.994E-05 9.994E-05
0.220795 0.0265866 0.0286678 0.0338596 0.565432 0.0330538 0.0532107 0.0383939
0.0100281 0.014452 0.00197459 9.9973E-05 9.9973E-05 0.969435 9.9973E-05 0.00381085
0.00889001 0.965094 0.00514742 0.00601516 0.0108543 9.9982E-05 9.9982E-05 0.00379964
9.9964E-05 9.9964E-05 9.9964E-05 0.00681442 0.0089497 9.9964E-05 0.979773 0.00406265
0.048902 0.845712 0.0189921 0.0100927 0.0206087 0.0119713 0.0340438 0.00967769
0.282941 0.00857023 0.033346 9.9991E-05 0.00591401 0.00821036 0.637372 0.0235464
0.627144 0.0510295 0.0396888 0.0956683 0.0251234 0.0383139 0.0590219 0.0640097
9.994E-05 9.994E-05 0.9993 9.994E-05 9.994E-05 9.994E-05 9.994E-05 9.994E-05
0.62682 0.0431785 0.0522342 0.103644 0.0465913 0.0338419 0.0385684 0.0551217
0.782433 0.0489077 0.0141818 0.0322274 0.0281354 0.0236172 0.0341576 0.0363403
0.9993 9.994E-05 9.994E-05 9.994E-05 9.994E-05 9.994E-05 9.994E-05 9.994E-05
0.781697 0.00741205 0.0470211 0.0258088 0.0586072 0.0231757 0.0561785 9.9991E-05
0.616332 0.0460121 0.0733881 0.039613 0.0591995 0.0598006 0.0382334 0.0674213
0.342683 0.0477689 0.0391005 0.354427 0.068499 0.0394435 0.0588972 0.0491802
0.906241 0.00164903 0.00428918 0.0262741 0.0352414 9.9991E-05 0.0144116 0.0117933
9.994E-05 9.994E-05 9.994E-05 0.9993 9.994E-05 9.994E-05 9.994E-05 9.994E-05
0.874476 9.9991E-05 0.000625036 0.0255662 0.0370763 0.0193151 0.0245459 0.0182959
9.9946E-05 9.9946E-05 9.9946E-05 9.9946E-05 0.000355435 9.9946E-05 9.9946E-05 0.999045
9.994E-05 9.994E-05 9.994E-05 9.994E-05 9.994E-05 9.994E-05 9.994E-05 0.9993
9.994E-05 9.994E-05 9.994E-05 9.994E-05 0.9993 9.994E-05 9.994E-05 9.994E-05
0.218672 0.0395556 0.0330315 0.0272678 0.575651 0.0207466 0.0538377 0.0312376
0.0654925 0.0230822 0.00257722 0.0340487 0.0108635 0.848332 0.0122436 0.00336028
9.994E-05 0.9993 9.994E-05 9.994E-05 9.994E-05 9.994E-05 9.994E-05 9.994E-05
9.994E-05 9.994E-05 9.994E-05 9.994E-05 9.994E-05 9.994E-05 0.9993 9.994E-05
0.100796 0.732904 0.029461 0.0147286 0.0342677 0.0223308 0.03403 0.0314815
0.287855 0.00429289 0.0343844 9.9991E-05 0.00406374 0.00903952 0.639879 0.0203852
0.666686 0.0490661 0.0203893 0.0963883 0.0236467 0.0237155 0.0644127 0.0556953
9.994E-05 9.994E-05 0.9993 9.994E-05 9.994E-05 9.994E-05 9.994E-05 9.994E-05
0.554431 0.0572213 0.0693642 0.0799109 0.0803835 0.0483429 0.0566221 0.0537242
0.669458 0.0454828 0.0428337 0.0937486 0.0294825 0.0352891 0.0430139 0.0406915
0.788688 0.0287157 0.021429 0.0187196 0.0367544 0.0410752 0.0262646 0.0383531
0.844997 0.0298635 0.0235524 0.0298529 0.00991024 0.0198083 0.0149267 0.0270887
0.627911 0.0494635 0.036868 0.0418495 0.0716983 0.0462851 0.0977145 0.0282105
0.629044 0.0550752 0.0600112 0.0417025 0.0508434 0.0595909 0.0397302 0.0640025
0.0827994 0.00189798 0.0224084 0.830074 0.0331895 0.0143942 9.9991E-05 0.0151366
0.924298 0.013499 0.021646 0.00202294 0.0144057 9.9991E-05 0.0156561 0.00837251
0.0107411 0.0175364 0.000885835 0.924844 0.010587 0.00524543 0.0186652 0.0114946
0.9993 9.994E-05 9.994E-05 9.994E-05 9.994E-05 9.994E-05 9.994E-05 9.994E-05
9.9973E-05 9.9973E-05 0.00479788 0.00867375 0.0158751 9.9973E-05 0.0212994 0.949054
9.994E-05 9.994E-05 9.994E-05 9.994E-05 9.994E-05 9.994E-05 9.994E-05 0.9993
9.994E-05 9.994E-05 9.994E-05 9.994E-05 0.9993 9.994E-05 9.994E-05 9.994E-05
0.0426725 0.00379108 0.0102775 0.00990746 0.920032 0.00241815 0.00702296 0.00387877
9.9946E-05 9.9946E-05 9.9946E-05 9.9946E-05 9.9946E-05 0.997797 9.9946E-05 0.00160341
9.994E-05 0.9993 9.994E-05 9.994E-05 9.994E-05 9.994E-05 9.994E-05 9.994E-05
9.994E-05 9.994E-05 9.994E-05 9.994E-05 9.994E-05 9.994E-05 0.9993 9.994E-05
9.994E-05 0.9993 9.994E-05 9.994E-05 9.994E-05 9.994E-05 9.994E-05 9.994E-05
0.27788 0.013655 0.0339853 9.9982E-05 9.9982E-05 0.00926991 0.647322 0.0176886
0.679547 0.0839325 0.0427227 0.0320632 0.0464941 0.0359074 0.0241422 0.0551913
9.9955E-05 0.0157026 0.979235 9.9955E-05 9.9955E-05 9.9955E-05 9.9955E-05 0.00456229
0.552471 0.0511068 0.0753829 0.0880973 0.0903158 0.0499622 0.0547836 0.0378803
0.593684 0.0672412 0.0339351 0.0970657 0.0392252 0.042491 0.080078 0.0462803
0.840066 0.0275471 0.016296 0.0110328 0.0197352 0.0259551 0.0240795 0.0352883
0.849415 0.0272458 0.0164356 0.0407761 0.0213369 0.00436352 0.0238144 0.0166128
0.825529 9.9982E-05 0.043053 0.0045913 0.0501954 0.0231902 0.0532408 9.9982E-05
0.612409 0.0722599 0.0553009 0.0510826 0.0601593 0.0450036 0.0429035 0.0608811
0.0839933 0.00367514 0.0167521 0.81123 0.0336626 0.0242869 0.00267934 0.0237205
0.98383 9.9946E-05 9.9946E-05 9.9946E-05 0.0155707 9.9946E-05 9.9946E-05 9.9946E-05
9.994E-05 9.994E-05 9.994E-05 0.9993 9.994E-05 9.994E-05 9.994E-05 9.994E-05
0.989017 9.9946E-05 9.9946E-05 9.9946E-05 9.9946E-05 0.0103837 9.9946E-05 9.9946E-05
9.9973E-05 9.9973E-05 0.0126423 0.0130186 0.00115316 9.9973E-05 0.0125521 0.960334
9.994E-05 9.994E-05 9.994E-05 9.994E-05 9.994E-05 9.994E-05 9.994E-05 0.9993
9.994E-05 9.994E-05 9.994E-05 9.994E-05 0.9993 9.994E-05 9.994E-05 9.994E-05
9.994E-05 9.994E-05 9.994E-05 9.994E-05 0.9993 9.994E-05 9.994E-05 9.994E-05
0.00160534 0.00572517 9.9982E-05 9.9982E-05 0.00315435 0.979067 0.00814356 0.00210447
9.9982E-05 0.965583 0.00191037 0.00617175 0.00800954 9.9982E-05 0.00886541 0.00926033
0.340717 0.0440354 0.0184767 0.0495069 0.047349 0.0537781 0.400091 0.0460465
0.0135824 0.958759 0.0158685 9.9982E-05 0.000339789 0.00443509 9.9982E-05 0.00681569
9.9964E-05 9.9964E-05 0.986663 0.00157876 9.9964E-05 9.9964E-05 0.00465523 0.00670289
0.618552 0.023701 0.048448 0.123596 0.0434813 0.0166492 0.062557 0.063015
0.531603 0.0652741 0.0738657 0.0836673 0.0969525 0.0526294 0.0532494 0.042759
0.569981 0.0663752 0.039355 0.0764937 0.0369413 0.0649929 0.0825473 0.0633134
0.82647 0.0207145 0.0169694 9.9991E-05 0.0257894 0.0321652 0.0299953 0.0477959
0.754687 0.0509436 0.0346345 0.0425153 0.00887264 0.0309259 0.0513743 0.026047
0.799917 9.9982E-05 0.0509554 0.0487702 0.0344444 0.0190127 0.0467007 9.9982E-05
0.81072 9.9982E-05 0.0470952 0.0156566 0.0516885 0.0206861 0.0539533 9.9982E-05
0.656747 0.0822958 0.0460998 0.0478208 0.0483681 0.0539038 0.0433518 0.0214126
0.0652068 9.9982E-05 0.00906247 0.86195 0.0243428 0.0217886 9.9982E-05 0.0174491
0.9993 9.994E-05 9.994E-05 9.994E-05 9.994E-05 9.994E-05 9.994E-05 9.994E-05
9.994E-05 9.994E-05 9.994E-05 0.9993 9.994E-05 9.994E-05 9.994E-05 9.994E-05
0.995779 9.9946E-05 9.9946E-05 9.9946E-05 9.9946E-05 0.00362161 9.9946E-05 9.9946E-05
9.9955E-05 9.9955E-05 9.9955E-05 0.0014158 9.9955E-05 9.9955E-05 0.00265485 0.99543
0.0238353 9.9955E-05 0.016502 9.9955E-05 0.959163 9.9955E-05 9.9955E-05 9.9955E-05
9.994E-05 9.994E-05 9.994E-05 9.994E-05 9.994E-05 0.9993 9.994E-05 9.994E-05
0.29065 0.0424951 0.0207005 0.00831603 0.0711543 0.480719 0.0375675 0.0483975
0.408062 0.0412978 0.0441034 0.0410262 0.0650673 0.0354761 0.308055 0.0569128
9.994E-05 0.9993 9.994E-05 9.994E-05 9.994E-05 9.994E-05 9.994E-05 9.994E-05
9.994E-05 9.994E-05 9.994E-05 9.994E-05 9.994E-05 9.994E-05 0.9993 9.994E-05
0.0363173 0.855928 0.0198917 0.0124511 0.031301 0.0182999 0.0100782 0.0157327
9.994E-05 9.994E-05 0.9993 9.994E-05 9.994E-05 9.994E-05 9.994E-05 9.994E-05
0.591039 0.0471972 0.033286 0.111881 0.0549535 0.0463251 0.0660855 0.0492324
0.51099 0.0640116 0.063838 0.0993161 0.0857818 0.0461312 0.0802117 0.0497192
0.607576 0.0573773 0.0478038 0.0906132 0.0315803 0.0434991 0.0675671 0.0539833
0.806003 0.0302566 0.0212539 0.0504793 0.00193677 0.0399657 0.0474059 0.00269846
0.880353 0.0330856 0.0202362 0.00774574 9.9982E-05 9.9982E-05 0.0275618 0.0308173
0.803038 9.9982E-05 0.0546032 0.0248288 0.0533461 0.00867537 0.0553083 9.9982E-05
0.694535 0.0150643 0.0536904 0.0420178 0.0668589 0.0366165 0.0648839 0.0263336
0.682168 0.0706878 0.0439243 0.038976 0.0344809 0.0617784 0.0414287 0.026556
0.0884896 0.00677512 0.0310945 0.789436 0.027956 0.0246093 0.0044261 0.0272128
0.967579 9.99459E-05 9.99459E-05 9.99459E-05 0.0318216 9.99459E-05 9.99459E-05 9.99459E-05
9.994E-05 9.994E-05 9.994E-05 0.9993 9.994E-05 9.994E-05 9.994E-05 9.994E-05
9.994E-05 9.994E-05 9.994E-05 9.994E-05 9.994E-05 9.994E-05 9.994E-05 0.9993
