9.994E-05 9.994E-05 9.994E-05 9.994E-05 0.9993 9.994E-05 9.994E-05 9.994E-05
0.00779553 9.9973E-05 0.000638395 9.9973E-05 0.00396093 0.951315 0.03599 9.9973E-05
0.0130261 9.9982E-05 0.00742911 0.00783665 0.000157961 0.937659 0.0336914 9.9982E-05
9.994E-05 9.994E-05 9.994E-05 9.994E-05 9.994E-05 9.994E-05 9.994E-05 0.9993
9.994E-05 9.994E-05 9.994E-05 9.994E-05 9.994E-05 9.994E-05 9.994E-05 0.9993
0.0454424 0.40662 0.0525085 0.0221771 0.0686461 0.0570294 0.302734 0.0448419
9.994E-05 9.994E-05 0.9993 9.994E-05 9.994E-05 9.994E-05 9.994E-05 9.994E-05
9.994E-05 0.9993 9.994E-05 9.994E-05 9.994E-05 9.994E-05 9.994E-05 9.994E-05
0.0235851 0.056316 0.0527911 0.0910306 0.0506835 0.0252166 0.678552 0.0218247
0.984499 0.00211207 0.00279065 0.000966044 9.9973E-05 0.00933191 9.9973E-05 9.9973E-05
0.0397945 0.085898 0.0599334 0.0928874 0.062723 0.065922 0.522023 0.0708188
0.0575478 0.085339 0.0790552 0.0964906 0.0507191 0.0933166 0.490956 0.046576
9.9973E-05 0.0122094 0.0270645 9.9973E-05 0.0126336 9.9973E-05 0.942866 0.00492689
9.9946E-05 9.9946E-05 0.0007952 9.9946E-05 9.9946E-05 9.9946E-05 0.998605 9.9946E-05
0.0315053 0.0180743 0.531869 9.9991E-05 0.0129842 0.0330767 0.360991 0.0113995
0.0562507 0.0547482 0.0102333 0.0276062 0.000155816 0.0461641 0.78351 0.0213317
0.045739 0.0426651 9.9982E-05 0.0114741 9.9982E-05 0.0636111 0.821042 0.0152683
0.0315112 0.0637798 0.0745369 0.0500905 0.0609223 0.0623929 0.597499 0.0592671
0.0312581 0.00384883 0.00831066 0.797662 0.0221035 0.0340802 0.0820637 0.0206735
0.0132062 0.0403122 0.020056 0.0413493 0.0325318 0.0369381 0.781425 0.0341816
9.9964E-05 0.000646368 9.9964E-05 0.992406 9.9964E-05 9.9964E-05 0.00413627 0.00241134
9.9982E-05 0.00295449 9.9982E-05 0.00558215 0.00317553 0.00684642 0.974796 0.00644533
0.000374163 9.9991E-05 0.00299905 0.000273304 0.922964 0.00122639 0.0635696 0.00849319
9.994E-05 9.994E-05 9.994E-05 9.994E-05 9.994E-05 0.9993 9.994E-05 9.994E-05
0.00863864 0.00164243 0.0228088 9.9982E-05 0.00841181 0.917631 0.040667 9.9982E-05
9.994E-05 9.994E-05 9.994E-05 9.994E-05 9.994E-05 9.994E-05 9.994E-05 0.9993
9.9946E-05 0.00102416 0.998376 9.9946E-05 9.9946E-05 9.9946E-05 9.9946E-05 9.9946E-05
9.994E-05 0.9993 9.994E-05 9.994E-05 9.994E-05 9.994E-05 9.994E-05 9.994E-05
0.0032249 0.00969797 0.932074 0.0112922 0.0081959 0.0125273 0.0165144 0.00647364
9.994E-05 0.9993 9.994E-05 9.994E-05 9.994E-05 9.994E-05 9.994E-05 9.994E-05
0.00453131 0.0627056 0.0292387 0.0892781 0.0382823 0.00434385 0.755211 0.0164091
0.9993 9.994E-05 9.994E-05 9.994E-05 9.994E-05 9.994E-05 9.994E-05 9.994E-05
0.0528666 0.0780255 0.0961778 0.0841787 0.101878 0.108228 0.398263 0.0803818
9.9964E-05 0.00743903 0.0261245 9.9964E-05 9.9964E-05 9.9964E-05 0.96094 0.00509704
9.9955E-05 9.9955E-05 0.00926895 0.00740515 9.9955E-05 9.9955E-05 0.982826 9.9955E-05
0.0455737 0.0329404 0.0491925 0.0512576 0.0522779 0.0445639 0.697849 0.0263446
0.0574735 0.0385766 9.9991E-05 0.0371824 0.00277577 0.0283289 0.811998 0.0235654
0.048938 0.0824804 0.0336743 0.0638482 0.0367522 0.0412857 0.650784 0.0422375
0.0146336 0.0129797 0.00170155 0.0150122 0.00185324 0.0103116 0.941021 0.00248672
9.994E-05 9.994E-05 9.994E-05 0.9993 9.994E-05 9.994E-05 9.994E-05 9.994E-05
0.0167154 0.0395423 0.0105256 0.0324022 0.0345284 0.0391985 0.799234 0.0278537
9.994E-05 9.994E-05 9.994E-05 9.994E-05 0.9993 9.994E-05 9.994E-05 9.994E-05
0.00932486 9.9982E-05 0.0043475 0.00133542 0.950491 9.9982E-05 0.0209495 0.0133513
9.994E-05 9.994E-05 9.994E-05 9.994E-05 9.994E-05 0.9993 9.994E-05 9.994E-05
0.0130567 0.0213688 0.0145004 0.00990366 0.0131553 0.873028 0.0511589 0.00382861
9.994E-05 9.994E-05 9.994E-05 9.994E-05 9.994E-05 9.994E-05 9.994E-05 0.9993
9.994E-05 9.994E-05 0.9993 9.994E-05 9.994E-05 9.994E-05 9.994E-05 9.994E-05
0.0235504 0.585903 0.0156032 0.0045432 0.0300197 0.0187053 0.31377 0.00790477
9.994E-05 9.994E-05 0.9993 9.994E-05 9.994E-05 9.994E-05 9.994E-05 9.994E-05
0.0282677 0.599642 0.0118745 9.9991E-05 0.0353711 0.0189806 0.29315 0.0126138
0.013805 0.0651806 0.0587546 0.0838089 0.0639171 0.0176833 0.667256 0.0295941
0.987027 0.00829277 0.00145874 9.9982E-05 0.000439911 0.00172025 9.9982E-05 0.000861419
0.0443507 0.0553179 0.0502613 0.106242 0.0590024 0.045169 0.589582 0.0500747
9.9982E-05 0.0160499 0.0199031 9.9982E-05 0.0160485 0.000177498 0.937597 0.0100245
9.9973E-05 0.00869463 0.0160562 0.0103676 0.0193583 9.9973E-05 0.945223 9.9973E-05
0.0704246 0.0459323 0.0627389 0.0469353 0.0471469 0.0623885 0.605277 0.0591566
0.053955 0.0470337 9.9982E-05 0.0355885 9.9982E-05 0.0431658 0.794839 0.0252181
0.0407069 0.044869 0.0395058 0.401906 0.0385381 0.0635363 0.327874 0.0430634
0.0155593 0.012949 0.0201579 0.0138131 0.0125481 0.0404193 0.884357 0.000196168
9.994E-05 9.994E-05 9.994E-05 0.9993 9.994E-05 9.994E-05 9.994E-05 9.994E-05
0.00517004 9.9946E-05 9.9946E-05 9.9946E-05 9.9946E-05 9.9946E-05 0.99423 9.9946E-05
9.9955E-05 0.00391437 9.9955E-05 9.9955E-05 0.987851 0.0077347 9.9955E-05 9.9955E-05
0.00219465 9.9973E-05 0.000724661 9.9973E-05 0.956214 9.9973E-05 0.0282047 0.0123623
9.994E-05 9.994E-05 9.994E-05 9.994E-05 9.994E-05 0.9993 9.994E-05 9.994E-05
0.0363856 0.0499634 0.0297332 0.0494308 0.033328 0.561434 0.217298 0.0224273
0.00329737 0.0109327 9.9982E-05 0.00529013 0.0109685 9.9982E-05 0.0174992 0.951812
9.9973E-05 0.0146734 0.975014 0.00239262 0.00436589 0.00325425 9.9973E-05 9.9973E-05
0.00643907 0.980685 9.9955E-05 0.0123763 9.9955E-05 9.9955E-05 9.9955E-05 9.9955E-05
0.0149771 0.0253356 0.842571 0.0245078 0.0125253 0.0339553 0.046028 9.99918E-05
0.0293704 0.626435 0.0143814 9.9991E-05 0.0249247 0.00646244 0.295499 0.00282722
0.0228433 0.0647875 0.0492983 0.0892368 0.0571246 0.0325333 0.639759 0.0444169
0.9993 9.994E-05 9.994E-05 9.994E-05 9.994E-05 9.994E-05 9.994E-05 9.994E-05
0.0609129 0.0489592 0.0528835 0.109769 0.0741141 0.0374798 0.587718 0.028164
0.0138781 0.0264599 0.0544058 0.0291798 0.0442354 0.0268392 0.778445 0.0265571
9.9955E-05 9.9955E-05 0.00116102 0.00741681 9.9955E-05 9.9955E-05 0.990922 9.9955E-05
0.0449053 0.0369158 0.006993 0.00908966 9.9991E-05 0.0608346 0.8187 0.0224615
0.0639333 0.0517533 0.0689706 0.0332856 0.0633496 0.0596109 0.59385 0.0652468
0.0521617 0.0456618 0.0499622 0.365351 0.0471436 0.0542057 0.334302 0.0512126
0.00383456 0.0182496 0.000165712 0.0034685 0.00989967 0.0329868 0.925986 0.00540942
9.994E-05 9.994E-05 9.994E-05 0.9993 9.994E-05 9.994E-05 9.994E-05 9.994E-05
9.9991E-05 0.0298531 0.000581002 0.0168771 0.0107656 0.0389351 0.877982 0.0249057
9.9946E-05 9.9946E-05 9.9946E-05 0.00127536 0.998125 9.9946E-05 9.9946E-05 9.9946E-05
9.994E-05 9.994E-05 9.994E-05 9.994E-05 0.9993 9.994E-05 9.994E-05 9.994E-05
9.994E-05 9.994E-05 9.994E-05 9.994E-05 9.994E-05 0.9993 9.994E-05 9.994E-05
0.0277479 0.0402907 0.0258386 0.0351994 0.0288854 0.568369 0.239167 0.0345012
0.00794654 0.0131654 0.0276633 0.0327686 0.0135416 0.0115095 0.0634198 0.829985
9.994E-05 9.994E-05 0.9993 9.994E-05 9.994E-05 9.994E-05 9.994E-05 9.994E-05
9.994E-05 0.9993 9.994E-05 9.994E-05 9.994E-05 9.994E-05 9.994E-05 9.994E-05
0.0382972 0.0224263 0.741697 0.0135123 0.0260908 0.0380162 0.0946735 0.0252868
0.0210741 0.63214 0.00492184 9.9991E-05 0.0251511 0.00863036 0.300659 0.00732385
0.0113937 0.0622083 0.0345991 0.101753 0.054855 0.0244257 0.682584 0.0281804
0.9993 9.994E-05 9.994E-05 9.994E-05 9.994E-05 9.994E-05 9.994E-05 9.994E-05
0.0635324 0.0575988 0.0516317 0.087522 0.0475888 0.0890793 0.568031 0.0350155
0.0512646 0.0556901 0.0317548 0.0967607 0.0434176 0.0315739 0.645895 0.0436428
0.0340973 0.008994 0.0288951 0.0239529 0.0383781 0.0250955 0.793007 0.04758
0.019587 0.013702 0.0345551 0.0217842 0.0383144 0.00350611 0.845458 0.0230927
0.0477393 0.0953186 0.0421229 0.0480165 0.0281994 0.0689551 0.631875 0.0377733
0.0618982 0.0553804 0.0710633 0.0501506 0.0490083 0.057938 0.597287 0.0572738
0.0269181 9.9991E-05 0.00152875 0.823979 0.0209888 0.0278339 0.0727122 0.0259396
0.0117039 0.00301793 0.0109969 0.00653871 0.00669283 0.0158781 0.941864 0.00330717
0.00372335 0.0139799 0.0134636 0.931826 0.0124855 0.015219 0.0092031 9.9991E-05
9.994E-05 9.994E-05 9.994E-05 9.994E-05 9.994E-05 9.994E-05 0.9993 9.994E-05
0.00367114 0.0270478 9.9973E-05 0.00266332 0.955061 0.0112573 9.9973E-05 9.9973E-05
9.994E-05 9.994E-05 9.994E-05 9.994E-05 0.9993 9.994E-05 9.994E-05 9.994E-05
9.994E-05 9.994E-05 9.994E-05 9.994E-05 9.994E-05 0.9993 9.994E-05 9.994E-05
0.00884094 0.0132967 0.00961413 0.00114856 0.0128216 0.914353 0.0398255 9.9991E-05
9.9946E-05 9.9946E-05 9.9946E-05 9.9946E-05 0.00569116 9.9946E-05 9.9946E-05 0.993709
9.994E-05 9.994E-05 0.9993 9.994E-05 9.994E-05 9.994E-05 9.994E-05 9.994E-05
9.994E-05 0.9993 9.994E-05 9.994E-05 9.994E-05 9.994E-05 9.994E-05 9.994E-05
9.994E-05 9.994E-05 0.9993 9.994E-05 9.994E-05 9.994E-05 9.994E-05 9.994E-05
0.0375594 0.631632 0.00760552 9.9991E-05 0.023147 0.00618778 0.291932 0.00183665
0.0512153 0.0315631 0.0910111 0.0487634 0.0483476 0.0433095 0.650114 0.0356762
0.970714 0.00101931 0.0109697 9.9973E-05 9.9973E-05 9.9973E-05 0.016305 0.000692522
0.0678197 0.0690465 0.052484 0.0836902 0.0389037 0.0809595 0.566069 0.0410277
0.036864 0.0741977 0.062167 0.0964459 0.0488354 0.0601462 0.566331 0.0550128
0.0199523 0.0169004 0.0198737 0.0140001 0.0279905 0.027208 0.83333 0.0407455
0.00910219 0.00984092 0.0432771 0.0332025 0.0204201 0.0123747 0.857266 0.0145163
0.0360363 0.0344551 9.9982E-05 0.00036747 9.9982E-05 0.0501335 0.864108 0.0146996
0.0526864 0.0513475 0.0649612 0.0531196 0.0625838 0.0689326 0.594542 0.0518268
0.0240294 0.0122912 0.00512606 0.819715 0.0156174 0.0276597 0.0676172 0.0279444
9.99459E-05 9.99459E-05 9.99459E-05 9.99459E-05 9.99459E-05 0.0163028 0.983098 9.99459E-05
9.994E-05 9.994E-05 9.994E-05 0.9993 9.994E-05 9.994E-05 9.994E-05 9.994E-05
9.994E-05 9.994E-05 9.994E-05 9.994E-05 9.994E-05 9.994E-05 0.9993 9.994E-05
9.9991E-05 0.00681624 0.00131993 0.0192666 0.955842 0.00909873 0.00714955 0.00040689
9.9946E-05 9.9946E-05 0.00266304 9.9946E-05 0.996737 9.9946E-05 9.9946E-05 9.9946E-05
9.994E-05 9.994E-05 9.994E-05 9.994E-05 9.994E-05 0.9993 9.994E-05 9.994E-05
9.994E-05 9.994E-05 9.994E-05 9.994E-05 9.994E-05 0.9993 9.994E-05 9.994E-05
9.9964E-05 0.00368041 9.9964E-05 0.00262727 9.9964E-05 0.0130071 9.9964E-05 0.980285
0.00829872 0.00874687 0.965749 9.9973E-05 9.9973E-05 0.00856597 9.9973E-05 0.00833972
0.0204313 0.390919 0.0442338 0.0511724 0.0533129 0.0484517 0.334029 0.0574496
0.00939744 9.9982E-05 0.957281 0.00395258 9.9982E-05 0.00512199 0.0187171 0.00533
0.994941 9.9955E-05 9.9955E-05 9.9955E-05 0.0041466 9.9955E-05 9.9955E-05 0.000412621
0.0351256 0.0551402 0.0250521 0.140374 0.0713701 0.0367674 0.609949 0.0262211
0.0705717 0.0504564 0.05387 0.0900565 0.0401331 0.0931117 0.556133 0.0456678
0.0330428 0.0764041 0.0771495 0.0669028 0.0641261 0.0252777 0.583312 0.0737855
0.021635 0.0244506 0.0298073 0.00623339 0.0292569 0.0283527 0.814572 0.0456924
0.0241982 0.0509532 0.0622208 0.0336394 0.0331251 0.0100842 0.749541 0.0362379
0.0571357 0.0422338 9.9991E-05 0.0464216 0.0018005 0.0384928 0.794415 0.0194006
0.0502846 0.0425848 9.9982E-05 0.0020578 9.9982E-05 0.0449489 0.848994 0.0109298
0.0375168 0.0415541 0.0817436 0.0350093 0.0364718 0.0380735 0.664431 0.0652002
0.00175796 0.00779627 9.9991E-05 0.852253 0.0182854 0.0300885 0.0680436 0.0216755
9.994E-05 9.994E-05 9.994E-05 9.994E-05 9.994E-05 9.994E-05 0.9993 9.994E-05
9.994E-05 9.994E-05 9.994E-05 0.9993 9.994E-05 9.994E-05 9.994E-05 9.994E-05
9.9946E-05 9.9946E-05 9.9946E-05 9.9946E-05 9.9946E-05 9.9946E-05 0.997158 0.00224239
9.9946E-05 9.9946E-05 9.9946E-05 0.000261076 0.999139 9.9946E-05 9.9946E-05 9.9946E-05
0.0119188 9.9973E-05 0.00474493 9.9973E-05 0.00775265 0.973961 0.00132226 9.9973E-05
9.994E-05 9.994E-05 9.994E-05 9.994E-05 9.994E-05 9.994E-05 9.994E-05 0.9993
0.0165183 0.036708 0.044186 0.0132143 0.051098 0.0516035 0.294112 0.49256
0.0456725 0.292854 0.0516357 0.043751 0.0642526 0.0656516 0.402073 0.0341093
9.994E-05 9.994E-05 0.9993 9.994E-05 9.994E-05 9.994E-05 9.994E-05 9.994E-05
9.994E-05 0.9993 9.994E-05 9.994E-05 9.994E-05 9.994E-05 9.994E-05 9.994E-05
0.0144954 0.0225937 0.857872 0.0190491 0.0180039 0.0161994 0.036492 0.0152943
0.9993 9.994E-05 9.994E-05 9.994E-05 9.994E-05 9.994E-05 9.994E-05 9.994E-05
0.0440393 0.0594048 0.0437607 0.108773 0.0494653 0.0543778 0.587973 0.0522062
0.0619154 0.0896865 0.0664741 0.0965921 0.0554813 0.0896668 0.494422 0.0457617
0.0320617 0.0708411 0.0609003 0.0872801 0.0606405 0.0417499 0.60526 0.0412667
0.0206845 0.0480232 0.0369408 0.0335589 0.0114609 9.9991E-05 0.817237 0.0319948
0.016739 0.0326209 0.044302 0.0106256 0.0346275 0.0021112 0.858874 9.9991E-05
0.0547991 0.0586786 9.9982E-05 0.0227233 9.9982E-05 0.0504365 0.798854 0.0143086
0.0470499 0.059158 0.0186703 0.0322343 0.0158362 0.0704032 0.723649 0.0329991
0.0395305 0.0377198 0.0749643 0.0367641 0.0296751 0.0458645 0.675407 0.0600751
0.0346091 0.0142674 0.0114247 0.79425 0.0317266 0.0157858 0.0728902 0.0250466
9.99459E-05 9.99459E-05 9.99459E-05 9.99459E-05 9.99459E-05 0.00383342 0.995567 9.99459E-05
9.994E-05 9.994E-05 9.994E-05 0.9993 9.994E-05 9.994E-05 9.994E-05 9.994E-05
9.994E-05 9.994E-05 9.994E-05 9.994E-05 0.9993 9.994E-05 9.994E-05 9.994E-05
