9.996E-05 0.9995 9.996E-05 9.996E-05 9.996E-05 9.996E-05
0.0123469 0.00309301 0.0155906 9.9991E-05 0.951936 0.0169333
0.00956161 0.0103695 0.00727677 0.00277721 0.954392 0.015623
9.996E-05 9.996E-05 9.996E-05 9.996E-05 9.996E-05 0.9995
9.996E-05 9.996E-05 9.996E-05 9.996E-05 9.996E-05 0.9995
0.0663993 0.0701175 0.0480455 0.0420897 0.0864363 0.686912
0.9995 9.996E-05 9.996E-05 9.996E-05 9.996E-05 9.996E-05
9.9964E-05 9.9964E-05 9.9964E-05 9.9964E-05 0.0318107 0.967789
0.0969633 0.0726365 0.041664 0.131618 0.0522072 0.604911
0.00213946 9.9973E-05 0.989729 9.9973E-05 0.00783202 9.9973E-05
0.081164 0.0803593 0.0808965 0.117943 0.0691792 0.570458
0.0964579 0.0609755 0.080867 0.111794 0.122465 0.527441
0.0789524 0.0444635 0.0258195 0.0363309 0.0254756 0.788958
0.0779927 0.0271109 0.0193253 0.0611538 0.00603644 0.808381
0.560253 0.0245379 0.051363 0.0169235 0.0383013 0.308622
0.0388985 0.0119339 0.094702 0.0750079 0.0805853 0.698873
0.039156 0.00701877 0.0784221 0.0691075 0.0969773 0.709318
0.112024 0.0751551 0.0588259 0.0830614 0.0913736 0.57956
0.00947311 0.0365954 0.0319032 0.800449 0.0415981 0.0799808
0.0724541 0.0469227 0.050166 0.0884442 0.0717836 0.670229
9.9973E-05 9.9973E-05 9.9973E-05 0.99013 0.00880764 0.000762887
0.0467553 0.034113 0.0344086 0.066889 0.0497369 0.768097
0.0147304 0.927225 9.9982E-05 9.9982E-05 0.0111178 0.0467271
9.996E-05 9.996E-05 9.996E-05 9.996E-05 0.9995 9.996E-05
0.0218833 0.0106172 0.0237992 9.9991E-05 0.922078 0.0215227
9.996E-05 9.996E-05 9.996E-05 9.996E-05 9.996E-05 0.9995
0.9995 9.996E-05 9.996E-05 9.996E-05 9.996E-05 9.996E-05
9.9964E-05 9.9964E-05 9.9964E-05 9.9964E-05 0.0338933 0.965707
0.932702 0.00924615 0.00998546 9.9991E-05 0.0125889 0.0353778
9.9964E-05 9.9964E-05 9.9964E-05 9.9964E-05 0.0473954 0.952205
0.071216 0.0645951 0.0344565 0.14015 0.0353663 0.654216
9.996E-05 9.996E-05 0.9995 9.996E-05 9.996E-05 9.996E-05
0.11611 0.105226 0.078897 0.110738 0.110645 0.478385
0.0809225 0.0351114 0.0317158 0.050448 0.0134888 0.788313
0.0764054 0.0290214 0.0224155 0.0681593 0.0208391 0.783159
0.0884545 0.0795842 0.0801648 0.0996262 0.0680187 0.584151
0.0324291 0.0188143 0.0999207 0.0802013 0.0761101 0.692524
0.0731158 0.0496392 0.0765124 0.104441 0.0621279 0.634164
0.0601023 0.0291991 0.0615701 0.0694584 0.0450333 0.734637
9.996E-05 9.996E-05 9.996E-05 0.9995 9.996E-05 9.996E-05
0.0572196 0.0544923 0.0475677 0.0862819 0.0576762 0.696762
9.996E-05 0.9995 9.996E-05 9.996E-05 9.996E-05 9.996E-05
0.0145771 0.95929 0.00390387 0.00422802 9.9991E-05 0.0179014
9.996E-05 9.996E-05 9.996E-05 9.996E-05 0.9995 9.996E-05
0.0130174 0.0104755 0.0268622 0.00832834 0.87304 0.0682765
9.996E-05 9.996E-05 9.996E-05 9.996E-05 9.996E-05 0.9995
0.9995 9.996E-05 9.996E-05 9.996E-05 9.996E-05 9.996E-05
0.0227335 0.0284267 0.0274653 0.00290438 0.0585303 0.85994
0.9995 9.996E-05 9.996E-05 9.996E-05 9.996E-05 9.996E-05
0.0215279 0.0349879 0.0238564 9.9991E-05 0.0572342 0.862294
0.0910824 0.0736444 0.0386757 0.136847 0.0458874 0.613863
9.9964E-05 9.9964E-05 0.998055 9.9964E-05 0.00154543 9.9964E-05
0.0829782 0.0655218 0.072105 0.136495 0.059552 0.583348
0.0762336 0.0407288 0.0405112 0.0418195 0.0267777 0.773929
0.0674768 0.0414198 0.0292777 0.0684747 0.0289325 0.764418
0.0953573 0.0745186 0.0990762 0.0738126 0.068714 0.588521
0.0368344 0.0132633 0.0955392 0.0989051 0.0760596 0.679398
0.0648911 0.0480397 0.0564966 0.413076 0.0679443 0.349552
0.0704444 0.0405732 0.0550882 0.0685686 0.0702191 0.695106
9.996E-05 9.996E-05 9.996E-05 0.9995 9.996E-05 9.996E-05
0.0503903 0.0247301 0.0417931 0.056656 0.0494621 0.776968
9.9964E-05 0.990543 9.9964E-05 9.9964E-05 0.00905696 9.9964E-05
0.0101877 0.958818 0.00330366 9.9991E-05 0.00334069 0.0242496
9.996E-05 9.996E-05 9.996E-05 9.996E-05 0.9995 9.996E-05
0.043179 0.0433825 0.0448481 0.0433629 0.581501 0.243727
9.996E-05 9.996E-05 9.996E-05 9.996E-05 9.996E-05 0.9995
0.985907 9.9973E-05 9.9973E-05 0.00870643 0.00508644 9.9973E-05
9.9982E-05 0.00163113 9.9982E-05 0.018492 0.066308 0.913369
0.853035 0.0238999 0.0123546 0.0132483 0.0258201 0.0716424
0.0161314 0.0248239 0.016433 0.0116231 0.0458226 0.885166
0.0840081 0.0745334 0.0563724 0.138562 0.0437044 0.60282
9.996E-05 9.996E-05 0.9995 9.996E-05 9.996E-05 9.996E-05
0.0852781 0.0683292 0.0752949 0.143072 0.0702546 0.557771
0.0936755 0.0567972 0.039583 0.0751796 0.0494901 0.685275
0.0748506 0.0169231 0.0107215 0.0699359 0.0190499 0.808519
0.0343171 0.0211517 0.086798 0.0692797 0.0999058 0.688548
0.093758 0.0819265 0.0891744 0.0638156 0.0946299 0.576696
0.0725322 0.0677952 0.059163 0.368155 0.0755765 0.356778
0.0539888 0.0400423 0.0537501 0.0667133 0.0584346 0.727071
9.996E-05 9.996E-05 9.996E-05 0.9995 9.996E-05 9.996E-05
0.0548727 0.0404341 0.0364584 0.0802335 0.0639231 0.724078
9.996E-05 0.9995 9.996E-05 9.996E-05 9.996E-05 9.996E-05
9.996E-05 0.9995 9.996E-05 9.996E-05 9.996E-05 9.996E-05
9.996E-05 9.996E-05 9.996E-05 9.996E-05 0.9995 9.996E-05
0.0511936 0.0346836 0.0460296 0.0501433 0.589483 0.228467
0.0115749 0.00229835 9.9982E-05 0.0103675 9.9982E-05 0.975559
0.9995 9.996E-05 9.996E-05 9.996E-05 9.996E-05 9.996E-05
9.9964E-05 9.9964E-05 9.9964E-05 9.9964E-05 0.0390277 0.960572
0.75362 0.0420512 0.029918 0.00574444 0.0456988 0.122968
0.0138971 0.0199301 0.0210206 9.9991E-05 0.0421366 0.902916
0.0840441 0.0685606 0.0414964 0.13526 0.0390523 0.631587
9.996E-05 9.996E-05 0.9995 9.996E-05 9.996E-05 9.996E-05
0.0888951 0.0487425 0.0827349 0.111701 0.111471 0.556455
0.0816471 0.0639997 0.0723363 0.137155 0.0533373 0.591524
0.0678439 0.0548325 0.0561296 0.0689581 0.0570536 0.695182
0.0866292 0.0508583 0.0566502 0.0726326 0.0224203 0.710809
0.0666735 0.0477762 0.0765414 0.0682522 0.101295 0.639462
0.09894 0.0691055 0.0841846 0.0645411 0.0906232 0.592606
0.00958862 0.0223996 0.0266035 0.842015 0.0160965 0.0832966
0.0645366 0.0330968 0.0614613 0.0697832 0.0543017 0.71682
0.0188963 0.00874606 0.00359932 0.940639 0.00722165 0.0208979
0.051868 0.0226272 0.0240277 0.0730759 0.0300853 0.798316
9.9991E-05 0.955245 0.0069644 0.0140588 0.0119438 0.0116882
9.996E-05 0.9995 9.996E-05 9.996E-05 9.996E-05 9.996E-05
9.996E-05 9.996E-05 9.996E-05 9.996E-05 0.9995 9.996E-05
0.0187041 0.0141989 0.0140245 0.00702212 0.914938 0.031112
9.996E-05 9.996E-05 9.996E-05 9.996E-05 9.996E-05 0.9995
0.9995 9.996E-05 9.996E-05 9.996E-05 9.996E-05 9.996E-05
9.9964E-05 9.9964E-05 9.9964E-05 9.9964E-05 0.0344486 0.965152
0.9995 9.996E-05 9.996E-05 9.996E-05 9.996E-05 9.996E-05
0.0098253 0.0139234 0.0288966 9.9991E-05 0.0491554 0.898099
0.112302 0.0695199 0.0872486 0.0871757 0.0701265 0.573627
0.00641836 9.9973E-05 0.987951 9.9973E-05 9.9973E-05 0.00533032
0.088381 0.0418545 0.089298 0.121198 0.109224 0.550045
0.0955387 0.063289 0.0564803 0.141044 0.0671047 0.576543
0.0588322 0.0595431 0.0527578 0.0638454 0.0452961 0.719725
0.0910042 0.0486971 0.0316896 0.0998192 0.0406737 0.688116
0.0357781 0.00714371 0.0837506 0.0643003 0.0850412 0.723986
0.10258 0.0820391 0.0765881 0.0791695 0.0852237 0.5744
0.000114806 0.0326528 0.0174981 0.830419 0.0255753 0.0937399
0.0511746 0.0295391 0.0303986 0.057387 0.0640074 0.767493
9.996E-05 9.996E-05 9.996E-05 0.9995 9.996E-05 9.996E-05
0.0491186 0.0353769 0.0311285 0.0693808 0.0155101 0.799485
9.9991E-05 0.965657 0.00219913 0.0116342 0.00665067 0.0137592
9.9964E-05 0.99879 0.000810296 9.9964E-05 9.9964E-05 9.9964E-05
9.996E-05 9.996E-05 9.996E-05 9.996E-05 0.9995 9.996E-05
9.996E-05 9.996E-05 9.996E-05 9.996E-05 0.9995 9.996E-05
9.996E-05 9.996E-05 9.996E-05 9.996E-05 9.996E-05 0.9995
0.990029 0.000287968 0.00142618 9.9991E-05 0.00766924 0.000488055
0.0508178 0.0581582 0.0330272 0.0649445 0.0696336 0.723419
0.967796 0.00504614 0.00359614 0.00082875 0.00405047 0.0186826
9.9964E-05 0.00331442 0.996286 9.9964E-05 9.9964E-05 9.9964E-05
0.0726145 0.0810829 0.0590038 0.155441 0.0518072 0.58005
0.0924048 0.0599168 0.0879147 0.106993 0.121534 0.531237
0.0879276 0.07532 0.0666676 0.100503 0.0511926 0.618389
0.0704422 0.0626811 0.0466206 0.0507559 0.0535219 0.715978
0.0865661 0.0519574 0.0571145 0.0664273 0.0330809 0.704854
0.0378098 0.0191391 0.0935818 0.0981968 0.0743072 0.676965
0.0346976 0.0104512 0.0888563 0.0678971 0.0748107 0.723287
0.118813 0.0523289 0.0649005 0.0755127 0.0671673 0.621278
0.00506879 0.0182751 0.0087306 0.86316 0.0249344 0.0798307
0.046905 0.0165333 0.0382209 0.0498341 0.0485915 0.799915
9.996E-05 9.996E-05 9.996E-05 0.9995 9.996E-05 9.996E-05
0.0459927 0.0275 0.0377864 0.068011 0.0245207 0.796189
9.996E-05 0.9995 9.996E-05 9.996E-05 9.996E-05 9.996E-05
0.00700331 0.0125781 0.00836723 0.00122005 0.965735 0.00509662
9.996E-05 9.996E-05 9.996E-05 9.996E-05 9.996E-05 0.9995
0.050632 0.0553634 0.0145626 0.0153113 0.0637948 0.800336
0.0540407 0.0712883 0.0582798 0.0693246 0.0944728 0.652594
0.9995 9.996E-05 9.996E-05 9.996E-05 9.996E-05 9.996E-05
9.9964E-05 9.9964E-05 9.9964E-05 9.9964E-05 0.0361909 0.963409
0.858226 0.0153486 0.014808 0.0314568 0.0220526 0.058108
9.996E-05 9.996E-05 0.9995 9.996E-05 9.996E-05 9.996E-05
0.0717869 0.0668279 0.0523293 0.160468 0.074391 0.574197
0.0914285 0.0549276 0.0850199 0.12075 0.113524 0.53435
0.0839002 0.0709698 0.0675871 0.130925 0.0595753 0.587043
0.0708252 0.0298873 0.0433777 0.094153 0.0219068 0.73985
0.0833682 0.0552812 0.0497644 0.0620642 0.0326204 0.716902
0.0485254 0.0161093 0.0951786 0.0743191 0.0841744 0.681693
0.0469195 0.047027 0.0879794 0.0814544 0.0935749 0.643045
0.113662 0.0486097 0.0696492 0.0774214 0.0619925 0.628665
0.0178199 0.0229711 0.020567 0.802515 0.0351916 0.100936
0.0511306 0.0321021 0.0458019 0.0482748 0.0602764 0.762414
9.996E-05 9.996E-05 9.996E-05 0.9995 9.996E-05 9.996E-05
9.996E-05 0.9995 9.996E-05 9.996E-05 9.996E-05 9.996E-05
