9.999E-05 9.999E-05 0.9998
0.992284 9.9991E-05 0.00761642
0.993435 9.9991E-05 0.0064649
0.978966 0.0101972 0.0108364
0.977875 0.0112967 0.0108285
0.838451 0.0803902 0.0811592
9.999E-05 0.9998 9.999E-05
0.992028 9.9991E-05 0.0078719
0.826467 0.101519 0.0720139
0.951764 0.0288139 0.0194224
0.812159 0.09394 0.0939007
0.825773 0.103812 0.0704144
0.843813 0.103603 0.0525847
0.87587 0.0977501 0.0263803
0.409769 0.568398 0.0218327
0.927413 0.0456559 0.0269309
0.918631 0.060196 0.021173
0.8007 0.118564 0.0807362
0.980499 0.00015463 0.0193467
0.849123 0.0839204 0.066957
0.9998 9.999E-05 9.999E-05
0.896832 0.0675804 0.0355875
0.0519069 0.0205529 0.92754
0.9998 9.999E-05 9.999E-05
0.98423 0.00310597 0.0126636
0.978611 0.0140129 0.00737593
9.999E-05 0.9998 9.999E-05
0.986881 9.9991E-05 0.0130191
0.036866 0.947909 0.0152249
0.986595 9.9991E-05 0.0133048
0.857598 0.086521 0.0558812
0.967249 0.0164327 0.0163184
0.761312 0.129151 0.109538
0.847966 0.105783 0.0462512
0.864454 0.106059 0.0294874
0.838151 0.0886029 0.0732461
0.916774 0.0504998 0.0327265
0.866531 0.0858656 0.0476038
0.884016 0.0785581 0.0374258
0.9998 9.999E-05 9.999E-05
0.861238 0.0750796 0.0636819
9.999E-05 9.999E-05 0.9998
0.0423718 0.0115188 0.946109
0.9998 9.999E-05 9.999E-05
0.984425 0.000460929 0.015114
0.969219 0.0282057 0.00257565
9.999E-05 0.9998 9.999E-05
0.925807 0.0309332 0.04326
9.999E-05 0.9998 9.999E-05
0.907753 0.0345391 0.0577083
0.836591 0.0926053 0.0708035
0.95314 0.0174295 0.0294303
0.845344 0.0894508 0.0652049
0.85156 0.108895 0.0395454
0.875486 0.0823778 0.0421357
0.817821 0.103641 0.0785382
0.940501 0.0409744 0.0185249
0.906587 0.04773 0.0456834
0.865121 0.0887421 0.0461374
0.9998 9.999E-05 9.999E-05
0.900727 0.0635704 0.0357023
0.00156901 9.9991E-05 0.998331
0.0272632 0.0154826 0.957254
0.998567 9.9991E-05 0.00133316
0.925562 0.0281582 0.0462801
0.96406 0.0172864 0.0186539
0.00873501 0.988244 0.00302084
0.975222 0.00320129 0.0215766
0.144348 0.852132 0.0035203
0.929308 0.0237014 0.0469906
0.83201 0.0866526 0.0813373
0.956706 0.0213566 0.021937
0.840824 0.0914183 0.0677581
0.82231 0.105788 0.0719013
0.885161 0.0947472 0.0200922
0.920239 0.0505729 0.0291881
0.814765 0.110663 0.0745723
0.888598 0.0538237 0.0575782
0.874896 0.0769613 0.0481429
0.9998 9.999E-05 9.999E-05
0.869934 0.0738652 0.0562011
9.999E-05 9.999E-05 0.9998
9.999E-05 9.999E-05 0.9998
0.9998 9.999E-05 9.999E-05
0.917805 0.0384773 0.0437179
0.939299 0.0462163 0.0144846
9.999E-05 0.9998 9.999E-05
0.99764 0.000918884 0.00144063
0.195098 0.767393 0.0375095
0.933147 0.0207673 0.0460854
0.835406 0.0931042 0.0714899
0.954993 0.0207031 0.024304
0.836673 0.0984699 0.0648574
0.844324 0.0852795 0.0703964
0.859305 0.0802617 0.0604329
0.845144 0.104245 0.0506109
0.873055 0.076263 0.0506824
0.810925 0.11386 0.0752157
0.993637 0.00558891 0.000774559
0.873051 0.08791 0.0390395
0.999723 0.000176553 9.9991E-05
0.885017 0.0820733 0.0329096
0.0448688 9.9991E-05 0.955031
9.999E-05 9.999E-05 0.9998
0.9998 9.999E-05 9.999E-05
0.986032 9.9991E-05 0.0138683
0.97125 0.0111346 0.017615
9.999E-05 0.9998 9.999E-05
0.999298 9.9991E-05 0.000602349
9.999E-05 0.9998 9.999E-05
0.93893 0.028726 0.0323442
0.798485 0.123883 0.0776324
0.941169 0.0358996 0.0229312
0.84425 0.100663 0.0550867
0.832205 0.106009 0.0617857
0.856042 0.076562 0.067396
0.858641 0.112062 0.0292976
0.949896 0.0387908 0.011313
0.800815 0.11346 0.0857248
0.987576 9.9991E-05 0.0123238
0.894176 0.0753079 0.0305164
0.9998 9.999E-05 9.999E-05
0.894959 0.0681402 0.0369008
0.0314678 9.9991E-05 0.968432
9.9991E-05 0.00019609 0.999704
0.991849 9.9991E-05 0.00805068
0.9998 9.999E-05 9.999E-05
0.96975 0.0179338 0.0123163
0.00859728 0.98609 0.00531287
0.877458 0.0534884 0.0690532
0.0242768 0.974308 0.00141521
0.94889 0.0246613 0.026449
0.843674 0.0697661 0.0865594
0.832387 0.102695 0.0649172
0.805966 0.105832 0.0882019
0.854907 0.080252 0.0648413
0.833292 0.111721 0.054987
0.929303 0.0420977 0.0285994
0.938696 0.0487224 0.0125812
0.822621 0.128005 0.0493743
0.998852 0.00104753 9.9991E-05
0.894582 0.0681278 0.0372907
0.9998 9.999E-05 9.999E-05
0.886945 0.077116 0.0359393
9.999E-05 9.999E-05 0.9998
0.991589 9.9991E-05 0.00831061
0.980891 0.0121295 0.00697959
0.869957 0.0628277 0.0672155
0.844321 0.0703504 0.0853283
9.999E-05 0.9998 9.999E-05
0.988104 9.9991E-05 0.0117963
0.11523 0.869231 0.0155396
0.961042 0.0204187 0.0185394
0.852602 0.0828313 0.0645666
0.833115 0.104658 0.0622274
0.819822 0.0969151 0.0832629
0.863757 0.0936772 0.0425654
0.827298 0.105815 0.0668877
0.928117 0.0472399 0.0246428
0.899098 0.0601981 0.0407036
0.829135 0.120319 0.0505456
0.974061 0.0164317 0.00950721
0.884167 0.074958 0.0408749
0.9998 9.999E-05 9.999E-05
9.999E-05 9.999E-05 0.9998
