9.998E-05 9.998E-05 9.998E-05 0.9997
9.998E-05 0.9997 9.998E-05 9.998E-05
9.998E-05 0.9997 9.998E-05 9.998E-05
0.00475622 0.995044 9.9982E-05 9.9982E-05
0.00582528 0.982867 0.00473631 0.00657117
0.0613096 0.793912 0.073358 0.07142
9.998E-05 9.998E-05 0.9997 9.998E-05
0.0206013 0.976153 9.9991E-05 0.00314598
0.176815 0.638473 0.110473 0.074239
0.000508568 0.965353 0.0238161 0.0103227
0.137407 0.68772 0.0977882 0.0770845
0.141319 0.686084 0.107847 0.0647502
0.092612 0.752791 0.101943 0.0526539
0.110999 0.747473 0.113092 0.0284363
0.0300828 0.375067 0.569063 0.0257879
0.0843278 0.839767 0.0575614 0.0183438
0.0871267 0.843768 0.0583988 0.0107064
0.109054 0.694723 0.121491 0.0747318
0.814092 0.146209 0.00791447 0.0317843
0.118175 0.74181 0.0783928 0.0616216
0.9997 9.998E-05 9.998E-05 9.998E-05
0.115265 0.77485 0.0793849 0.0305007
0.00396834 0.0578582 0.00783497 0.930339
9.998E-05 0.9997 9.998E-05 9.998E-05
9.9982E-05 0.993501 9.9982E-05 0.00629936
9.9982E-05 0.997573 0.00222692 9.9982E-05
9.998E-05 9.998E-05 0.9997 9.998E-05
0.0243023 0.975498 9.9982E-05 9.9982E-05
9.9991E-05 0.0485132 0.933426 0.0179606
0.0270551 0.96041 9.9991E-05 0.0124345
0.172769 0.668251 0.0984197 0.0605611
9.9991E-05 0.971391 0.0168179 0.011691
0.139683 0.619646 0.133348 0.107323
0.0952951 0.738588 0.117541 0.0485766
0.120399 0.732149 0.115296 0.0321562
0.116603 0.711277 0.0956555 0.0764639
0.092418 0.83059 0.0488513 0.0281406
0.112328 0.738852 0.0968433 0.0519771
0.0982968 0.780542 0.0761977 0.0449631
0.9997 9.998E-05 9.998E-05 9.998E-05
0.120238 0.736068 0.070544 0.0731509
9.998E-05 9.998E-05 9.998E-05 0.9997
9.9991E-05 0.0249281 0.0201931 0.954779
9.998E-05 0.9997 9.998E-05 9.998E-05
9.9982E-05 0.997844 9.9982E-05 0.00195628
0.00695218 0.984813 0.00721312 0.00102144
9.998E-05 9.998E-05 0.9997 9.998E-05
0.025385 0.910411 0.0372943 0.0269102
9.998E-05 9.998E-05 0.9997 9.998E-05
0.0129133 0.90539 0.0448251 0.0368713
0.167325 0.650738 0.109295 0.0726417
9.9991E-05 0.977232 0.0181856 0.00448254
0.163734 0.662298 0.102991 0.0709774
0.0897463 0.748335 0.10252 0.0593988
0.112031 0.756462 0.0952666 0.0362407
0.0986741 0.710776 0.0998788 0.0906709
0.0954115 0.838839 0.0466688 0.0190812
0.443591 0.439431 0.0601967 0.0567817
0.0946905 0.761737 0.0864213 0.0571516
0.9997 9.998E-05 9.998E-05 9.998E-05
0.0977106 0.806037 0.0624003 0.0338522
0.00587467 9.9982E-05 9.9982E-05 0.993925
0.00355191 0.0267284 0.0132494 0.95647
9.998E-05 0.9997 9.998E-05 9.998E-05
0.0485802 0.889793 0.0205742 0.0410523
0.0199009 0.960836 0.0191627 9.9991E-05
0.0047324 0.00159885 0.984288 0.00938076
0.0386518 0.948599 0.00365139 0.00909816
0.0174061 0.107358 0.853037 0.0221995
0.0191775 0.918498 0.0292302 0.0330939
0.154699 0.658439 0.098632 0.0882297
0.00883352 0.966844 0.0156073 0.00871492
0.17196 0.645024 0.100007 0.0830091
0.0975361 0.716986 0.110568 0.0749098
0.125012 0.752174 0.102817 0.0199979
0.0903481 0.840638 0.0556478 0.0133665
0.0897605 0.716708 0.109035 0.0844963
0.396104 0.471608 0.062271 0.0700176
0.0921936 0.789349 0.0764852 0.0419722
0.9997 9.998E-05 9.998E-05 9.998E-05
0.107507 0.768861 0.0691299 0.0545019
9.998E-05 9.998E-05 9.998E-05 0.9997
9.998E-05 9.998E-05 9.998E-05 0.9997
9.998E-05 0.9997 9.998E-05 9.998E-05
0.0271215 0.905643 0.0312639 0.035972
0.0390623 0.903716 0.0442324 0.0129895
9.998E-05 9.998E-05 0.9997 9.998E-05
0.0199611 0.979839 9.9982E-05 9.9982E-05
0.0236949 0.188182 0.75035 0.0377734
0.0151438 0.928389 0.0236559 0.0328112
0.174855 0.656314 0.0953122 0.0735188
0.0190184 0.963729 0.01301 0.00424219
0.132913 0.71542 0.0920657 0.059602
0.164306 0.676616 0.0888375 0.0702408
0.0962998 0.762863 0.0815809 0.0592567
0.119494 0.707635 0.11047 0.0624014
0.11074 0.756541 0.0776205 0.0550984
0.0951811 0.725821 0.107542 0.0714562
0.851965 0.108582 0.0117422 0.0277104
0.0868725 0.780728 0.0866014 0.0457978
0.943288 0.0268673 0.00807446 0.0217707
0.105964 0.786372 0.0775662 0.0300986
0.0125083 0.0357294 0.00200296 0.949759
9.998E-05 9.998E-05 9.998E-05 0.9997
9.998E-05 0.9997 9.998E-05 9.998E-05
9.998E-05 0.9997 9.998E-05 9.998E-05
0.00494405 0.978497 0.00800305 0.00855616
9.998E-05 9.998E-05 0.9997 9.998E-05
0.0107494 0.989051 9.9982E-05 9.9982E-05
9.998E-05 9.998E-05 0.9997 9.998E-05
9.9991E-05 0.939502 0.0352054 0.0251922
0.0973476 0.682417 0.134495 0.0857405
9.9991E-05 0.944478 0.0379108 0.0175112
0.139153 0.713142 0.0921893 0.0555162
0.159745 0.659668 0.112059 0.0685286
0.0979194 0.762106 0.079279 0.0606952
0.129746 0.717799 0.100707 0.0517477
0.0709665 0.87391 0.0469552 0.00816794
0.103003 0.698369 0.121888 0.0767399
0.832539 0.128035 0.0115273 0.0278991
0.0973359 0.800872 0.0699767 0.0318157
0.9997 9.998E-05 9.998E-05 9.998E-05
0.113937 0.783303 0.0686167 0.0341426
0.00795517 0.0188318 0.00304822 0.970165
9.998E-05 9.998E-05 9.998E-05 0.9997
9.998E-05 0.9997 9.998E-05 9.998E-05
9.998E-05 0.9997 9.998E-05 9.998E-05
0.0173956 0.961811 0.0109193 0.00987401
9.9982E-05 0.0208949 0.978905 9.9982E-05
0.0854374 0.801026 0.0591375 0.0543992
0.00161963 0.022223 0.968747 0.0074107
0.00752046 0.953772 0.0282478 0.0104602
0.197116 0.637705 0.0710437 0.0941355
0.131613 0.714001 0.0938264 0.0605601
0.137188 0.654451 0.116258 0.0921021
0.0818271 0.766765 0.0852137 0.066194
0.114165 0.725406 0.10924 0.0511887
0.10047 0.832696 0.0465865 0.0202477
0.0753304 0.858492 0.0462927 0.0198851
0.0894366 0.72781 0.132074 0.0506796
0.880124 0.100246 9.9991E-05 0.0195296
0.0971963 0.802639 0.0692716 0.0308935
0.9997 9.998E-05 9.998E-05 9.998E-05
0.101297 0.769826 0.085277 0.0436003
9.998E-05 9.998E-05 9.998E-05 0.9997
9.998E-05 0.9997 9.998E-05 9.998E-05
0.00176068 0.989337 0.00880183 9.9991E-05
0.0328767 0.850129 0.0591957 0.0577985
0.0801946 0.787293 0.0566786 0.0758334
9.998E-05 9.998E-05 0.9997 9.998E-05
0.0239752 0.975825 9.9982E-05 9.9982E-05
0.00767398 0.112834 0.872123 0.00736878
0.00516579 0.982246 0.0118848 0.000703021
0.186083 0.657717 0.0860579 0.0701417
0.136246 0.69652 0.0988588 0.0683747
0.157177 0.678076 0.0997127 0.065034
0.125031 0.721928 0.10216 0.0508808
0.102674 0.714092 0.118945 0.0642888
0.0798505 0.84878 0.0491356 0.0222335
0.102855 0.78787 0.0676759 0.0415984
0.0958498 0.71508 0.134508 0.054562
0.813586 0.153671 0.0042872 0.0284552
0.0833739 0.816749 0.0714764 0.0284007
0.9997 9.998E-05 9.998E-05 9.998E-05
9.998E-05 9.998E-05 9.998E-05 0.9997
