9.98921E-05 9.98921E-05 9.98921E-05 9.98921E-05 9.98921E-05 0.998801 9.98921E-05 9.98921E-05 9.98921E-05 9.98921E-05 9.98921E-05 9.98921E-05 9.98921E-05
0.00738083 9.9964E-05 0.00540149 0.00476422 9.9964E-05 0.00112612 0.00352044 9.9964E-05 0.0203342 0.93927 0.0112924 9.9964E-05 0.0065106
0.0107439 9.9964E-05 0.00603336 0.0020795 9.9964E-05 0.00139607 9.9964E-05 9.9964E-05 0.00181189 0.950944 0.0108112 0.00248585 0.0132943
9.9892E-05 9.9892E-05 9.9892E-05 9.9892E-05 0.998801 9.9892E-05 9.9892E-05 9.9892E-05 9.9892E-05 9.9892E-05 9.9892E-05 9.9892E-05 9.9892E-05
9.9892E-05 9.9892E-05 9.9892E-05 9.9892E-05 0.998801 9.9892E-05 9.9892E-05 9.9892E-05 9.9892E-05 9.9892E-05 9.9892E-05 9.9892E-05 9.9892E-05
0.0319854 0.0834021 0.0746424 0.0464817 0.0284462 0.0552987 0.133897 0.312084 0.033424 0.0537584 0.0489628 0.0202203 0.0773966
9.9892E-05 9.9892E-05 9.9892E-05 0.998801 9.9892E-05 9.9892E-05 9.9892E-05 9.9892E-05 9.9892E-05 9.9892E-05 9.9892E-05 9.9892E-05 9.9892E-05
9.9892E-05 9.9892E-05 9.9892E-05 9.9892E-05 9.9892E-05 9.9892E-05 9.9892E-05 0.998801 9.9892E-05 9.9892E-05 9.9892E-05 9.9892E-05 9.9892E-05
9.98919E-05 9.98919E-05 9.98919E-05 9.98919E-05 9.98919E-05 9.98919E-05 0.998801 9.98919E-05 9.98919E-05 9.98919E-05 9.98919E-05 9.98919E-05 9.98919E-05
9.9937E-05 0.000535694 0.00150655 0.00433366 9.9937E-05 0.00205425 9.9937E-05 9.9937E-05 0.976066 0.0148039 9.9937E-05 9.9937E-05 9.9937E-05
0.0340782 0.0475745 0.0834426 0.0364931 0.0481745 0.0406474 0.427314 0.02525 0.0431413 0.0442385 0.0282888 0.0503615 0.0909952
0.0443953 0.0341134 0.0671762 0.0622865 0.0328016 0.0366148 0.262304 0.0454981 0.0502156 0.0932609 0.0864568 0.066556 0.118321
0.0026035 9.9946E-05 0.946658 0.00449602 0.000524018 0.0076718 9.9946E-05 0.0128515 9.9946E-05 9.9946E-05 9.9946E-05 9.9946E-05 0.0245953
9.98919E-05 9.98919E-05 0.998801 9.98919E-05 9.98919E-05 9.98919E-05 9.98919E-05 9.98919E-05 9.98919E-05 9.98919E-05 9.98919E-05 9.98919E-05 9.98919E-05
0.00703366 0.0156348 9.99372E-05 0.50073 9.99372E-05 9.99372E-05 0.447182 9.99372E-05 0.0109145 9.99372E-05 0.0178055 9.99372E-05 9.99372E-05
0.995821 0.00138481 9.991E-05 9.991E-05 9.991E-05 0.0017948 9.991E-05 9.991E-05 9.991E-05 9.991E-05 9.991E-05 9.991E-05 9.991E-05
9.98919E-05 9.98919E-05 9.98919E-05 9.98919E-05 9.98919E-05 9.98919E-05 9.98919E-05 9.98919E-05 9.98919E-05 9.98919E-05 0.998801 9.98919E-05 9.98919E-05
0.0473788 0.024533 0.0549235 0.0524664 0.0442367 0.034605 0.505742 0.0143515 0.0231381 0.044986 0.0466596 0.0117159 0.0952637
0.00411392 0.00490977 0.0116068 0.0205978 0.0201597 0.0291267 0.0254119 0.000775053 0.0220121 0.0333184 0.0344461 0.775536 0.0179858
0.0229585 0.0195208 0.0178017 0.0299249 0.0282202 0.0320974 0.0276237 0.00940526 0.0253196 0.034692 0.013624 0.0411297 0.697682
9.9928E-05 9.9928E-05 0.00744696 9.9928E-05 0.00736606 9.9928E-05 9.9928E-05 9.9928E-05 9.9928E-05 0.00123937 9.9928E-05 0.972569 0.0105789
9.9955E-05 9.9955E-05 0.00995249 9.9955E-05 0.0150063 0.00494537 0.00565851 0.0162886 9.9955E-05 9.9955E-05 0.00860916 0.00408011 0.93496
0.0018053 9.9964E-05 0.0128673 0.0183151 0.000292389 0.915259 0.0141618 9.9964E-05 0.0027267 0.0144844 9.9964E-05 9.9964E-05 0.0196877
9.98919E-05 9.98919E-05 9.98919E-05 9.98919E-05 9.98919E-05 9.98919E-05 9.98919E-05 9.98919E-05 9.98919E-05 0.998801 9.98919E-05 9.98919E-05 9.98919E-05
0.0102147 9.9955E-05 0.00928043 0.0105218 9.9955E-05 0.0116663 9.9955E-05 9.9955E-05 0.0108182 0.919329 0.0131841 9.9955E-05 0.0144856
9.9892E-05 9.9892E-05 9.9892E-05 9.9892E-05 0.998801 9.9892E-05 9.9892E-05 9.9892E-05 9.9892E-05 9.9892E-05 9.9892E-05 9.9892E-05 9.9892E-05
9.9892E-05 9.9892E-05 9.9892E-05 0.998801 9.9892E-05 9.9892E-05 9.9892E-05 9.9892E-05 9.9892E-05 9.9892E-05 9.9892E-05 9.9892E-05 9.9892E-05
9.9892E-05 9.9892E-05 9.9892E-05 9.9892E-05 9.9892E-05 9.9892E-05 9.9892E-05 0.998801 9.9892E-05 9.9892E-05 9.9892E-05 9.9892E-05 9.9892E-05
9.99749E-05 0.00189165 0.00314949 0.92603 9.99749E-05 0.0109028 9.99749E-05 0.00589438 0.00552289 0.00176123 0.00787463 0.0102686 0.0264043
9.9946E-05 9.9946E-05 9.9946E-05 0.00239399 9.9946E-05 0.00142574 0.00494192 0.967379 9.9946E-05 0.00792257 0.011972 9.9946E-05 0.00336494
9.98918E-05 9.98918E-05 9.98918E-05 9.98918E-05 9.98918E-05 9.98918E-05 0.998801 9.98918E-05 9.98918E-05 9.98918E-05 9.98918E-05 9.98918E-05 9.98918E-05
9.9892E-05 9.9892E-05 9.9892E-05 9.9892E-05 9.9892E-05 9.9892E-05 9.9892E-05 9.9892E-05 0.998801 9.9892E-05 9.9892E-05 9.9892E-05 9.9892E-05
0.0220213 0.030214 0.0869622 0.0890361 0.0596358 0.0709042 0.206512 0.0555261 0.0609931 0.0951202 0.0310013 0.0779965 0.114077
9.9937E-05 0.00768608 0.964685 0.00768115 0.00741184 9.9937E-05 9.9937E-05 0.00581744 9.9937E-05 9.9937E-05 9.9937E-05 9.9937E-05 0.00601858
9.98919E-05 9.98919E-05 0.998801 9.98919E-05 9.98919E-05 9.98919E-05 9.98919E-05 9.98919E-05 9.98919E-05 9.98919E-05 9.98919E-05 9.98919E-05 9.98919E-05
0.066852 0.0026649 0.0541394 0.0117593 0.0145492 0.0310394 0.637754 9.9991E-05 0.0206666 0.0242814 0.0578647 0.00701982 0.071309
0.998801 9.9892E-05 9.9892E-05 9.9892E-05 9.9892E-05 9.9892E-05 9.9892E-05 9.9892E-05 9.9892E-05 9.9892E-05 9.9892E-05 9.9892E-05 9.9892E-05
0.0493955 0.0234133 0.0537376 0.0368477 0.0304047 0.0187118 0.140026 0.0342169 0.028563 0.0102404 0.420698 0.0495552 0.10419
9.9955E-05 0.0169864 9.9955E-05 0.00439432 9.9955E-05 0.00171325 9.9955E-05 9.9955E-05 0.0181446 0.000718552 0.00100409 0.00506788 0.951471
9.98919E-05 9.98919E-05 9.98919E-05 9.98919E-05 9.98919E-05 9.98919E-05 9.98919E-05 9.98919E-05 9.98919E-05 9.98919E-05 9.98919E-05 0.998801 9.98919E-05
0.0221808 0.0271344 0.0254163 0.028374 0.0225375 0.0360879 0.0301418 0.0245059 0.0141613 0.0253147 0.0359289 0.0388833 0.669333
9.9892E-05 9.9892E-05 9.9892E-05 9.9892E-05 9.9892E-05 0.998801 9.9892E-05 9.9892E-05 9.9892E-05 9.9892E-05 9.9892E-05 9.9892E-05 9.9892E-05
9.9946E-05 9.9946E-05 0.00346238 0.000776038 0.00713905 0.959473 0.011828 9.9946E-05 9.9946E-05 9.9946E-05 9.9946E-05 0.00362138 0.0131004
9.9892E-05 9.9892E-05 9.9892E-05 9.9892E-05 9.9892E-05 9.9892E-05 9.9892E-05 9.9892E-05 9.9892E-05 0.998801 9.9892E-05 9.9892E-05 9.9892E-05
0.0153832 0.00502728 0.0204771 0.00522866 9.9973E-05 0.00644303 9.9973E-05 0.0116502 0.0169931 0.877165 0.0115563 9.9973E-05 0.0297761
9.98921E-05 9.98921E-05 9.98921E-05 9.98921E-05 0.998801 9.98921E-05 9.98921E-05 9.98921E-05 9.98921E-05 9.98921E-05 9.98921E-05 9.98921E-05 9.98921E-05
9.9892E-05 9.9892E-05 9.9892E-05 0.998801 9.9892E-05 9.9892E-05 9.9892E-05 9.9892E-05 9.9892E-05 9.9892E-05 9.9892E-05 9.9892E-05 9.9892E-05
0.000136928 0.975366 0.00327993 9.9946E-05 0.000786036 9.9946E-05 9.9946E-05 9.9946E-05 9.9946E-05 0.00570468 9.9946E-05 0.00385138 0.0102754
9.9892E-05 9.9892E-05 9.9892E-05 0.998801 9.9892E-05 9.9892E-05 9.9892E-05 9.9892E-05 9.9892E-05 9.9892E-05 9.9892E-05 9.9892E-05 9.9892E-05
9.9919E-05 0.993022 9.9919E-05 0.000582466 9.9919E-05 0.00528298 9.9919E-05 9.9919E-05 0.000213358 9.9919E-05 9.9919E-05 9.9919E-05 9.9919E-05
9.98919E-05 9.98919E-05 9.98919E-05 9.98919E-05 9.98919E-05 9.98919E-05 0.998801 9.98919E-05 9.98919E-05 9.98919E-05 9.98919E-05 9.98919E-05 9.98919E-05
0.00296541 0.00767169 9.99583E-05 0.000986585 0.00462137 0.00362834 0.00519441 0.000218219 0.974214 9.99583E-05 9.99583E-05 9.99583E-05 9.99583E-05
9.999E-05 0.0170039 0.0677715 0.0160204 0.0326488 0.0266733 0.586018 0.0275367 0.023182 0.0267424 0.0317739 0.0640217 0.0805076
9.9964E-05 0.00348056 0.915393 0.00832832 0.010866 0.0119908 9.9964E-05 0.0188107 0.00286955 9.9964E-05 0.00715009 9.9964E-05 0.0207117
9.99189E-05 0.00434182 0.97304 9.99189E-05 9.99189E-05 0.0129761 9.99189E-05 9.99189E-05 0.0087432 9.99189E-05 9.99189E-05 9.99189E-05 9.99189E-05
0.0312707 0.0287958 0.0239688 0.0336045 0.0380116 0.0198938 0.659406 0.00902416 0.0512234 0.0305392 0.0316021 0.0122688 0.0303912
0.997191 9.9901E-05 9.9901E-05 9.9901E-05 9.9901E-05 9.9901E-05 9.9901E-05 9.9901E-05 9.9901E-05 9.9901E-05 9.9901E-05 0.00170978 9.9901E-05
0.0160744 0.00612572 0.0381926 0.020517 0.0278076 0.0381257 0.296849 0.027578 0.0253646 0.0611745 0.0275422 0.358988 0.0556612
9.9982E-05 0.0263137 0.000205592 0.0197563 0.0270498 0.0134934 0.0142477 9.9982E-05 0.0222465 0.0298532 0.00231679 0.0174916 0.826825
9.9892E-05 9.9892E-05 9.9892E-05 9.9892E-05 9.9892E-05 9.9892E-05 9.9892E-05 9.9892E-05 9.9892E-05 9.9892E-05 9.9892E-05 0.998801 9.9892E-05
9.9892E-05 9.9892E-05 9.9892E-05 9.9892E-05 9.9892E-05 9.9892E-05 9.9892E-05 9.9892E-05 9.9892E-05 9.9892E-05 9.9892E-05 9.9892E-05 0.998801
9.9937E-05 0.00238981 9.9937E-05 9.9937E-05 9.9937E-05 0.981412 9.9937E-05 0.000914371 9.9937E-05 0.0057687 0.00478154 0.0040345 9.9937E-05
9.9928E-05 9.9928E-05 0.0125875 9.9928E-05 0.0123775 0.93741 0.0211347 9.9928E-05 9.9928E-05 9.9928E-05 9.9928E-05 9.9928E-05 0.0156911
9.9892E-05 9.9892E-05 9.9892E-05 9.9892E-05 9.9892E-05 9.9892E-05 9.9892E-05 9.9892E-05 9.9892E-05 0.998801 9.9892E-05 9.9892E-05 9.9892E-05
0.023264 0.0295286 0.0427975 0.026524 0.0153631 0.0332342 0.0978936 0.0423426 0.0290676 0.544569 0.0239031 0.0309219 0.0605911
0.00465799 9.9955E-05 9.9955E-05 9.9955E-05 0.966416 0.00212285 0.00759795 0.00431733 0.00247025 0.00341306 9.9955E-05 9.9955E-05 0.0085052
0.00169915 9.9937E-05 9.9937E-05 0.97947 9.9937E-05 0.00914239 9.9937E-05 9.9937E-05 0.000370251 0.004821 0.00379773 9.9937E-05 9.9937E-05
9.9955E-05 9.9955E-05 9.9955E-05 9.9955E-05 0.00107121 0.00850516 0.0110852 0.942921 0.0162293 0.00993035 9.9955E-05 0.00909888 0.00065945
9.99941E-05 0.00285742 0.0035145 0.843582 0.00716392 0.0154297 0.0335174 0.0268197 0.0140438 0.00831666 0.0148729 0.014002 0.0157803
9.98919E-05 0.998801 9.98919E-05 9.98919E-05 9.98919E-05 9.98919E-05 9.98919E-05 9.98919E-05 9.98919E-05 9.98919E-05 9.98919E-05 9.98919E-05 9.98919E-05
9.99369E-05 9.99369E-05 9.99369E-05 0.000164748 9.99369E-05 0.00525715 0.968476 0.0059872 0.00722735 9.99369E-05 9.99369E-05 0.0121875 9.99369E-05
9.98921E-05 9.98921E-05 9.98921E-05 9.98921E-05 9.98921E-05 9.98921E-05 9.98921E-05 9.98921E-05 0.998801 9.98921E-05 9.98921E-05 9.98921E-05 9.98921E-05
9.999E-05 0.0016879 0.0827011 0.0258519 0.0148021 0.0242849 0.670533 0.0148347 0.02799 0.0208133 0.0235337 0.0509542 0.0419129
0.0233648 9.9991E-05 0.560515 0.035121 0.0241284 0.0308219 0.11157 0.0327011 0.00787539 0.0199695 0.0241191 0.0407012 0.0890119
9.98919E-05 9.98919E-05 0.998801 9.98919E-05 9.98919E-05 9.98919E-05 9.98919E-05 9.98919E-05 9.98919E-05 9.98919E-05 9.98919E-05 9.98919E-05 9.98919E-05
9.98919E-05 9.98919E-05 9.98919E-05 9.98919E-05 9.98919E-05 9.98919E-05 9.98919E-05 9.98919E-05 9.98919E-05 9.98919E-05 0.998801 9.98919E-05 9.98919E-05
0.0335961 0.0317485 0.0214706 0.0261871 0.0293291 0.0204445 0.685428 9.9982E-05 0.0439754 0.0326839 0.0259793 9.9982E-05 0.048958
0.0116472 0.0126584 0.0634968 0.0354001 0.0243487 0.0453543 0.246678 0.0317153 0.0323911 0.0744581 0.0299483 0.330918 0.0609854
9.9955E-05 0.0178383 9.9955E-05 0.00574107 9.9955E-05 9.9955E-05 0.0209946 0.00624434 0.00132129 0.0215173 9.9955E-05 0.0128553 0.912988
9.98919E-05 9.98919E-05 9.98919E-05 9.98919E-05 9.98919E-05 9.98919E-05 9.98919E-05 9.98919E-05 9.98919E-05 9.98919E-05 9.98919E-05 0.998801 9.98919E-05
0.0253018 0.00833709 0.0334323 0.00672001 0.0222379 0.0191604 0.0431634 0.0184953 0.00136435 0.0218271 0.0338137 0.0200582 0.746089
9.99101E-05 9.99101E-05 9.99101E-05 9.99101E-05 9.99101E-05 0.997934 9.99101E-05 0.000137961 9.99101E-05 9.99101E-05 9.99101E-05 0.000929238 9.99101E-05
9.98921E-05 9.98921E-05 9.98921E-05 9.98921E-05 9.98921E-05 0.998801 9.98921E-05 9.98921E-05 9.98921E-05 9.98921E-05 9.98921E-05 9.98921E-05 9.98921E-05
9.98919E-05 9.98919E-05 9.98919E-05 9.98919E-05 9.98919E-05 9.98919E-05 9.98919E-05 9.98919E-05 9.98919E-05 0.998801 9.98919E-05 9.98919E-05 9.98919E-05
0.0339218 0.0182238 0.0213041 0.0230501 0.0291845 0.0273865 0.103315 0.0240019 0.0317799 0.562072 0.031165 0.0264856 0.0681096
0.00969299 0.00685838 0.0270345 0.00948384 0.827751 0.0109206 0.00724518 0.00551241 0.0117668 0.0128549 0.0122674 0.0287761 0.029836
9.98921E-05 9.98921E-05 9.98921E-05 0.998801 9.98921E-05 9.98921E-05 9.98921E-05 9.98921E-05 9.98921E-05 9.98921E-05 9.98921E-05 9.98921E-05 9.98921E-05
9.9892E-05 9.9892E-05 9.9892E-05 9.9892E-05 9.9892E-05 9.9892E-05 9.9892E-05 0.998801 9.9892E-05 9.9892E-05 9.9892E-05 9.9892E-05 9.9892E-05
0.0117307 0.0258166 0.0151149 0.739674 0.0230343 0.0251471 0.0189747 0.00833216 0.0297571 0.0276203 0.00598535 0.0265374 0.0422755
9.98919E-05 0.998801 9.98919E-05 9.98919E-05 9.98919E-05 9.98919E-05 9.98919E-05 9.98919E-05 9.98919E-05 9.98919E-05 9.98919E-05 9.98919E-05 9.98919E-05
9.98918E-05 9.98918E-05 9.98918E-05 9.98918E-05 9.98918E-05 9.98918E-05 0.998801 9.98918E-05 9.98918E-05 9.98918E-05 9.98918E-05 9.98918E-05 9.98918E-05
9.9892E-05 9.9892E-05 9.9892E-05 9.9892E-05 9.9892E-05 9.9892E-05 9.9892E-05 9.9892E-05 0.998801 9.9892E-05 9.9892E-05 9.9892E-05 9.9892E-05
0.0713493 0.0582729 0.062087 0.0486685 0.04303 0.0343751 0.254604 0.0107349 0.0595281 0.0751473 0.092352 0.0647631 0.125088
9.9973E-05 9.9973E-05 0.0837422 9.9973E-05 0.013409 0.0137354 0.758093 0.00175648 0.0295088 0.014371 0.0185177 0.0422733 0.0242933
0.0359517 0.0198867 0.532642 0.0247351 0.0372191 0.0205457 0.131886 0.00498226 0.0245 0.0333428 0.0251681 0.0107035 0.0984369
0.0102928 0.00369955 0.737326 0.0230215 0.0209547 0.0242324 0.0540706 0.00874158 0.0269159 0.0169003 0.0257653 0.018831 0.029249
0.0273632 0.0319373 0.0554487 0.0250107 0.0187332 0.0285268 0.116134 0.0302643 0.0165661 0.0422043 0.558468 0.0209336 0.02841
0.0292447 0.0363387 0.0136172 0.0317743 0.0600414 0.0325836 0.650738 9.9982E-05 0.0296829 0.0397828 0.0349181 9.9982E-05 0.0410787
9.9964E-05 9.9964E-05 9.9964E-05 0.00198585 0.0133018 0.0113184 0.0453202 9.9964E-05 0.0203949 0.0338893 0.0237782 0.822188 0.0274237
9.9964E-05 0.0208162 9.9964E-05 0.00849688 9.9964E-05 0.00600279 9.9964E-05 0.00314874 0.0126006 0.00367603 0.0040989 0.00837351 0.932386
0.00814799 0.00672234 0.0159404 0.00527164 0.00102616 0.00280576 9.9973E-05 9.9973E-05 0.0114795 0.00505076 9.9973E-05 0.928634 0.0146215
9.991E-05 9.991E-05 0.004965 9.991E-05 9.991E-05 9.991E-05 9.991E-05 9.991E-05 9.991E-05 9.991E-05 0.000910316 9.991E-05 0.993126
0.0047424 0.00535439 9.9955E-05 9.9955E-05 9.9955E-05 0.954708 9.9955E-05 0.00188511 0.000921416 0.0110274 0.0205339 0.00032794 9.9955E-05
9.98921E-05 9.98921E-05 9.98921E-05 9.98921E-05 9.98921E-05 0.998801 9.98921E-05 9.98921E-05 9.98921E-05 9.98921E-05 9.98921E-05 9.98921E-05 9.98921E-05
9.9892E-05 9.9892E-05 9.9892E-05 9.9892E-05 9.9892E-05 9.9892E-05 9.9892E-05 9.9892E-05 9.9892E-05 0.998801 9.9892E-05 9.9892E-05 9.9892E-05
0.00754465 0.000171679 0.0123789 0.00793964 0.00310853 0.00360197 9.9973E-05 9.9973E-05 0.00958834 0.912159 0.0210453 9.9973E-05 0.0221624
9.991E-05 9.991E-05 9.991E-05 9.991E-05 0.998451 0.000394715 9.991E-05 9.991E-05 9.991E-05 9.991E-05 9.991E-05 9.991E-05 0.000154773
9.9892E-05 9.9892E-05 9.9892E-05 0.998801 9.9892E-05 9.9892E-05 9.9892E-05 9.9892E-05 9.9892E-05 9.9892E-05 9.9892E-05 9.9892E-05 9.9892E-05
9.9892E-05 9.9892E-05 9.9892E-05 9.9892E-05 9.9892E-05 9.9892E-05 9.9892E-05 0.998801 9.9892E-05 9.9892E-05 9.9892E-05 9.9892E-05 9.9892E-05
9.98921E-05 9.98921E-05 9.98921E-05 0.998801 9.98921E-05 9.98921E-05 9.98921E-05 9.98921E-05 9.98921E-05 9.98921E-05 9.98921E-05 9.98921E-05 9.98921E-05
9.9892E-05 0.998801 9.9892E-05 9.9892E-05 9.9892E-05 9.9892E-05 9.9892E-05 9.9892E-05 9.9892E-05 9.9892E-05 9.9892E-05 9.9892E-05 9.9892E-05
0.0290438 0.0127178 0.0309895 0.0483043 0.0112938 0.031589 0.684017 9.9982E-05 0.0334852 0.0262857 0.0451102 9.9982E-05 0.0469635
0.00733588 0.00045245 9.9937E-05 0.00215459 9.9937E-05 9.9937E-05 0.0136271 0.00292981 0.972801 9.9937E-05 9.9937E-05 9.9937E-05 9.9937E-05
0.064153 0.0592846 0.0675802 0.0501594 0.0418517 0.0281094 0.256237 0.0124848 0.0641895 0.0698263 0.0987166 0.0729557 0.114452
9.999E-05 0.0494622 0.115329 0.0382519 0.0265955 0.0243904 0.50402 0.0213204 0.0180498 0.0360746 0.0278476 0.0645033 0.074056
0.027826 0.0227535 0.56515 0.0157077 0.0360701 0.0167361 0.135152 0.00276792 0.0176543 0.0279801 0.0308062 9.9991E-05 0.101295
0.0241454 0.012427 0.705687 0.0255642 0.00927204 0.00899774 0.0733794 9.9991E-05 0.00566932 0.0175436 0.0395921 0.0302365 0.0473855
9.98918E-05 9.98918E-05 9.98918E-05 9.98918E-05 9.98918E-05 9.98918E-05 9.98918E-05 9.98918E-05 9.98918E-05 9.98918E-05 0.998801 9.98918E-05 9.98918E-05
0.0367585 0.013318 0.0478737 0.0365673 0.033159 0.0224002 0.611247 0.00377899 0.0435786 0.0475716 0.0335441 0.0257397 0.0444635
0.00621265 0.0125241 0.025925 0.000644991 0.0212003 0.0204738 0.0259309 0.00584749 0.0209365 0.0244508 0.0207865 0.803185 0.0118824
9.9892E-05 9.9892E-05 9.9892E-05 9.9892E-05 9.9892E-05 9.9892E-05 9.9892E-05 9.9892E-05 9.9892E-05 9.9892E-05 9.9892E-05 9.9892E-05 0.998801
9.98919E-05 9.98919E-05 9.98919E-05 9.98919E-05 9.98919E-05 9.98919E-05 9.98919E-05 9.98919E-05 9.98919E-05 9.98919E-05 9.98919E-05 0.998801 9.98919E-05
9.991E-05 9.991E-05 0.0109761 9.991E-05 0.00459414 9.991E-05 9.991E-05 9.991E-05 9.991E-05 9.991E-05 9.991E-05 9.991E-05 0.983431
0.00324017 9.9946E-05 9.9946E-05 9.9946E-05 9.9946E-05 0.950825 9.9946E-05 0.0116329 0.00590341 0.00795738 0.0141449 0.00569617 9.9946E-05
9.9919E-05 9.9919E-05 9.9919E-05 0.00140363 0.0028255 0.983553 0.0113181 9.9919E-05 9.9919E-05 9.9919E-05 9.9919E-05 9.9919E-05 9.9919E-05
9.9892E-05 9.9892E-05 9.9892E-05 9.9892E-05 9.9892E-05 9.9892E-05 9.9892E-05 9.9892E-05 9.9892E-05 0.998801 9.9892E-05 9.9892E-05 9.9892E-05
9.9892E-05 9.9892E-05 9.9892E-05 9.9892E-05 9.9892E-05 9.9892E-05 9.9892E-05 9.9892E-05 9.9892E-05 0.998801 9.9892E-05 9.9892E-05 9.9892E-05
9.9946E-05 0.00206198 9.9946E-05 9.9946E-05 0.96697 9.9946E-05 9.9946E-05 0.00151806 0.00388509 0.0142538 0.0076316 0.00308025 9.9946E-05
9.9955E-05 0.00764207 0.00444443 0.971098 9.9955E-05 0.0012734 9.9955E-05 0.0111086 9.9955E-05 0.00311735 9.9955E-05 0.000213434 0.000602831
0.0166112 0.328221 0.0522366 0.0432409 0.047193 0.0355175 0.092487 0.176446 0.0097405 0.0394924 0.0351056 0.0413347 0.0823735
0.00362125 0.00112933 0.0148244 0.960887 0.000101073 9.9964E-05 9.9964E-05 9.9964E-05 0.00961242 0.00631145 0.00177084 9.9964E-05 0.00134266
9.9964E-05 9.9964E-05 9.9964E-05 0.00198388 0.000509863 0.00629628 9.9964E-05 0.000427592 0.979392 0.00451447 0.000166508 0.00164976 0.00466019
9.999E-05 0.00480615 0.153457 0.00540917 0.000650107 0.0344806 0.543525 0.0324105 0.0351533 0.0307421 0.0195449 0.0734096 0.0663123
0.0680313 0.0589469 0.0601751 0.0590662 0.0412012 0.0303096 0.252033 0.00533791 0.0687143 0.0738352 0.0951984 0.0732543 0.113897
0.033125 0.0387129 0.0976703 0.0485176 0.0522782 0.0402436 0.45641 0.0357836 0.0283361 0.0175332 0.0381702 0.0442093 0.0690098
0.0258513 0.0278354 0.574629 0.0191167 0.0374705 0.0250424 0.137153 0.00588842 0.0223843 0.0282704 0.0136589 9.9991E-05 0.0826
0.0239513 0.0204225 0.584814 0.0417626 0.0325976 0.0236981 0.0746853 0.0307705 0.0277667 0.0101586 0.0477297 0.0304005 0.0512424
0.998801 9.9892E-05 9.9892E-05 9.9892E-05 9.9892E-05 9.9892E-05 9.9892E-05 9.9892E-05 9.9892E-05 9.9892E-05 9.9892E-05 9.9892E-05 9.9892E-05
9.98918E-05 9.98918E-05 9.98918E-05 9.98918E-05 9.98918E-05 9.98918E-05 9.98918E-05 9.98918E-05 9.98918E-05 9.98918E-05 0.998801 9.98918E-05 9.98918E-05
0.0605829 0.0303301 0.0495247 0.0367365 0.0216385 0.00240037 0.703577 9.9982E-05 0.0090118 0.0250583 0.0298861 9.9982E-05 0.0310543
0.00126486 9.9973E-05 9.9973E-05 0.00499794 0.0114851 0.0199073 0.0303484 9.9973E-05 0.0116866 0.0210558 0.0315064 0.839082 0.0283659
9.98919E-05 9.98919E-05 9.98919E-05 9.98919E-05 9.98919E-05 9.98919E-05 9.98919E-05 9.98919E-05 9.98919E-05 9.98919E-05 9.98919E-05 9.98919E-05 0.998801
9.98919E-05 9.98919E-05 9.98919E-05 9.98919E-05 9.98919E-05 9.98919E-05 9.98919E-05 9.98919E-05 9.98919E-05 9.98919E-05 9.98919E-05 0.998801 9.98919E-05
9.99371E-05 9.99371E-05 0.0162604 9.99371E-05 0.00622384 0.000352861 9.99371E-05 0.00748081 9.99371E-05 9.99371E-05 0.00219719 9.99371E-05 0.966785
0.00263786 0.000251781 9.9928E-05 0.000304907 9.9928E-05 0.995104 9.9928E-05 0.000902413 9.9928E-05 9.9928E-05 9.9928E-05 9.9928E-05 9.9928E-05
0.00130105 9.9946E-05 9.9946E-05 0.000358379 9.9946E-05 0.00451857 9.9946E-05 9.9946E-05 0.00425238 0.967714 0.0170987 9.9946E-05 0.00415716
9.9892E-05 9.9892E-05 9.9892E-05 9.9892E-05 0.998801 9.9892E-05 9.9892E-05 9.9892E-05 9.9892E-05 9.9892E-05 9.9892E-05 9.9892E-05 9.9892E-05
0.0230333 0.0132258 0.0712178 0.0315592 0.476133 0.0385842 0.121172 0.0159063 0.0183215 0.0607345 0.0276766 0.00398069 0.0984556
0.0409956 0.187479 0.095589 0.0267603 0.0301618 0.0550716 0.133279 0.164288 0.0279224 0.0614622 0.0431921 0.036069 0.0977298
9.9892E-05 9.9892E-05 9.9892E-05 0.998801 9.9892E-05 9.9892E-05 9.9892E-05 9.9892E-05 9.9892E-05 9.9892E-05 9.9892E-05 9.9892E-05 9.9892E-05
9.9892E-05 9.9892E-05 9.9892E-05 9.9892E-05 9.9892E-05 9.9892E-05 9.9892E-05 0.998801 9.9892E-05 9.9892E-05 9.9892E-05 9.9892E-05 9.9892E-05
0.00785922 0.0104499 0.000105891 0.85976 0.0105488 0.0090565 0.0106969 0.0173174 0.009133 0.0229338 0.0147084 0.0153634 0.0120672
9.98921E-05 9.98921E-05 9.98921E-05 9.98921E-05 9.98921E-05 9.98921E-05 9.98921E-05 9.98921E-05 0.998801 9.98921E-05 9.98921E-05 9.98921E-05 9.98921E-05
9.999E-05 0.00466964 0.100389 0.0154732 0.0132199 0.0168688 0.589974 0.0291857 0.0236316 0.0371259 0.0425188 0.0729836 0.0538591
0.0561666 0.0408186 0.0742482 0.0532245 0.0470055 0.0324416 0.271622 0.0438361 0.0568421 0.0819287 0.0701646 0.0676518 0.10405
0.0339067 9.9991E-05 0.12369 0.0274952 0.0292544 0.0214349 0.516932 0.0259929 0.0230934 0.0393223 0.0487513 0.0447165 0.0653112
0.0213477 9.9982E-05 0.644711 0.00976115 0.0340735 0.00483943 0.113806 0.0351871 0.0175069 9.9982E-05 0.0388707 0.0322 0.0474966
0.000378725 0.0141354 0.8444 0.018021 0.00816946 0.0257906 0.0377251 0.0178099 0.0280161 0.0010134 0.00050482 0.00393519 9.9991E-05
0.998801 9.9892E-05 9.9892E-05 9.9892E-05 9.9892E-05 9.9892E-05 9.9892E-05 9.9892E-05 9.9892E-05 9.9892E-05 9.9892E-05 9.9892E-05 9.9892E-05
0.00560667 0.00534016 0.00540186 0.0087201 0.028617 0.0193983 9.9991E-05 0.0130985 0.0159163 0.0112954 0.860209 0.0153891 0.010908
0.0594501 0.0286751 0.0437433 0.0474012 0.0231334 9.9973E-05 0.698379 9.9973E-05 0.0164415 0.0195565 0.0367715 9.9973E-05 0.0261486
9.999E-05 0.01163 0.00450339 0.0119721 0.0258996 0.0190482 0.0305144 0.00775065 0.0360269 0.0298557 0.0163008 0.782397 0.0240009
9.9892E-05 9.9892E-05 9.9892E-05 9.9892E-05 9.9892E-05 9.9892E-05 9.9892E-05 9.9892E-05 9.9892E-05 9.9892E-05 9.9892E-05 9.9892E-05 0.998801
9.98919E-05 9.98919E-05 9.98919E-05 9.98919E-05 9.98919E-05 9.98919E-05 9.98919E-05 9.98919E-05 9.98919E-05 9.98919E-05 9.98919E-05 0.998801 9.98919E-05
9.9892E-05 9.9892E-05 9.9892E-05 9.9892E-05 9.9892E-05 0.998801 9.9892E-05 9.9892E-05 9.9892E-05 9.9892E-05 9.9892E-05 9.9892E-05 9.9892E-05
