0.9996 9.997E-05 9.997E-05 9.997E-05 9.997E-05
0.0101582 0.953168 9.9991E-05 0.0023921 0.0341821
0.00447097 0.951857 0.00064679 0.00599306 0.037032
9.997E-05 9.997E-05 9.997E-05 9.997E-05 0.9996
9.997E-05 9.997E-05 9.997E-05 9.997E-05 0.9996
0.0703505 0.0875279 0.0388298 0.0674821 0.73581
9.997E-05 9.997E-05 9.997E-05 0.9996 9.997E-05
9.9973E-05 0.044343 9.9973E-05 9.9973E-05 0.955357
0.070203 0.0553884 0.142544 0.0840955 0.64777
0.00355833 0.0387815 9.9991E-05 0.00710894 0.950451
0.0658542 0.0856626 0.120036 0.0904112 0.638036
0.0605222 0.118237 0.121209 0.0937746 0.606258
0.0391855 0.0191271 0.05936 0.0877609 0.794567
0.0224668 0.0116238 0.0771452 0.0832568 0.805507
0.0182212 0.0364459 0.0303506 0.559199 0.355783
0.00628127 0.066844 0.0787342 0.0371038 0.811037
0.0101059 0.0877203 0.0741017 0.039955 0.788117
0.0687156 0.0735172 0.078694 0.104835 0.674238
0.0259548 0.0415027 0.813278 0.00454775 0.114717
0.0443304 0.081168 0.0866002 0.0677578 0.720144
9.9973E-05 0.00386265 0.995837 9.9973E-05 9.9973E-05
0.0328806 0.0332779 0.0803478 0.0416155 0.811878
0.928809 0.0124762 9.9991E-05 0.0177905 0.0408242
9.997E-05 0.9996 9.997E-05 9.997E-05 9.997E-05
0.016816 0.92112 9.9991E-05 0.0111112 0.0508525
9.997E-05 9.997E-05 9.997E-05 9.997E-05 0.9996
9.997E-05 9.997E-05 9.997E-05 0.9996 9.997E-05
9.9982E-05 0.0433187 0.00139477 9.9982E-05 0.955087
0.0166566 0.0117096 0.0151156 0.928288 0.0282299
9.9973E-05 0.0634091 9.9973E-05 9.9973E-05 0.936291
0.0560993 0.032199 0.138846 0.0761038 0.696751
9.9973E-05 0.027521 9.9973E-05 9.9973E-05 0.972179
0.0752942 0.10909 0.111687 0.117009 0.586919
0.0366804 0.0158438 0.0642155 0.0915014 0.791759
0.0199223 0.0121852 0.0820759 0.0828356 0.802981
0.0618168 0.0671401 0.0899336 0.0935881 0.687521
0.012385 0.0562301 0.0859363 0.0378948 0.807554
0.0441697 0.060118 0.104226 0.0614259 0.730061
0.027859 0.0483526 0.0805958 0.0497403 0.793452
9.997E-05 9.997E-05 0.9996 9.997E-05 9.997E-05
0.0545697 0.0609144 0.0788183 0.052709 0.752989
0.9996 9.997E-05 9.997E-05 9.997E-05 9.997E-05
0.952926 0.0099298 0.00803724 0.00594338 0.023164
9.997E-05 0.9996 9.997E-05 9.997E-05 9.997E-05
0.0137633 0.885468 0.00431782 0.0126189 0.0838315
9.997E-05 9.997E-05 9.997E-05 9.997E-05 0.9996
9.997E-05 9.997E-05 9.997E-05 0.9996 9.997E-05
0.0341427 0.0444905 0.0177581 0.019261 0.884348
9.997E-05 9.997E-05 9.997E-05 0.9996 9.997E-05
0.0365674 0.0502563 0.00209754 0.0279404 0.883138
0.0762121 0.048679 0.133654 0.0923956 0.649059
0.00981417 0.0361771 9.9991E-05 0.00755528 0.946353
0.0685426 0.0534795 0.139109 0.0763289 0.66254
0.0355998 0.0289581 0.0683391 0.0833736 0.783729
0.0349326 0.0244433 0.0911493 0.0824116 0.767063
0.0700959 0.075891 0.0851649 0.0860346 0.682814
0.00978257 0.0666818 0.0854146 0.0390194 0.799102
0.0329373 0.077043 0.407562 0.0567039 0.425754
0.0320872 0.0701679 0.0670552 0.0721934 0.758496
9.997E-05 9.997E-05 0.9996 9.997E-05 9.997E-05
0.0230921 0.0536612 0.0660279 0.0434728 0.813746
0.98302 0.00879082 0.0079892 9.9982E-05 9.9982E-05
0.957868 9.9973E-05 9.9973E-05 9.9973E-05 0.0418322
9.997E-05 0.9996 9.997E-05 9.997E-05 9.997E-05
0.0332418 0.589414 0.0565178 0.0339145 0.286911
9.997E-05 9.997E-05 9.997E-05 9.997E-05 0.9996
0.00650537 9.9982E-05 0.0141332 0.979161 9.9982E-05
0.00163392 0.0735477 0.0183341 9.9991E-05 0.906384
0.0295155 0.0211803 0.00870375 0.857166 0.0834347
0.0236846 0.0498163 0.00295457 0.0158032 0.907741
0.0772102 0.0452248 0.125217 0.0954797 0.656868
0.000567723 0.0231212 9.9982E-05 9.9982E-05 0.976111
0.0647665 0.0649902 0.141746 0.0731932 0.655305
0.0636267 0.0495052 0.0958109 0.0992562 0.691801
0.00939364 0.0118753 0.0841267 0.0855749 0.809029
0.010039 0.103395 0.0777123 0.0376184 0.771235
0.0635044 0.0728802 0.076244 0.0877994 0.699572
0.0590862 0.0835122 0.371338 0.0590686 0.426995
0.0246568 0.0572539 0.0775063 0.0603028 0.78028
9.997E-05 9.997E-05 0.9996 9.997E-05 9.997E-05
0.0437447 0.0593723 0.0814952 0.0480454 0.767342
0.9996 9.997E-05 9.997E-05 9.997E-05 9.997E-05
0.9996 9.997E-05 9.997E-05 9.997E-05 9.997E-05
9.997E-05 0.9996 9.997E-05 9.997E-05 9.997E-05
0.0284313 0.588601 0.0420734 0.0436424 0.297252
0.00494801 9.9991E-05 0.0241123 0.0161728 0.954667
9.997E-05 9.997E-05 9.997E-05 0.9996 9.997E-05
9.9973E-05 0.0602205 9.9973E-05 9.9973E-05 0.93948
0.0359889 0.0425834 0.0330268 0.746686 0.141715
0.0196158 0.0550701 0.00597872 0.0189908 0.900345
0.0662484 0.0468195 0.141995 0.0907973 0.65414
9.9973E-05 0.0251714 9.9973E-05 9.9973E-05 0.974529
0.0510389 0.102489 0.109499 0.0882899 0.648684
0.0649275 0.0547349 0.143144 0.0703394 0.666854
0.0520786 0.0584731 0.0707095 0.0772967 0.741442
0.0555305 0.0256438 0.0773212 0.0922865 0.749218
0.0430201 0.0949156 0.0751176 0.0633607 0.723586
0.0761329 0.0749569 0.0776821 0.0830163 0.688212
0.00900652 0.0337862 0.833478 0.0169299 0.106799
0.031059 0.0391891 0.0612798 0.0753159 0.793156
9.9991E-05 0.0101242 0.941121 0.00969664 0.0389587
0.0147981 0.0198075 0.0702474 0.0608285 0.834318
0.953469 0.0204312 0.0136255 0.00770742 0.00476645
0.9996 9.997E-05 9.997E-05 9.997E-05 9.997E-05
9.997E-05 0.9996 9.997E-05 9.997E-05 9.997E-05
0.019198 0.915859 9.9991E-05 0.00228116 0.0625614
9.997E-05 9.997E-05 9.997E-05 9.997E-05 0.9996
9.997E-05 9.997E-05 9.997E-05 0.9996 9.997E-05
9.9973E-05 0.0540194 9.9973E-05 9.9973E-05 0.945681
9.997E-05 9.997E-05 9.997E-05 0.9996 9.997E-05
0.0181938 0.0466005 9.9991E-05 0.0091076 0.925998
0.0679056 0.067158 0.0824119 0.126992 0.655533
0.00706815 0.0315594 9.9991E-05 0.00857375 0.952699
0.0447699 0.11089 0.119755 0.0873234 0.637261
0.0622632 0.0748519 0.141487 0.10285 0.618548
0.0539018 0.044929 0.0612336 0.0713341 0.768602
0.0382467 0.0458258 0.0946746 0.0831382 0.738115
0.000473407 0.0866276 0.0541466 0.0276218 0.831131
0.0724071 0.0766871 0.0807368 0.105985 0.664184
0.0263128 0.0311519 0.824454 0.0118156 0.106266
0.0205859 0.0512692 0.0581293 0.0519434 0.818072
9.997E-05 9.997E-05 0.9996 9.997E-05 9.997E-05
0.0246551 0.00567677 0.0737915 0.0543193 0.841557
0.966069 0.0107718 0.0185557 0.0013575 0.0032462
0.9996 9.997E-05 9.997E-05 9.997E-05 9.997E-05
9.997E-05 0.9996 9.997E-05 9.997E-05 9.997E-05
9.997E-05 0.9996 9.997E-05 9.997E-05 9.997E-05
9.997E-05 9.997E-05 9.997E-05 9.997E-05 0.9996
9.9982E-05 0.0104804 9.9982E-05 0.978384 0.0109354
0.0528721 0.0704308 0.0725282 0.0496284 0.75454
0.00368452 0.0120922 0.00886415 0.969573 0.00578598
0.00563237 0.0349537 9.9991E-05 0.00904482 0.950269
0.0707209 0.0548264 0.166927 0.0700704 0.637455
0.0474884 0.10821 0.111814 0.0833429 0.649145
0.0697441 0.0454295 0.114663 0.100467 0.669697
0.0466361 0.0542972 0.0560206 0.0780271 0.765019
0.0466972 0.0396257 0.0897648 0.103639 0.720274
0.00530082 0.0626513 0.0960405 0.0312862 0.804721
0.0101476 0.0847247 0.0753285 0.0423553 0.787444
0.0392369 0.0681988 0.0723546 0.12172 0.69849
0.0183023 0.0256663 0.859908 9.9991E-05 0.0960236
0.0184784 0.049251 0.0538303 0.0438717 0.834569
9.997E-05 9.997E-05 0.9996 9.997E-05 9.997E-05
0.0265424 0.0275187 0.0670184 0.0588132 0.820107
0.9996 9.997E-05 9.997E-05 9.997E-05 9.997E-05
0.00633026 0.972936 9.9991E-05 0.00519553 0.0154381
9.997E-05 9.997E-05 9.997E-05 9.997E-05 0.9996
0.0511157 0.0626488 0.0234038 0.0525979 0.810234
0.0655401 0.0918102 0.0646412 0.051932 0.726077
9.997E-05 9.997E-05 9.997E-05 0.9996 9.997E-05
9.9982E-05 0.0512589 0.0089407 9.9982E-05 0.9396
0.010249 0.022099 0.0263912 0.8673 0.0739612
9.9973E-05 0.0271024 9.9973E-05 9.9973E-05 0.972598
0.061759 0.0729243 0.160558 0.0736856 0.631073
0.0601895 0.106796 0.12232 0.081306 0.629389
0.0813052 0.0619804 0.12006 0.0793523 0.657302
0.0334782 0.0281567 0.104394 0.0871547 0.746816
0.0485695 0.0320188 0.0674219 0.0870776 0.764912
0.00932069 0.0717395 0.0753702 0.0411532 0.802416
0.0291342 0.103423 0.0797849 0.0572794 0.730379
0.0446231 0.0561018 0.0715997 0.106075 0.7216
0.0196335 0.0315149 0.79464 0.01562 0.138592
0.020746 0.0533778 0.0661998 0.0572927 0.802384
9.997E-05 9.997E-05 0.9996 9.997E-05 9.997E-05
0.9996 9.997E-05 9.997E-05 9.997E-05 9.997E-05
