9.99201E-05 9.99201E-05 9.99201E-05 0.999101 9.99201E-05 9.99201E-05 9.99201E-05 9.99201E-05 9.99201E-05 9.99201E-05
0.00658601 9.9955E-05 0.0137475 9.9955E-05 9.9955E-05 0.0157794 0.946759 9.9955E-05 0.0166287 9.9955E-05
9.9973E-05 9.9973E-05 0.00612627 0.00484774 0.0184507 0.00787105 0.937361 0.00100152 0.0240414 9.9973E-05
9.99201E-05 0.999101 9.99201E-05 9.99201E-05 9.99201E-05 9.99201E-05 9.99201E-05 9.99201E-05 9.99201E-05 9.99201E-05
9.99201E-05 0.999101 9.99201E-05 9.99201E-05 9.99201E-05 9.99201E-05 9.99201E-05 9.99201E-05 9.99201E-05 9.99201E-05
0.118118 0.0394135 0.0645584 0.0651115 0.104318 0.0417794 0.0587381 0.0319519 0.0803867 0.395624
9.99201E-05 9.99201E-05 0.999101 9.99201E-05 9.99201E-05 9.99201E-05 9.99201E-05 9.99201E-05 9.99201E-05 9.99201E-05
9.99201E-05 9.99201E-05 9.99201E-05 9.99201E-05 9.99201E-05 9.99201E-05 9.99201E-05 9.99201E-05 9.99201E-05 0.999101
0.405234 0.0492366 0.0602657 0.0647355 0.114013 0.0308017 0.0408789 0.0874821 0.087888 0.0594639
0.00794472 9.9955E-05 0.00200344 9.9955E-05 9.9955E-05 0.975982 0.0132053 0.000364621 9.9955E-05 9.9955E-05
0.278739 0.0745635 0.0535155 0.0676778 0.149232 0.0537862 0.0508332 0.0789308 0.107419 0.0853036
0.159511 0.0452866 0.0718069 0.0560535 0.155635 0.0632516 0.0884142 0.0953298 0.190529 0.074183
0.99647 9.99325E-05 9.99325E-05 9.99325E-05 9.99325E-05 9.99325E-05 9.99325E-05 9.99325E-05 9.99325E-05 0.00273018
0.999101 9.99201E-05 9.99201E-05 9.99201E-05 9.99201E-05 9.99201E-05 9.99201E-05 9.99201E-05 9.99201E-05 9.99201E-05
0.172959 0.00811032 0.526357 0.00784175 0.0619675 0.0333513 0.0257672 0.00338669 0.14315 0.0171093
9.99201E-05 9.99201E-05 9.99201E-05 9.99201E-05 9.99201E-05 9.99201E-05 9.99201E-05 9.99201E-05 0.999101 9.99201E-05
0.00723122 0.00061609 0.0057883 9.9973E-05 9.9973E-05 9.9973E-05 0.0204377 0.000525177 0.962097 0.00300506
0.21797 0.0653092 0.0784771 0.0597576 0.179577 0.0256736 0.063964 0.0621339 0.190662 0.0564752
0.00768212 0.0255092 0.00416225 0.0284989 0.0339338 0.0235412 0.0344676 0.795654 0.0356449 0.0109055
0.0197425 0.0448764 0.0211333 0.0272995 0.715016 0.0225896 0.0480325 0.040568 0.0322963 0.0284461
9.9955E-05 9.9955E-05 0.00246736 9.9955E-05 9.9955E-05 9.9955E-05 0.00609086 0.983433 0.00326548 0.00424325
0.0284896 0.00783185 9.9982E-05 0.00306304 0.934882 0.00718319 9.9982E-05 0.0114092 0.00176059 0.00518018
0.022308 0.00566812 0.00964379 0.923126 0.0346243 0.00422981 9.9964E-05 9.9964E-05 9.9964E-05 9.9964E-05
9.99201E-05 9.99201E-05 9.99201E-05 9.99201E-05 9.99201E-05 9.99201E-05 0.999101 9.99201E-05 9.99201E-05 9.99201E-05
0.000329268 0.00295004 0.0139709 0.00655715 0.0174823 0.0151462 0.916121 9.9982E-05 0.0272429 9.9982E-05
9.99201E-05 0.999101 9.99201E-05 9.99201E-05 9.99201E-05 9.99201E-05 9.99201E-05 9.99201E-05 9.99201E-05 9.99201E-05
9.9928E-05 9.9928E-05 0.99738 9.9928E-05 9.9928E-05 9.9928E-05 9.9928E-05 9.9928E-05 9.9928E-05 0.00182105
9.99201E-05 9.99201E-05 9.99201E-05 9.99201E-05 9.99201E-05 9.99201E-05 9.99201E-05 9.99201E-05 9.99201E-05 0.999101
0.0101675 0.00188478 0.93839 0.0173102 9.9982E-05 0.00975515 0.00763052 9.9982E-05 0.00821756 0.0064445
9.99201E-05 9.99201E-05 9.99201E-05 9.99201E-05 9.99201E-05 9.99201E-05 9.99201E-05 9.99201E-05 9.99201E-05 0.999101
0.457335 0.0559452 0.0361042 0.052242 0.13084 0.00717398 0.0174642 0.0827699 0.0850655 0.07506
9.99201E-05 9.99201E-05 9.99201E-05 9.99201E-05 9.99201E-05 0.999101 9.99201E-05 9.99201E-05 9.99201E-05 9.99201E-05
0.18148 0.0754971 0.100473 0.0912526 0.120732 0.05984 0.0945794 0.105154 0.0952774 0.0757141
0.999101 9.99201E-05 9.99201E-05 9.99201E-05 9.99201E-05 9.99201E-05 9.99201E-05 9.99201E-05 9.99201E-05 9.99201E-05
0.999101 9.99201E-05 9.99201E-05 9.99201E-05 9.99201E-05 9.99201E-05 9.99201E-05 9.99201E-05 9.99201E-05 9.99201E-05
0.258593 0.0428444 0.0462329 0.0578641 0.157182 0.05163 0.0508578 0.0593214 0.244589 0.0308859
9.99201E-05 9.99201E-05 9.99201E-05 9.99201E-05 9.99201E-05 9.99201E-05 9.99201E-05 9.99201E-05 0.999101 9.99201E-05
0.11305 0.0360569 0.0467262 0.0345894 0.119223 0.0280215 0.0191619 0.0460199 0.497958 0.0591936
9.9955E-05 9.9955E-05 0.00418918 9.9955E-05 0.960203 0.0133159 9.9955E-05 0.00901902 9.9955E-05 0.0127727
9.99201E-05 9.99201E-05 9.99201E-05 9.99201E-05 9.99201E-05 9.99201E-05 9.99201E-05 0.999101 9.99201E-05 9.99201E-05
0.0450856 0.0237261 0.0206988 0.0365419 0.695104 0.0187582 0.0235809 0.0383241 0.0637173 0.0344636
9.99201E-05 9.99201E-05 9.99201E-05 0.999101 9.99201E-05 9.99201E-05 9.99201E-05 9.99201E-05 9.99201E-05 9.99201E-05
0.00106725 0.0111076 0.00440394 0.945531 0.0293828 9.9964E-05 9.9964E-05 0.00810797 9.9964E-05 9.9964E-05
9.99201E-05 9.99201E-05 9.99201E-05 9.99201E-05 9.99201E-05 9.99201E-05 0.999101 9.99201E-05 9.99201E-05 9.99201E-05
0.0202679 0.00241384 0.0105986 0.0120773 0.0188114 0.0150545 0.877306 0.00257066 0.0280811 0.0128191
9.99201E-05 0.999101 9.99201E-05 9.99201E-05 9.99201E-05 9.99201E-05 9.99201E-05 9.99201E-05 9.99201E-05 9.99201E-05
9.9928E-05 9.9928E-05 0.996878 9.9928E-05 9.9928E-05 9.9928E-05 9.9928E-05 0.00232238 9.9928E-05 9.9928E-05
0.127523 0.0122631 0.0254577 0.0267504 0.0422841 0.0298556 0.0246173 9.9991E-05 0.132212 0.578937
9.99201E-05 9.99201E-05 0.999101 9.99201E-05 9.99201E-05 9.99201E-05 9.99201E-05 9.99201E-05 9.99201E-05 9.99201E-05
0.142987 0.0126848 0.0251531 0.0396751 0.020618 0.0231159 0.0228166 9.9991E-05 0.116297 0.596553
0.408778 0.0525508 0.0618734 0.0646907 0.111831 0.03435 0.0307036 0.0875198 0.0792907 0.0684123
9.9964E-05 0.00104225 0.00164944 0.00802837 9.9964E-05 0.978423 9.9964E-05 9.9964E-05 0.00517861 0.00527825
0.306818 0.0505662 0.0571973 0.0600576 0.160144 0.0486354 0.0450439 0.114018 0.101272 0.0562477
0.975794 0.00828593 0.00240826 0.0057223 9.99639E-05 9.99639E-05 0.000827924 9.99639E-05 9.99639E-05 0.00656167
0.996355 9.99279E-05 9.99279E-05 9.99279E-05 9.99279E-05 9.99279E-05 9.99279E-05 0.0028457 9.99279E-05 9.99279E-05
0.218502 0.0575655 0.0660588 0.0693326 0.152014 0.0730053 0.044919 0.0614216 0.191712 0.0654693
9.99201E-05 9.99201E-05 9.99201E-05 9.99201E-05 9.99201E-05 9.99201E-05 9.99201E-05 9.99201E-05 0.999101 9.99201E-05
0.145722 0.0527226 0.0424291 0.0450177 0.0937533 0.0450657 0.0589596 0.38362 0.0792511 0.0534588
0.00242764 0.016604 0.0159366 0.0171854 0.835276 0.0226788 0.0369109 0.0141032 0.00861916 0.0302587
9.99201E-05 9.99201E-05 9.99201E-05 9.99201E-05 9.99201E-05 9.99201E-05 9.99201E-05 0.999101 9.99201E-05 9.99201E-05
9.99201E-05 9.99201E-05 9.99201E-05 9.99201E-05 0.999101 9.99201E-05 9.99201E-05 9.99201E-05 9.99201E-05 9.99201E-05
9.9946E-05 9.9946E-05 9.9946E-05 0.98262 9.9946E-05 9.9946E-05 9.9946E-05 0.00987111 0.00644478 0.000464086
0.0131343 0.00629882 0.0049851 0.955944 0.0191385 9.9955E-05 9.9955E-05 9.9955E-05 9.9955E-05 9.9955E-05
9.99201E-05 9.99201E-05 9.99201E-05 9.99201E-05 9.99201E-05 9.99201E-05 0.999101 9.99201E-05 9.99201E-05 9.99201E-05
0.0860739 0.0405921 0.0298276 0.0362324 0.0884629 0.0278386 0.564751 0.0293524 0.0489161 0.0479532
9.9973E-05 0.961895 0.009322 0.00550477 9.9973E-05 0.00103224 9.9973E-05 0.00476112 0.0147998 0.00238537
9.9982E-05 9.9982E-05 0.971524 0.00507213 0.0107901 0.000160946 0.00477944 0.00111126 0.00441595 0.00194594
9.9955E-05 9.9955E-05 9.9955E-05 0.00238857 9.9955E-05 0.000916807 0.00693996 0.00988989 9.9955E-05 0.979365
0.0127053 0.00780295 0.846753 0.0129256 0.0346821 0.0024883 0.0179972 0.0214814 0.0157742 0.0273898
0.135082 0.00175795 0.0200968 0.0251485 0.0253435 0.0183468 0.0115959 0.00919418 0.128063 0.625371
0.365193 0.0470506 0.0519683 0.0593863 0.113676 0.0461662 0.0430351 0.112598 0.0938488 0.067078
9.99201E-05 9.99201E-05 9.99201E-05 9.99201E-05 9.99201E-05 0.999101 9.99201E-05 9.99201E-05 9.99201E-05 9.99201E-05
0.36151 0.0566027 0.054676 0.067486 0.111232 0.0514175 0.0454217 0.111736 0.0864157 0.0535036
0.637741 0.02819 0.0396371 0.0429419 0.0759386 0.021525 0.0354266 0.0357033 0.0659904 0.0169059
0.999101 9.99201E-05 9.99201E-05 9.99201E-05 9.99201E-05 9.99201E-05 9.99201E-05 9.99201E-05 9.99201E-05 9.99201E-05
0.00657443 0.00891782 0.00284923 0.00235626 0.0104493 9.9982E-05 0.0181279 9.9982E-05 0.944276 0.00624861
0.210251 0.0811363 0.067378 0.07576 0.163459 0.0745494 0.0568082 0.0483157 0.186531 0.0358119
0.162481 0.0390446 0.0475798 0.0610982 0.0928856 0.0487159 0.0714688 0.348937 0.0707114 0.0570771
0.00579273 0.00283096 0.0114048 0.0082211 0.923863 0.00529736 0.019494 0.0110876 9.9991E-05 0.011909
9.99201E-05 9.99201E-05 9.99201E-05 9.99201E-05 9.99201E-05 9.99201E-05 9.99201E-05 0.999101 9.99201E-05 9.99201E-05
0.0653276 0.0196905 0.00463499 0.0158025 0.764234 0.00841608 0.0229502 0.0200103 0.0510992 0.0278343
9.9928E-05 9.9928E-05 9.9928E-05 0.995282 9.9928E-05 9.9928E-05 9.9928E-05 9.9928E-05 0.00391865 9.9928E-05
9.99201E-05 9.99201E-05 9.99201E-05 0.999101 9.99201E-05 9.99201E-05 9.99201E-05 9.99201E-05 9.99201E-05 9.99201E-05
9.99201E-05 9.99201E-05 9.99201E-05 9.99201E-05 9.99201E-05 9.99201E-05 0.999101 9.99201E-05 9.99201E-05 9.99201E-05
0.0718592 0.0309799 0.0253856 0.037412 0.088651 0.0298405 0.575211 0.0282727 0.0626718 0.0497167
0.0181226 0.831821 0.0171446 0.0141072 0.0278874 0.00760543 0.017543 0.0260515 0.0257231 0.0139942
9.99201E-05 9.99201E-05 0.999101 9.99201E-05 9.99201E-05 9.99201E-05 9.99201E-05 9.99201E-05 9.99201E-05 9.99201E-05
9.99201E-05 9.99201E-05 9.99201E-05 9.99201E-05 9.99201E-05 9.99201E-05 9.99201E-05 9.99201E-05 9.99201E-05 0.999101
0.0415408 0.00835447 0.751681 0.0312566 0.049161 0.00871239 0.034574 0.00558058 0.0441356 0.025004
0.131976 0.00711198 0.0221134 0.0234348 0.0308932 0.0203818 0.00663683 9.9991E-05 0.126707 0.630644
0.43709 0.0288546 0.0456371 0.0593382 0.122835 0.0205124 0.0341126 0.101606 0.0850891 0.0649251
9.99201E-05 9.99201E-05 9.99201E-05 9.99201E-05 9.99201E-05 0.999101 9.99201E-05 9.99201E-05 9.99201E-05 9.99201E-05
0.174422 0.0437424 0.0643258 0.0471323 0.134963 0.0582733 0.0757409 0.0832871 0.243551 0.0745631
0.410644 0.0531087 0.030487 0.0496 0.115875 0.0512874 0.0327409 0.102542 0.102913 0.0508019
0.638048 0.0351472 0.00959261 0.0375115 0.106201 0.0298108 0.0433032 0.0145397 0.0673944 0.0184521
0.803543 0.0196103 0.0136775 0.0281612 0.0361092 0.0257126 0.0156615 0.0271919 0.0166872 0.0136454
0.0994302 0.0415415 0.034453 0.0387326 0.0441074 0.0250415 0.0446302 0.0364773 0.569036 0.0665507
0.218004 0.0800567 0.0626845 0.0714702 0.161452 0.066763 0.0639977 0.0457537 0.183512 0.0463066
0.0127997 0.0214821 0.0103459 0.0144478 0.0347923 0.0163996 0.027847 0.826436 0.0350873 0.000362277
9.9973E-05 0.00293893 0.00496447 0.0026173 0.954338 0.0159471 0.00485669 9.9973E-05 9.9973E-05 0.0140373
0.00425558 0.0037346 0.00666142 0.00443431 0.0197031 9.9991E-05 0.0186617 0.924866 0.00142867 0.0161548
9.99201E-05 9.99201E-05 9.99201E-05 9.99201E-05 0.999101 9.99201E-05 9.99201E-05 9.99201E-05 9.99201E-05 9.99201E-05
9.9964E-05 9.9964E-05 9.9964E-05 0.95696 9.9964E-05 0.00175074 0.00320094 0.00536123 0.022665 0.00966217
9.99201E-05 9.99201E-05 9.99201E-05 0.999101 9.99201E-05 9.99201E-05 9.99201E-05 9.99201E-05 9.99201E-05 9.99201E-05
9.99201E-05 9.99201E-05 9.99201E-05 9.99201E-05 9.99201E-05 9.99201E-05 0.999101 9.99201E-05 9.99201E-05 9.99201E-05
0.00149313 0.000383234 0.00777988 0.0130206 0.0218583 0.00734355 0.912633 9.9982E-05 0.0352884 9.9982E-05
9.9928E-05 0.997148 9.9928E-05 0.0020521 9.9928E-05 9.9928E-05 9.9928E-05 9.9928E-05 9.9928E-05 9.9928E-05
9.99201E-05 9.99201E-05 0.999101 9.99201E-05 9.99201E-05 9.99201E-05 9.99201E-05 9.99201E-05 9.99201E-05 9.99201E-05
9.99201E-05 9.99201E-05 9.99201E-05 9.99201E-05 9.99201E-05 9.99201E-05 9.99201E-05 9.99201E-05 9.99201E-05 0.999101
9.99201E-05 9.99201E-05 0.999101 9.99201E-05 9.99201E-05 9.99201E-05 9.99201E-05 9.99201E-05 9.99201E-05 9.99201E-05
0.153537 0.0130759 0.0198507 0.0239901 0.0098527 0.0301634 0.0111004 9.9991E-05 0.10766 0.63067
0.268275 0.0497367 0.0849374 0.0663287 0.147995 0.0552088 0.0493498 0.0443003 0.203599 0.0302695
0.00856621 0.00250503 0.00707503 9.9964E-05 0.00467712 0.973082 9.9964E-05 9.9964E-05 9.9964E-05 0.00369474
0.163416 0.0556145 0.0629672 0.037857 0.127327 0.0746409 0.073229 0.090916 0.24341 0.0706231
0.33139 0.0574001 0.0631699 0.0473725 0.158409 0.0427553 0.0552583 0.0899369 0.0886689 0.0656396
0.650397 0.0333521 0.00576876 0.0356531 0.103891 0.019483 0.0366968 0.0145819 0.0742538 0.0259227
0.780071 0.00631087 0.0170672 0.0117128 0.0356543 0.00705648 0.0228493 0.038568 0.0643069 0.0164029
9.9928E-05 0.00408464 9.9928E-05 9.9928E-05 9.9928E-05 9.9928E-05 9.9928E-05 9.9928E-05 0.995116 9.9928E-05
0.257624 0.0533 0.0745488 0.0608381 0.136137 0.0541425 0.072926 0.0562405 0.189145 0.0450986
0.00208954 0.0264511 0.0105664 0.0222734 0.0345334 0.0305693 0.023317 0.811086 0.0287264 0.0103872
9.99201E-05 9.99201E-05 9.99201E-05 9.99201E-05 0.999101 9.99201E-05 9.99201E-05 9.99201E-05 9.99201E-05 9.99201E-05
9.99201E-05 9.99201E-05 9.99201E-05 9.99201E-05 9.99201E-05 9.99201E-05 9.99201E-05 0.999101 9.99201E-05 9.99201E-05
9.99292E-05 0.00221538 9.99292E-05 9.99292E-05 0.996985 9.99292E-05 9.99292E-05 9.99292E-05 9.99292E-05 9.99292E-05
9.9964E-05 9.9964E-05 9.9964E-05 0.962653 9.9964E-05 0.00548449 0.00468077 0.0062329 0.0129212 0.00762734
9.9937E-05 0.000191809 0.000658861 0.99845 9.9937E-05 9.9937E-05 9.9937E-05 9.9937E-05 9.9937E-05 9.9937E-05
9.99201E-05 9.99201E-05 9.99201E-05 9.99201E-05 9.99201E-05 9.99201E-05 0.999101 9.99201E-05 9.99201E-05 9.99201E-05
9.99201E-05 9.99201E-05 9.99201E-05 9.99201E-05 9.99201E-05 9.99201E-05 0.999101 9.99201E-05 9.99201E-05 9.99201E-05
9.9964E-05 0.97673 9.9964E-05 0.00350516 9.9964E-05 0.000819709 0.0114353 0.00483393 9.9964E-05 0.00227621
9.9964E-05 0.00751787 0.969593 9.9964E-05 9.9964E-05 0.00531784 0.00752027 9.9964E-05 0.00877468 0.000876898
0.125677 0.0559717 0.0436684 0.051509 0.102405 0.0216647 0.0454362 0.0513575 0.108416 0.393895
0.0104466 0.00137264 0.966722 9.9973E-05 9.9973E-05 0.00172482 0.00618712 9.9973E-05 0.0119607 0.00128619
9.9946E-05 0.00172975 9.9946E-05 0.00187333 9.9946E-05 0.990295 9.9946E-05 9.9946E-05 9.9946E-05 0.00550232
0.372778 0.0351324 0.0381082 0.0632674 0.126337 0.040599 0.040846 0.12772 0.0783043 0.0769077
0.182895 0.0465459 0.0583332 0.0474368 0.128183 0.0703031 0.0904709 0.0814598 0.238911 0.0554614
0.279246 0.0641216 0.0735554 0.0669542 0.152455 0.0368091 0.0231528 0.0769687 0.13229 0.0944468
0.667063 0.0372799 0.0145277 0.0341656 0.09385 0.0244045 0.0338085 0.00995377 0.0651436 0.0198034
0.637642 0.0359353 0.0382382 0.0329288 0.0725792 0.0317616 0.0147294 0.0334578 0.0525459 0.0501817
9.99201E-05 9.99201E-05 9.99201E-05 9.99201E-05 9.99201E-05 9.99201E-05 9.99201E-05 9.99201E-05 0.999101 9.99201E-05
9.9946E-05 9.9946E-05 9.9946E-05 0.00168146 9.9946E-05 9.9946E-05 9.9946E-05 0.0035366 0.987602 0.00658069
0.263533 0.0653403 0.0830446 0.0420517 0.147235 0.0341051 0.0486487 0.0425608 0.230383 0.0430981
9.9982E-05 0.0184615 0.00274728 0.0243364 0.0335396 0.0134795 0.0307512 0.847659 0.0288257 9.9982E-05
9.99201E-05 9.99201E-05 9.99201E-05 9.99201E-05 0.999101 9.99201E-05 9.99201E-05 9.99201E-05 9.99201E-05 9.99201E-05
9.99201E-05 9.99201E-05 9.99201E-05 9.99201E-05 9.99201E-05 9.99201E-05 9.99201E-05 0.999101 9.99201E-05 9.99201E-05
0.0090855 0.00666223 9.9946E-05 9.9946E-05 0.982446 9.9946E-05 9.9946E-05 0.00120626 9.9946E-05 9.9946E-05
9.9928E-05 9.9928E-05 9.9928E-05 0.994647 9.9928E-05 9.9928E-05 9.9928E-05 9.9928E-05 0.00455408 9.9928E-05
9.9964E-05 9.9964E-05 0.00351501 0.00108849 0.0109592 0.00991506 0.94764 9.9964E-05 0.026482 9.9964E-05
9.99201E-05 0.999101 9.99201E-05 9.99201E-05 9.99201E-05 9.99201E-05 9.99201E-05 9.99201E-05 9.99201E-05 9.99201E-05
0.105796 0.485626 0.0526408 0.0473831 0.103957 0.0260241 0.0665967 0.0189924 0.059058 0.033926
0.160263 0.0391479 0.0439593 0.0670277 0.118523 0.043144 0.0674835 0.0471139 0.11486 0.298478
9.99201E-05 9.99201E-05 0.999101 9.99201E-05 9.99201E-05 9.99201E-05 9.99201E-05 9.99201E-05 9.99201E-05 9.99201E-05
9.99201E-05 9.99201E-05 9.99201E-05 9.99201E-05 9.99201E-05 9.99201E-05 9.99201E-05 9.99201E-05 9.99201E-05 0.999101
0.0244434 0.0151338 0.859136 0.00724986 9.9991E-05 0.0130103 0.0191106 0.0182627 0.0304197 0.0131339
9.99201E-05 9.99201E-05 9.99201E-05 9.99201E-05 9.99201E-05 0.999101 9.99201E-05 9.99201E-05 9.99201E-05 9.99201E-05
0.334605 0.055507 0.0411822 0.0599934 0.122289 0.0409461 0.0503854 0.129315 0.109342 0.0564357
0.166588 0.0526437 0.0658175 0.0652831 0.1555 0.0583949 0.0895314 0.0889021 0.181122 0.0762171
0.328613 0.0392227 0.0530918 0.0684571 0.130002 0.0452372 0.0494279 0.0875524 0.134865 0.0635316
0.725799 0.0366856 0.0134124 0.0091179 0.0583078 0.0268605 0.0022574 0.036397 0.0500217 0.0411411
0.903964 9.9973E-05 0.0224223 0.0195028 9.9973E-05 0.0255932 0.00470136 0.0104459 9.9973E-05 0.0130709
9.99201E-05 9.99201E-05 9.99201E-05 9.99201E-05 9.99201E-05 9.99201E-05 9.99201E-05 9.99201E-05 0.999101 9.99201E-05
0.0377206 0.0157185 0.0144499 0.031561 0.0123302 0.0161648 0.0269316 0.0218774 0.79816 0.0250863
0.263567 0.0617635 0.0742484 0.0352617 0.131946 0.0461804 0.0365803 0.0538481 0.247232 0.0493724
0.0120119 0.036673 0.0174697 0.0176053 0.0254761 0.0249273 0.0285009 0.790716 0.0444022 0.00221769
9.99201E-05 9.99201E-05 9.99201E-05 9.99201E-05 0.999101 9.99201E-05 9.99201E-05 9.99201E-05 9.99201E-05 9.99201E-05
9.99201E-05 9.99201E-05 9.99201E-05 9.99201E-05 9.99201E-05 9.99201E-05 9.99201E-05 0.999101 9.99201E-05 9.99201E-05
9.99201E-05 9.99201E-05 9.99201E-05 0.999101 9.99201E-05 9.99201E-05 9.99201E-05 9.99201E-05 9.99201E-05 9.99201E-05
