9.99201E-05 9.99201E-05 9.99201E-05 9.99201E-05 0.999101 9.99201E-05 9.99201E-05 9.99201E-05 9.99201E-05 9.99201E-05
0.0243413 0.942856 9.9964E-05 0.00850021 0.00165925 0.00487807 0.0173656 9.9964E-05 9.9964E-05 9.9964E-05
0.0194918 0.942751 9.9955E-05 0.0250922 9.9955E-05 0.00133966 0.0108252 9.9955E-05 9.9955E-05 9.9955E-05
9.99201E-05 9.99201E-05 0.999101 9.99201E-05 9.99201E-05 9.99201E-05 9.99201E-05 9.99201E-05 9.99201E-05 9.99201E-05
9.99201E-05 9.99201E-05 0.999101 9.99201E-05 9.99201E-05 9.99201E-05 9.99201E-05 9.99201E-05 9.99201E-05 9.99201E-05
0.105095 0.063201 0.0460983 0.0805674 0.0690564 0.0532229 0.0369516 0.0255282 0.129936 0.390343
9.99201E-05 9.99201E-05 9.99201E-05 9.99201E-05 9.99201E-05 0.999101 9.99201E-05 9.99201E-05 9.99201E-05 9.99201E-05
9.99201E-05 9.99201E-05 9.99201E-05 9.99201E-05 9.99201E-05 9.99201E-05 9.99201E-05 9.99201E-05 9.99201E-05 0.999101
0.121677 0.0450565 0.0309064 0.0896603 0.0560303 0.0531831 0.0222096 0.0953685 0.430344 0.0555642
9.9937E-05 0.0175788 9.9937E-05 9.9937E-05 9.9937E-05 0.00339557 0.978326 9.9937E-05 9.9937E-05 9.9937E-05
0.130469 0.0580068 0.0808207 0.114504 0.0748783 0.0567492 0.0484655 0.0901706 0.270146 0.07579
0.162652 0.0970843 0.0448857 0.174909 0.0562493 0.073347 0.0576885 0.0915593 0.169224 0.0724016
9.99279E-05 9.99279E-05 9.99279E-05 9.99279E-05 0.00759924 9.99279E-05 9.99279E-05 9.99279E-05 0.991601 9.99279E-05
9.99201E-05 9.99201E-05 9.99201E-05 9.99201E-05 9.99201E-05 9.99201E-05 9.99201E-05 9.99201E-05 0.999101 9.99201E-05
0.0657858 0.0237997 0.0137844 0.135041 0.0101359 0.534612 0.044115 0.00412324 0.165635 0.00296794
9.99201E-05 9.99201E-05 9.99201E-05 0.999101 9.99201E-05 9.99201E-05 9.99201E-05 9.99201E-05 9.99201E-05 9.99201E-05
0.00349761 0.0164126 0.00561582 0.952786 9.9991E-05 0.00513505 0.00345179 0.000525862 0.000776299 0.0116993
0.185851 0.0603916 0.0679148 0.173524 0.0554383 0.0785926 0.0329225 0.0558367 0.238491 0.0510378
0.017641 0.0244425 0.0249003 0.051074 0.0263731 0.0129198 0.0213571 0.796376 0.0109471 0.0139695
0.705194 0.0260045 0.0387836 0.0250762 0.029783 0.0391749 0.0280379 0.0515979 0.0216677 0.0346799
9.9955E-05 0.00792234 9.9955E-05 9.9955E-05 0.000322072 0.00190543 9.9955E-05 0.985382 9.9955E-05 0.00396884
0.930281 0.00850127 0.0172696 0.0136828 9.9982E-05 9.9982E-05 0.00425092 0.00409623 0.0196824 0.00203565
0.0289424 0.0111096 0.00641453 9.9982E-05 0.919275 0.0194353 9.9982E-05 0.00327566 0.0112082 0.000139516
9.99201E-05 0.999101 9.99201E-05 9.99201E-05 9.99201E-05 9.99201E-05 9.99201E-05 9.99201E-05 9.99201E-05 9.99201E-05
0.0172622 0.910594 0.000459485 0.0294468 0.0061041 0.016593 0.01924 9.9973E-05 9.9973E-05 9.9973E-05
9.99201E-05 9.99201E-05 0.999101 9.99201E-05 9.99201E-05 9.99201E-05 9.99201E-05 9.99201E-05 9.99201E-05 9.99201E-05
9.99201E-05 9.99201E-05 9.99201E-05 9.99201E-05 9.99201E-05 0.999101 9.99201E-05 9.99201E-05 9.99201E-05 9.99201E-05
9.99201E-05 9.99201E-05 9.99201E-05 9.99201E-05 9.99201E-05 9.99201E-05 9.99201E-05 9.99201E-05 9.99201E-05 0.999101
0.00396332 0.00947665 0.0102747 0.0114403 0.00921739 0.924767 0.00640162 0.0100865 0.00609496 0.00827727
9.99201E-05 9.99201E-05 9.99201E-05 9.99201E-05 9.99201E-05 9.99201E-05 9.99201E-05 9.99201E-05 9.99201E-05 0.999101
0.134083 0.0172516 0.0334002 0.0712053 0.0443258 0.0413449 0.0113033 0.0967545 0.482466 0.067865
9.99201E-05 9.99201E-05 9.99201E-05 9.99201E-05 9.99201E-05 9.99201E-05 0.999101 9.99201E-05 9.99201E-05 9.99201E-05
0.127365 0.0880707 0.079107 0.115593 0.0773329 0.0819461 0.0634845 0.081816 0.200389 0.0848951
9.99201E-05 9.99201E-05 9.99201E-05 9.99201E-05 9.99201E-05 9.99201E-05 9.99201E-05 9.99201E-05 0.999101 9.99201E-05
9.99201E-05 9.99201E-05 9.99201E-05 9.99201E-05 9.99201E-05 9.99201E-05 9.99201E-05 9.99201E-05 0.999101 9.99201E-05
0.168606 0.04647 0.0312567 0.237581 0.0589579 0.0553049 0.0497384 0.0641957 0.2587 0.0291896
9.99201E-05 9.99201E-05 9.99201E-05 0.999101 9.99201E-05 9.99201E-05 9.99201E-05 9.99201E-05 9.99201E-05 9.99201E-05
0.11817 0.0194091 0.036745 0.49817 0.0351905 0.0391533 0.0342971 0.0504954 0.107383 0.0609872
0.96919 9.9955E-05 9.9955E-05 9.9955E-05 9.9955E-05 0.00243474 0.0084829 0.00736022 9.9955E-05 0.0120319
9.99201E-05 9.99201E-05 9.99201E-05 9.99201E-05 9.99201E-05 9.99201E-05 9.99201E-05 0.999101 9.99201E-05 9.99201E-05
0.699923 0.0187576 0.0235869 0.0603667 0.0322761 0.0180289 0.0144221 0.0459319 0.0542568 0.03245
9.99201E-05 9.99201E-05 9.99201E-05 9.99201E-05 0.999101 9.99201E-05 9.99201E-05 9.99201E-05 9.99201E-05 9.99201E-05
0.0211333 9.9973E-05 0.00730839 9.9973E-05 0.943986 0.0065781 0.00630246 0.00445318 0.00993825 9.9973E-05
9.99201E-05 0.999101 9.99201E-05 9.99201E-05 9.99201E-05 9.99201E-05 9.99201E-05 9.99201E-05 9.99201E-05 9.99201E-05
0.0253795 0.867449 0.00756894 0.0176175 0.0154426 0.0102763 0.00800992 0.00339129 0.0294226 0.015442
9.9928E-05 9.9928E-05 0.999041 9.9928E-05 9.9928E-05 9.9928E-05 0.000159567 9.9928E-05 9.9928E-05 9.9928E-05
9.99201E-05 9.99201E-05 9.99201E-05 9.99201E-05 9.99201E-05 0.999101 9.99201E-05 9.99201E-05 9.99201E-05 9.99201E-05
0.0387317 0.018712 0.0155365 0.128192 0.0368165 0.0156597 0.0233858 0.00175923 0.173242 0.547965
9.99201E-05 9.99201E-05 9.99201E-05 9.99201E-05 9.99201E-05 0.999101 9.99201E-05 9.99201E-05 9.99201E-05 9.99201E-05
0.0226328 0.0278525 0.0133543 0.137197 0.0325553 0.0154387 0.0185529 9.9991E-05 0.169431 0.562886
0.136514 0.0276775 0.0251539 0.0860694 0.0625052 0.0495741 0.02972 0.0971985 0.426298 0.0592892
9.9973E-05 0.0026415 0.00729058 0.000984959 9.9973E-05 0.00185709 0.975783 0.00153334 9.9973E-05 0.00960979
0.169028 0.0435896 0.0604736 0.0965092 0.0538295 0.0462421 0.0421851 0.100016 0.326882 0.0612449
9.99549E-05 9.99549E-05 0.00179545 9.99549E-05 0.00423846 0.00222082 9.99549E-05 9.99549E-05 0.983518 0.00772774
9.99272E-05 9.99272E-05 9.99272E-05 9.99272E-05 9.99272E-05 9.99272E-05 9.99272E-05 9.99272E-05 0.999101 9.99272E-05
0.157329 0.0535188 0.0705977 0.198504 0.0624885 0.0688992 0.0657204 0.0452917 0.235174 0.0424758
9.99201E-05 9.99201E-05 9.99201E-05 0.999101 9.99201E-05 9.99201E-05 9.99201E-05 9.99201E-05 9.99201E-05 9.99201E-05
0.106925 0.0646311 0.0315628 0.051434 0.0483529 0.0361534 0.0462273 0.395823 0.173636 0.0452544
0.859475 0.0255463 0.00863941 0.0113357 0.0215143 0.0249723 0.0126938 0.0146378 0.000324901 0.02086
9.99201E-05 9.99201E-05 9.99201E-05 9.99201E-05 9.99201E-05 9.99201E-05 9.99201E-05 0.999101 9.99201E-05 9.99201E-05
0.999101 9.99201E-05 9.99201E-05 9.99201E-05 9.99201E-05 9.99201E-05 9.99201E-05 9.99201E-05 9.99201E-05 9.99201E-05
9.9937E-05 0.0107246 9.9937E-05 9.9937E-05 0.984542 9.9937E-05 9.9937E-05 0.00403432 9.9937E-05 9.9937E-05
0.0258624 9.9955E-05 0.00675159 9.9955E-05 0.942906 0.00790029 9.9955E-05 9.9955E-05 0.0160795 9.9955E-05
9.99201E-05 0.999101 9.99201E-05 9.99201E-05 9.99201E-05 9.99201E-05 9.99201E-05 9.99201E-05 9.99201E-05 9.99201E-05
0.0754071 0.568201 0.0326249 0.0578417 0.027693 0.0283076 0.0292278 0.0363476 0.079803 0.064546
9.9973E-05 0.00899237 0.959773 0.010766 0.00409341 0.00853234 9.9973E-05 0.00646385 9.9973E-05 0.00107865
9.99629E-05 0.0121611 0.00226687 0.0133201 0.000966049 0.970786 9.99629E-05 9.99629E-05 9.99629E-05 9.99629E-05
9.99459E-05 0.00960957 9.99459E-05 9.99459E-05 9.99459E-05 9.99459E-05 0.00194883 0.00852606 9.99459E-05 0.979316
0.0166793 0.0180749 0.0141725 0.0154051 0.0262269 0.851635 0.0144275 0.000767914 0.0239767 0.0186346
0.0169675 0.0118271 9.9991E-05 0.144502 0.0266882 0.013315 0.0107712 0.00412044 0.168516 0.603193
0.111985 0.0348525 0.0549851 0.0670951 0.0597415 0.0626517 0.0372081 0.120007 0.380219 0.0712554
9.99201E-05 9.99201E-05 9.99201E-05 9.99201E-05 9.99201E-05 9.99201E-05 0.999101 9.99201E-05 9.99201E-05 9.99201E-05
0.105737 0.0475207 0.0491221 0.0831997 0.0652668 0.0519343 0.0581929 0.11647 0.366069 0.0564872
0.0754196 0.0329528 0.0327003 0.0584258 0.0352664 0.041128 0.00160008 0.0301804 0.662446 0.02988
9.99201E-05 9.99201E-05 9.99201E-05 9.99201E-05 9.99201E-05 9.99201E-05 9.99201E-05 9.99201E-05 0.999101 9.99201E-05
0.01986 0.0105689 0.0107195 0.943388 0.000517213 9.9982E-05 0.005467 9.9982E-05 0.0075142 0.00176494
0.179947 0.0650732 0.0662642 0.189329 0.0614823 0.0561694 0.068542 0.0438406 0.23009 0.0392628
0.0995955 0.0658979 0.0404214 0.0810889 0.0541614 0.0546372 0.036805 0.350128 0.160376 0.0568889
0.939295 0.0183272 0.00271466 9.9982E-05 0.00731427 0.00218545 0.000496023 0.0122957 9.9982E-05 0.0171718
9.99201E-05 9.99201E-05 9.99201E-05 9.99201E-05 9.99201E-05 9.99201E-05 9.99201E-05 0.999101 9.99201E-05 9.99201E-05
0.772784 0.0181417 0.0142715 0.0649908 0.0128367 0.00455256 0.00571453 0.0280904 0.0497502 0.0288679
9.99201E-05 9.99201E-05 9.99201E-05 9.99201E-05 0.999101 9.99201E-05 9.99201E-05 9.99201E-05 9.99201E-05 9.99201E-05
9.99201E-05 9.99201E-05 9.99201E-05 9.99201E-05 0.999101 9.99201E-05 9.99201E-05 9.99201E-05 9.99201E-05 9.99201E-05
9.99201E-05 0.999101 9.99201E-05 9.99201E-05 9.99201E-05 9.99201E-05 9.99201E-05 9.99201E-05 9.99201E-05 9.99201E-05
0.0818993 0.566647 0.029392 0.081184 0.0319864 0.0393653 0.0318218 0.0375954 0.0535816 0.0465271
0.0284172 0.0203445 0.839519 0.011198 0.000788644 0.00545092 0.0145664 0.0253853 0.0403086 0.0140211
9.99201E-05 9.99201E-05 9.99201E-05 9.99201E-05 9.99201E-05 0.999101 9.99201E-05 9.99201E-05 9.99201E-05 9.99201E-05
9.99201E-05 9.99201E-05 9.99201E-05 9.99201E-05 9.99201E-05 9.99201E-05 9.99201E-05 9.99201E-05 9.99201E-05 0.999101
0.0433554 0.0417253 0.0164326 0.012215 0.0290026 0.740642 0.0228858 0.0220851 0.0345926 0.0370632
0.0282425 0.00374928 0.00853573 0.129175 0.0306579 0.00410115 0.0196202 9.9991E-05 0.174671 0.601148
0.123346 0.0268388 0.0333275 0.0807365 0.052088 0.0456408 0.0239271 0.111249 0.437662 0.0651854
9.99201E-05 9.99201E-05 9.99201E-05 9.99201E-05 9.99201E-05 9.99201E-05 0.999101 9.99201E-05 9.99201E-05 9.99201E-05
0.141108 0.0750503 0.0576704 0.213885 0.0501797 0.0610597 0.0625176 0.092196 0.192438 0.0538948
0.129125 0.0257356 0.0467897 0.0868928 0.0530274 0.0397306 0.0623253 0.101843 0.409392 0.0451386
0.104441 0.0326402 0.0430627 0.0661247 0.0320475 0.0181749 0.028656 0.0158157 0.646868 0.0121696
0.0227073 0.0151222 0.0213887 0.0264364 0.0251606 0.0170979 0.0232612 0.0176107 0.819531 0.0116842
0.0565943 0.0555703 0.0377425 0.545814 0.0380387 0.0301103 0.0299189 0.0280109 0.124643 0.0535576
0.172085 0.0613323 0.0690008 0.187842 0.066847 0.0596505 0.0657713 0.0441627 0.228575 0.0447332
0.0251583 0.0327009 0.025452 0.0370876 0.0187319 0.00870091 0.0175704 0.823486 0.0110123 9.99945E-05
0.968483 0.000156489 9.9955E-05 9.9955E-05 0.00456487 0.0111855 0.0151104 9.9955E-05 9.9955E-05 9.9955E-05
0.00581415 0.0129605 9.9991E-05 0.0153476 0.00819309 0.0123892 0.00204335 0.918406 0.0141233 0.0106228
0.998879 9.9928E-05 0.000322071 9.9928E-05 9.9928E-05 9.9928E-05 9.9928E-05 9.9928E-05 9.9928E-05 9.9928E-05
9.9955E-05 0.0192276 9.9955E-05 9.9955E-05 0.950677 9.9955E-05 0.00884608 0.00287144 9.9955E-05 0.0178784
9.99201E-05 9.99201E-05 9.99201E-05 9.99201E-05 0.999101 9.99201E-05 9.99201E-05 9.99201E-05 9.99201E-05 9.99201E-05
9.99201E-05 0.999101 9.99201E-05 9.99201E-05 9.99201E-05 9.99201E-05 9.99201E-05 9.99201E-05 9.99201E-05 9.99201E-05
0.0295487 0.898034 0.00555774 0.0310729 0.0110004 0.00445495 0.0144937 0.00475636 9.9991E-05 0.000981419
0.00187199 9.9937E-05 0.992558 9.9937E-05 9.9937E-05 9.9937E-05 9.9937E-05 9.9937E-05 9.9937E-05 0.00487088
9.99201E-05 9.99201E-05 9.99201E-05 9.99201E-05 9.99201E-05 0.999101 9.99201E-05 9.99201E-05 9.99201E-05 9.99201E-05
9.99201E-05 9.99201E-05 9.99201E-05 9.99201E-05 9.99201E-05 9.99201E-05 9.99201E-05 9.99201E-05 9.99201E-05 0.999101
9.99201E-05 9.99201E-05 9.99201E-05 9.99201E-05 9.99201E-05 0.999101 9.99201E-05 9.99201E-05 9.99201E-05 9.99201E-05
0.0132254 0.00486738 0.0168271 0.114267 0.0255166 0.0135427 0.036134 9.9991E-05 0.181499 0.594021
0.147683 0.0517496 0.050234 0.20111 0.0594751 0.0777384 0.0595994 0.0490995 0.285903 0.0174076
0.00525435 9.9955E-05 9.9955E-05 9.9955E-05 9.9955E-05 0.00150503 0.977355 9.9955E-05 0.00997081 0.00541509
0.140852 0.0768929 0.0562056 0.211026 0.0413855 0.0683224 0.0684158 0.0956588 0.178714 0.0625271
0.155634 0.0493528 0.0460684 0.081107 0.0445941 0.0606039 0.0381614 0.111095 0.340232 0.0731511
0.0864772 0.0313102 0.0370931 0.0724938 0.029668 0.0120883 0.0145625 0.0152455 0.68299 0.0180716
0.058095 0.0100882 0.00741454 0.0530035 0.00860384 0.0173251 0.0105032 0.0376199 0.785006 0.0123408
9.9946E-05 0.005984 0.00508437 0.986234 9.9946E-05 9.9946E-05 9.9946E-05 9.9946E-05 0.00209795 9.9946E-05
0.154884 0.0672717 0.0528223 0.17584 0.0598691 0.0760655 0.0597622 0.0521035 0.258828 0.0425542
0.0185104 0.0286048 0.0224646 0.0331453 0.0227163 0.00713524 0.0205946 0.825611 0.019751 0.00146641
0.999101 9.99201E-05 9.99201E-05 9.99201E-05 9.99201E-05 9.99201E-05 9.99201E-05 9.99201E-05 9.99201E-05 9.99201E-05
9.99201E-05 9.99201E-05 9.99201E-05 9.99201E-05 9.99201E-05 9.99201E-05 9.99201E-05 0.999101 9.99201E-05 9.99201E-05
0.987523 9.9937E-05 0.0100277 9.9937E-05 9.9937E-05 9.9937E-05 9.9937E-05 9.9937E-05 0.00174932 9.9937E-05
9.9973E-05 0.000969299 0.000478533 0.0139293 0.960321 9.9973E-05 0.00128454 0.0144027 9.9973E-05 0.00831472
0.00292041 9.9937E-05 9.9937E-05 9.9937E-05 0.99423 0.00215022 9.9937E-05 9.9937E-05 9.9937E-05 9.9937E-05
9.99201E-05 0.999101 9.99201E-05 9.99201E-05 9.99201E-05 9.99201E-05 9.99201E-05 9.99201E-05 9.99201E-05 9.99201E-05
9.99201E-05 0.999101 9.99201E-05 9.99201E-05 9.99201E-05 9.99201E-05 9.99201E-05 9.99201E-05 9.99201E-05 9.99201E-05
9.9973E-05 0.000566448 0.964953 0.00354824 0.00806269 9.9973E-05 0.00421631 0.00445536 9.9973E-05 0.0138977
0.000693209 0.00719669 0.00559855 0.00415204 0.00161975 0.965084 9.99821E-05 9.99821E-05 0.00374671 0.0117087
0.0934688 0.0486992 0.0631694 0.102949 0.0538709 0.0480764 0.0190061 0.0501855 0.13503 0.385545
0.00454282 9.9973E-05 9.9973E-05 9.9973E-05 0.000493739 0.96186 0.00649143 0.00844003 0.00993632 0.00793567
9.99421E-05 9.99421E-05 9.99421E-05 9.99421E-05 0.00824301 9.99421E-05 0.990868 9.99421E-05 9.99421E-05 0.000189114
0.11426 0.0422949 0.0251973 0.0907715 0.0615735 0.0321049 0.0525955 0.130934 0.393429 0.0568401
0.143892 0.0845829 0.0484613 0.220633 0.0549062 0.0690788 0.0550637 0.0818183 0.179278 0.0622854
0.133977 0.0392788 0.0700211 0.128735 0.0658853 0.0677926 0.041007 0.0828378 0.295325 0.0751399
0.0730884 0.0243419 0.048257 0.0598709 0.0346946 0.0132962 0.01754 9.9991E-05 0.700579 0.0282318
0.065566 0.00692457 0.0403929 0.0594908 0.0229099 0.0424564 0.0317235 0.025635 0.662408 0.042493
9.99201E-05 9.99201E-05 9.99201E-05 0.999101 9.99201E-05 9.99201E-05 9.99201E-05 9.99201E-05 9.99201E-05 9.99201E-05
9.9946E-05 0.00457736 9.9946E-05 0.985207 0.00799465 9.9946E-05 9.9946E-05 0.00162121 9.9946E-05 9.9946E-05
0.153595 0.0358748 0.060192 0.236227 0.034239 0.0793199 0.0258218 0.0432929 0.287838 0.0436003
0.029058 0.0263586 0.0232302 0.0383021 0.0167712 0.000224132 0.00676682 0.859089 9.9982E-05 9.9982E-05
0.999101 9.99201E-05 9.99201E-05 9.99201E-05 9.99201E-05 9.99201E-05 9.99201E-05 9.99201E-05 9.99201E-05 9.99201E-05
9.99201E-05 9.99201E-05 9.99201E-05 9.99201E-05 9.99201E-05 9.99201E-05 9.99201E-05 0.999101 9.99201E-05 9.99201E-05
0.973351 9.9946E-05 0.0136723 9.9946E-05 9.9946E-05 9.9946E-05 0.00012735 9.9946E-05 0.0122497 9.9946E-05
9.9937E-05 9.9937E-05 9.9937E-05 0.00511114 0.991572 9.9937E-05 9.9937E-05 0.00261755 9.9937E-05 9.9937E-05
0.0118293 0.945222 9.9964E-05 0.0132301 0.00482675 0.00895282 0.0155393 9.9964E-05 9.9964E-05 9.9964E-05
9.99201E-05 9.99201E-05 0.999101 9.99201E-05 9.99201E-05 9.99201E-05 9.99201E-05 9.99201E-05 9.99201E-05 9.99201E-05
0.106932 0.055575 0.48678 0.0559253 0.0449682 0.0427338 0.0236472 0.0175329 0.125134 0.0407709
0.11661 0.0639109 0.0476479 0.108801 0.0586037 0.0404213 0.0544364 0.0487849 0.174189 0.286595
9.99201E-05 9.99201E-05 9.99201E-05 9.99201E-05 9.99201E-05 0.999101 9.99201E-05 9.99201E-05 9.99201E-05 9.99201E-05
9.99201E-05 9.99201E-05 9.99201E-05 9.99201E-05 9.99201E-05 9.99201E-05 9.99201E-05 9.99201E-05 9.99201E-05 0.999101
9.9991E-05 0.0165615 0.012022 0.0119621 0.0118821 0.855571 0.0231256 0.011365 0.0322286 0.0251816
9.99201E-05 9.99201E-05 9.99201E-05 9.99201E-05 9.99201E-05 9.99201E-05 0.999101 9.99201E-05 9.99201E-05 9.99201E-05
0.129465 0.0537222 0.0468022 0.105346 0.0487461 0.0425586 0.0383336 0.128726 0.358309 0.0479913
0.157049 0.0910277 0.0554954 0.189617 0.0570052 0.0630787 0.0557781 0.0893472 0.168249 0.073353
0.132718 0.0362954 0.0482636 0.118049 0.0672642 0.0525905 0.040701 0.0933642 0.330571 0.0801835
0.0583372 0.00621327 0.0413237 0.0494187 0.005716 0.0149843 0.0230992 0.0376577 0.731274 0.0319762
9.9964E-05 9.9964E-05 0.00250629 9.9964E-05 0.0154678 0.0089524 0.0220256 9.9964E-05 0.931205 0.0194435
9.99201E-05 9.99201E-05 9.99201E-05 0.999101 9.99201E-05 9.99201E-05 9.99201E-05 9.99201E-05 9.99201E-05 9.99201E-05
0.0228835 0.0367381 0.0304223 0.785989 0.0288526 0.0175222 0.0212232 0.0262772 0.00590954 0.0241825
0.150855 0.0388482 0.0528025 0.244887 0.0338085 0.0819041 0.0340645 0.0341961 0.290084 0.03855
0.0419276 0.0214362 0.0293368 0.030713 0.0295723 0.0204795 0.027599 0.792758 9.9991E-05 0.0060777
0.999101 9.99201E-05 9.99201E-05 9.99201E-05 9.99201E-05 9.99201E-05 9.99201E-05 9.99201E-05 9.99201E-05 9.99201E-05
9.99201E-05 9.99201E-05 9.99201E-05 9.99201E-05 9.99201E-05 9.99201E-05 9.99201E-05 0.999101 9.99201E-05 9.99201E-05
9.99201E-05 9.99201E-05 9.99201E-05 9.99201E-05 0.999101 9.99201E-05 9.99201E-05 9.99201E-05 9.99201E-05 9.99201E-05
