9.99201E-05 9.99201E-05 9.99201E-05 9.99201E-05 9.99201E-05 9.99201E-05 9.99201E-05 9.99201E-05 0.999101 9.99201E-05
0.0196367 0.00938287 9.9964E-05 0.0227266 9.9964E-05 0.944098 9.9964E-05 9.9964E-05 0.00159197 0.0021641
0.00827988 0.0123036 9.9964E-05 0.0166003 9.9964E-05 0.954691 9.9964E-05 0.00604896 0.00167609 9.9964E-05
9.99201E-05 9.99201E-05 9.99201E-05 9.99201E-05 9.99201E-05 9.99201E-05 9.99201E-05 9.99201E-05 9.99201E-05 0.999101
9.99201E-05 9.99201E-05 9.99201E-05 9.99201E-05 9.99201E-05 9.99201E-05 9.99201E-05 9.99201E-05 9.99201E-05 0.999101
0.0312609 0.227929 0.0891385 0.092832 0.0324493 0.0599182 0.306838 0.0615587 0.0583795 0.0396963
9.99201E-05 9.99201E-05 9.99201E-05 9.99201E-05 9.99201E-05 9.99201E-05 9.99201E-05 0.999101 9.99201E-05 9.99201E-05
9.99201E-05 9.99201E-05 9.99201E-05 9.99201E-05 9.99201E-05 9.99201E-05 0.999101 9.99201E-05 9.99201E-05 9.99201E-05
0.0198508 0.552273 0.0507728 0.0856399 0.0887599 0.0260661 0.0321237 0.0559148 0.0552004 0.0333987
0.978786 0.00509539 9.9955E-05 9.9955E-05 9.9955E-05 0.0085866 9.9955E-05 0.00546011 9.9955E-05 0.00157257
0.0341392 0.425453 0.0629369 0.109039 0.0742919 0.0532103 0.0413331 0.0643407 0.0575366 0.0777196
0.058217 0.311472 0.0511498 0.191114 0.0837133 0.0957016 0.0418207 0.0733084 0.0493945 0.0441088
9.9964E-05 0.931962 0.0178274 9.9964E-05 9.9964E-05 9.9964E-05 0.00995086 0.0225579 0.012933 0.00436852
9.99201E-05 0.999101 9.99201E-05 9.99201E-05 9.99201E-05 9.99201E-05 9.99201E-05 9.99201E-05 9.99201E-05 9.99201E-05
0.0282644 0.216211 0.0345282 0.134495 0.00387271 0.0178439 9.9991E-05 0.53118 0.0176477 0.0158577
9.99201E-05 9.99201E-05 9.99201E-05 0.999101 9.99201E-05 9.99201E-05 9.99201E-05 9.99201E-05 9.99201E-05 9.99201E-05
9.9955E-05 9.9955E-05 0.0143394 0.96752 9.9955E-05 0.0100908 9.9955E-05 0.00226442 9.9955E-05 0.00528559
0.0319702 0.401698 0.0588958 0.174459 0.0403402 0.0707711 0.020806 0.0825223 0.0645879 0.0539492
0.0238763 0.0388353 0.00666337 0.0471569 0.788242 0.0407169 0.00506678 0.0102422 0.0207134 0.0184865
0.0233929 0.729847 0.0142361 0.0259438 0.0508058 0.0375941 0.0220707 0.0312961 0.0368017 0.0280119
9.9955E-05 0.0074189 9.9955E-05 9.9955E-05 0.976023 0.000220464 0.0105743 0.00526317 9.9955E-05 9.9955E-05
9.9946E-05 0.960631 9.9946E-05 9.9946E-05 9.9946E-05 0.00705271 0.0123045 9.9946E-05 9.9946E-05 0.0194117
0.00790586 0.0418359 0.00189941 9.9982E-05 9.9982E-05 0.00884004 0.000144807 0.0134001 0.919512 0.0062616
9.99201E-05 9.99201E-05 9.99201E-05 9.99201E-05 9.99201E-05 0.999101 9.99201E-05 9.99201E-05 9.99201E-05 9.99201E-05
0.0217424 0.00796388 0.00104841 0.0262405 9.9982E-05 0.915222 9.9982E-05 0.00858336 0.0186714 0.000328521
9.99201E-05 9.99201E-05 9.99201E-05 9.99201E-05 9.99201E-05 9.99201E-05 9.99201E-05 9.99201E-05 9.99201E-05 0.999101
9.9928E-05 9.9928E-05 9.9928E-05 9.9928E-05 9.9928E-05 9.9928E-05 9.9928E-05 0.997567 0.00163347 9.9928E-05
9.99201E-05 9.99201E-05 9.99201E-05 9.99201E-05 9.99201E-05 9.99201E-05 0.999101 9.99201E-05 9.99201E-05 9.99201E-05
0.00595199 0.00612931 0.00801962 0.0191208 0.000549264 0.0127992 0.00853077 0.926321 0.0056734 0.00690454
0.00296439 0.00332405 9.9973E-05 0.000891283 9.9973E-05 0.00474658 0.972504 9.9973E-05 0.0108128 0.00445704
9.999E-05 0.617581 0.066164 0.0812638 0.0851111 0.0112804 0.0299672 0.0342164 0.042817 0.0314989
0.999101 9.99201E-05 9.99201E-05 9.99201E-05 9.99201E-05 9.99201E-05 9.99201E-05 9.99201E-05 9.99201E-05 9.99201E-05
0.0540172 0.323181 0.0480102 0.0693761 0.0816201 0.092823 0.0513471 0.120886 0.094995 0.0637442
0.00094175 0.933429 0.0168289 9.9964E-05 9.9964E-05 9.9964E-05 0.0131384 0.0281184 0.00714369 9.9964E-05
9.99201E-05 0.999101 9.99201E-05 9.99201E-05 9.99201E-05 9.99201E-05 9.99201E-05 9.99201E-05 9.99201E-05 9.99201E-05
0.0507503 0.419457 0.030744 0.237754 0.0518905 0.0388364 0.0233207 0.0526337 0.0579403 0.0366727
9.99201E-05 9.99201E-05 9.99201E-05 0.999101 9.99201E-05 9.99201E-05 9.99201E-05 9.99201E-05 9.99201E-05 9.99201E-05
0.0286185 0.206645 0.0398172 0.493895 0.0584148 0.0233488 0.0403876 0.0404878 0.0348738 0.033511
0.0167004 0.948609 0.0138144 9.9964E-05 0.0089644 0.0101541 9.9964E-05 9.9964E-05 0.00135759 9.9964E-05
9.99201E-05 9.99201E-05 9.99201E-05 9.99201E-05 0.999101 9.99201E-05 9.99201E-05 9.99201E-05 9.99201E-05 9.99201E-05
0.0175145 0.76355 0.0196423 0.0453326 0.0314939 0.0331684 0.0141063 0.0120939 0.0345709 0.0285267
9.99201E-05 9.99201E-05 9.99201E-05 9.99201E-05 9.99201E-05 9.99201E-05 9.99201E-05 9.99201E-05 0.999101 9.99201E-05
0.00669854 0.0327346 9.9955E-05 9.9955E-05 9.9955E-05 9.9955E-05 9.9955E-05 0.00359481 0.950884 0.005588
9.99201E-05 9.99201E-05 9.99201E-05 9.99201E-05 9.99201E-05 0.999101 9.99201E-05 9.99201E-05 9.99201E-05 9.99201E-05
0.0061243 0.0381048 0.00772732 0.0203847 9.9991E-05 0.880488 0.0126352 0.0100484 0.0138131 0.0105747
9.99201E-05 9.99201E-05 9.99201E-05 9.99201E-05 9.99201E-05 9.99201E-05 9.99201E-05 9.99201E-05 9.99201E-05 0.999101
9.99201E-05 9.99201E-05 9.99201E-05 9.99201E-05 9.99201E-05 9.99201E-05 9.99201E-05 0.999101 9.99201E-05 9.99201E-05
0.00150971 9.9955E-05 0.976921 9.9955E-05 0.00295907 0.00922964 9.9955E-05 0.00888062 9.9955E-05 9.9955E-05
9.99201E-05 9.99201E-05 9.99201E-05 9.99201E-05 9.99201E-05 9.99201E-05 9.99201E-05 0.999101 9.99201E-05 9.99201E-05
9.9937E-05 9.9937E-05 0.995684 9.9937E-05 9.9937E-05 9.9937E-05 9.9937E-05 9.9937E-05 0.00247962 0.00113637
0.0193541 0.570376 0.0499372 0.0818357 0.0803556 0.016763 0.0333448 0.0494508 0.0683889 0.030194
0.983279 9.9955E-05 0.00330027 9.9955E-05 9.9955E-05 9.9955E-05 0.00380384 9.9955E-05 0.0051631 0.00395396
0.0458176 0.482671 0.060016 0.0958151 0.105094 0.0399745 0.0246971 0.0448318 0.0502352 0.050848
9.9982E-05 0.910214 0.0203715 9.9982E-05 0.00827812 0.00732154 0.0156973 0.0192137 0.0031475 0.0155567
0.00374026 0.955146 0.0168036 9.9973E-05 0.0146553 9.9973E-05 0.000128322 0.00811636 0.00111065 9.9973E-05
0.0528076 0.380932 0.0644487 0.195973 0.0526539 0.0555651 0.0187718 0.0642933 0.0574103 0.057145
9.99201E-05 9.99201E-05 9.99201E-05 0.999101 9.99201E-05 9.99201E-05 9.99201E-05 9.99201E-05 9.99201E-05 9.99201E-05
0.0395136 0.256469 0.023522 0.058894 0.398963 0.0649672 0.0243952 0.0461359 0.0421443 0.0449958
0.0202083 0.848193 0.00604579 0.00900746 0.0258865 0.036931 0.01004 0.0195262 0.0211186 0.00304276
9.99201E-05 9.99201E-05 9.99201E-05 9.99201E-05 0.999101 9.99201E-05 9.99201E-05 9.99201E-05 9.99201E-05 9.99201E-05
9.99201E-05 0.999101 9.99201E-05 9.99201E-05 9.99201E-05 9.99201E-05 9.99201E-05 9.99201E-05 9.99201E-05 9.99201E-05
9.9937E-05 9.9937E-05 9.9937E-05 9.9937E-05 9.9937E-05 0.0148778 0.00422613 9.9937E-05 0.980196 9.9937E-05
9.9946E-05 0.0301315 9.9946E-05 9.9946E-05 9.9946E-05 9.9946E-05 9.9946E-05 0.00348016 0.952635 0.0131534
9.99201E-05 9.99201E-05 9.99201E-05 9.99201E-05 9.99201E-05 0.999101 9.99201E-05 9.99201E-05 9.99201E-05 9.99201E-05
0.0324925 0.15978 0.0270414 0.0566943 0.0466116 0.559406 0.0353482 0.0229427 0.0310411 0.0286423
9.9982E-05 0.00266267 0.00403943 0.0137986 0.00154494 9.9982E-05 0.00304163 0.00281021 0.0142988 0.957604
0.00271005 9.9964E-05 0.00597785 0.00365724 9.9964E-05 9.9964E-05 9.9964E-05 0.973223 0.0100195 0.00401283
9.9982E-05 0.00115876 9.9982E-05 0.00749582 0.0153471 0.0228321 0.935426 0.00464105 0.00669253 0.00620636
0.0155315 0.0567097 0.0090338 9.9991E-05 0.0228568 0.0121145 0.0148035 0.840004 0.0184556 0.0103908
9.99201E-05 9.99201E-05 0.999101 9.99201E-05 9.99201E-05 9.99201E-05 9.99201E-05 9.99201E-05 9.99201E-05 9.99201E-05
0.0283647 0.523084 0.0585002 0.0849626 0.0905214 0.0230793 0.0211449 0.0495653 0.0697722 0.0510061
0.999101 9.99201E-05 9.99201E-05 9.99201E-05 9.99201E-05 9.99201E-05 9.99201E-05 9.99201E-05 9.99201E-05 9.99201E-05
0.0363052 0.485545 0.0475738 0.100554 0.100572 0.0426103 0.0285922 0.0603746 0.0599981 0.0378748
0.00987243 0.725687 0.0113173 0.0700738 0.0251592 0.0244672 0.0208242 0.0471346 0.0332184 0.0322463
9.99201E-05 0.999101 9.99201E-05 9.99201E-05 9.99201E-05 9.99201E-05 9.99201E-05 9.99201E-05 9.99201E-05 9.99201E-05
9.9973E-05 0.02059 0.00932402 0.948222 0.00207593 0.0136987 9.9973E-05 0.00257727 0.00321226 9.9973E-05
0.0643107 0.384872 0.0633291 0.179791 0.0377546 0.058274 0.00721869 0.0654886 0.0714562 0.0675045
0.0435622 0.274021 0.0302818 0.0643077 0.350807 0.0709748 0.0268371 0.045422 0.0534758 0.0403097
0.0111268 0.908323 0.00605889 9.9973E-05 0.0186112 0.0345701 0.018273 9.9973E-05 0.00273719 9.9973E-05
9.99201E-05 9.99201E-05 9.99201E-05 9.99201E-05 0.999101 9.99201E-05 9.99201E-05 9.99201E-05 9.99201E-05 9.99201E-05
0.00213888 0.836486 0.00956142 0.0502273 0.0179984 0.0293985 0.0133474 0.00155083 0.0195331 0.0197583
9.99302E-05 9.99302E-05 9.99302E-05 9.99302E-05 0.000549203 9.99302E-05 9.99302E-05 9.99302E-05 0.998651 9.99302E-05
9.99201E-05 9.99201E-05 9.99201E-05 9.99201E-05 9.99201E-05 9.99201E-05 9.99201E-05 9.99201E-05 0.999101 9.99201E-05
9.99201E-05 9.99201E-05 9.99201E-05 9.99201E-05 9.99201E-05 0.999101 9.99201E-05 9.99201E-05 9.99201E-05 9.99201E-05
0.030148 0.148896 0.0246706 0.0743965 0.044228 0.559729 0.0234621 0.0343464 0.0335651 0.0265584
0.0146719 0.0703251 0.00567391 0.00888115 0.0205125 0.00884559 0.00420552 0.0172372 0.00986674 0.83978
9.99201E-05 9.99201E-05 9.99201E-05 9.99201E-05 9.99201E-05 9.99201E-05 9.99201E-05 0.999101 9.99201E-05 9.99201E-05
9.99201E-05 9.99201E-05 9.99201E-05 9.99201E-05 9.99201E-05 9.99201E-05 0.999101 9.99201E-05 9.99201E-05 9.99201E-05
0.0149141 0.0789732 0.006248 0.0229569 0.0319335 0.0271092 0.0198874 0.746732 0.0282652 0.0229809
9.99201E-05 9.99201E-05 0.999101 9.99201E-05 9.99201E-05 9.99201E-05 9.99201E-05 9.99201E-05 9.99201E-05 9.99201E-05
0.0164574 0.582938 0.0373646 0.0931643 0.0856001 0.0118994 0.0423453 0.0373587 0.0582465 0.0346254
0.999101 9.99201E-05 9.99201E-05 9.99201E-05 9.99201E-05 9.99201E-05 9.99201E-05 9.99201E-05 9.99201E-05 9.99201E-05
0.0632758 0.312835 0.0851517 0.20895 0.0771324 0.0737776 0.0129524 0.0641234 0.0455625 0.0562399
0.0452363 0.532969 0.0413905 0.0886537 0.0972392 0.0304465 0.0293306 0.0407365 0.0522472 0.0417509
0.0158846 0.723703 0.0372703 0.0779789 0.0210309 0.0299424 9.9991E-05 0.0223299 0.0401878 0.0315725
0.0218738 0.801798 0.0190596 0.0397193 0.0244636 0.00075924 0.00138335 0.031049 0.0388948 0.0209993
0.0136794 0.156207 0.0536904 0.557215 0.0154738 0.0512944 0.0389785 0.0397365 0.0368531 0.0368727
0.0644761 0.384052 0.0493263 0.185277 0.0413328 0.0622429 0.0184214 0.0619672 0.0631781 0.0697258
0.0238918 0.0415219 9.9991E-05 0.0639742 0.823516 0.0175444 0.00471804 0.00399259 0.004712 0.016029
0.022006 0.93178 0.00122836 9.9982E-05 0.00764591 0.0240364 0.00347779 0.00320134 0.0064241 9.9982E-05
0.00333092 0.0177144 0.00720872 0.00701692 0.933122 0.00376344 0.00740325 0.0111573 0.00767704 0.00160594
9.9928E-05 0.999082 9.9928E-05 9.9928E-05 0.000119053 9.9928E-05 9.9928E-05 9.9928E-05 9.9928E-05 9.9928E-05
0.000184303 9.9982E-05 0.00368991 0.0149982 0.010377 0.00370581 0.0128519 0.00269554 0.951297 9.9982E-05
9.99201E-05 9.99201E-05 9.99201E-05 9.99201E-05 9.99201E-05 9.99201E-05 9.99201E-05 9.99201E-05 0.999101 9.99201E-05
9.99201E-05 9.99201E-05 9.99201E-05 9.99201E-05 9.99201E-05 0.999101 9.99201E-05 9.99201E-05 9.99201E-05 9.99201E-05
0.00815738 0.0212359 9.9973E-05 0.0317752 9.9973E-05 0.921281 0.00276189 0.00843174 0.00605748 9.9973E-05
9.9928E-05 9.9928E-05 9.9928E-05 9.9928E-05 9.9928E-05 9.9928E-05 0.000138722 9.9928E-05 9.9928E-05 0.999062
9.99201E-05 9.99201E-05 9.99201E-05 9.99201E-05 9.99201E-05 9.99201E-05 9.99201E-05 0.999101 9.99201E-05 9.99201E-05
9.99201E-05 9.99201E-05 9.99201E-05 9.99201E-05 9.99201E-05 9.99201E-05 0.999101 9.99201E-05 9.99201E-05 9.99201E-05
9.99201E-05 9.99201E-05 9.99201E-05 9.99201E-05 9.99201E-05 9.99201E-05 9.99201E-05 0.999101 9.99201E-05 9.99201E-05
9.99201E-05 9.99201E-05 0.999101 9.99201E-05 9.99201E-05 9.99201E-05 9.99201E-05 9.99201E-05 9.99201E-05 9.99201E-05
0.0523414 0.446492 0.0441248 0.186161 0.0367243 0.0534074 0.00304592 0.0832975 0.062389 0.032016
0.979635 0.00111672 0.00662088 9.9973E-05 9.9973E-05 9.9973E-05 0.000565974 0.0013906 0.00735783 0.00301351
0.0710336 0.300415 0.091933 0.2096 0.0816162 0.0772418 0.0102243 0.0584549 0.0395777 0.0599035
0.026943 0.488219 0.0848238 0.085893 0.100142 0.0452953 0.0169363 0.0583526 0.040914 0.0524801
0.0110117 0.734648 0.0432753 0.0792035 0.00992289 0.0241892 0.000937908 0.0264717 0.0317553 0.0385839
0.00839623 0.785583 0.0312388 0.0591046 0.0424324 0.0168076 9.9991E-05 0.029855 0.0115147 0.0149673
9.9928E-05 9.9928E-05 0.0107187 0.988482 9.9928E-05 9.9928E-05 9.9928E-05 9.9928E-05 9.9928E-05 9.9928E-05
0.0534762 0.400121 0.0383004 0.180485 0.0528064 0.0670001 0.021335 0.0850159 0.058661 0.0427984
0.0295478 0.0330907 0.00824657 0.0404205 0.809452 0.02579 0.0120447 0.0030981 0.0158827 0.022427
9.99279E-05 0.986965 9.99279E-05 9.99279E-05 9.99279E-05 0.0122354 9.99279E-05 9.99279E-05 9.99279E-05 9.99279E-05
9.99201E-05 9.99201E-05 9.99201E-05 9.99201E-05 0.999101 9.99201E-05 9.99201E-05 9.99201E-05 9.99201E-05 9.99201E-05
9.9928E-05 0.994495 9.9928E-05 9.9928E-05 9.9928E-05 9.9928E-05 9.9928E-05 9.9928E-05 9.9928E-05 0.00470601
9.9955E-05 9.9955E-05 9.9955E-05 0.0100046 0.0215478 0.00608634 0.00218351 9.9955E-05 0.959678 9.9955E-05
9.9928E-05 9.9928E-05 9.9928E-05 9.9928E-05 9.9928E-05 9.9928E-05 9.9928E-05 9.9928E-05 0.993112 0.00608882
9.99201E-05 9.99201E-05 9.99201E-05 9.99201E-05 9.99201E-05 0.999101 9.99201E-05 9.99201E-05 9.99201E-05 9.99201E-05
9.99201E-05 9.99201E-05 9.99201E-05 9.99201E-05 9.99201E-05 0.999101 9.99201E-05 9.99201E-05 9.99201E-05 9.99201E-05
9.9955E-05 9.9955E-05 0.00981277 9.9955E-05 0.00305891 0.0098843 0.0091297 9.9955E-05 9.9955E-05 0.967615
0.00134273 9.9955E-05 0.00498372 0.00294594 9.9955E-05 0.0113612 9.9955E-05 0.978867 9.9955E-05 9.9955E-05
0.00440012 0.182692 0.334503 0.0737004 0.0502443 0.04839 0.172149 0.034903 0.0456323 0.053387
0.00443285 0.0042738 9.9973E-05 0.00874473 9.9973E-05 0.00569833 0.00745971 0.964622 9.9973E-05 0.00446871
0.989585 9.9964E-05 0.000468995 9.9964E-05 0.000397514 0.000356209 0.00664837 9.9964E-05 0.00214419 9.9964E-05
0.0271371 0.493438 0.0263946 0.106966 0.128073 0.0422816 0.0424329 0.0282543 0.0672987 0.0377238
0.0723903 0.299405 0.074405 0.211011 0.0890254 0.0859422 0.0163661 0.0623396 0.0406099 0.0485054
0.0369777 0.416181 0.0688962 0.13673 0.073841 0.0328347 0.0396583 0.0693682 0.0590462 0.0664664
0.0192699 0.744617 0.0351598 0.0564786 0.00574795 0.0324364 0.00381598 0.0259715 0.0346075 0.0418956
0.0221025 0.671869 0.0268061 0.0835084 0.0296601 0.0220557 0.0313309 0.0569093 0.0276428 0.0281151
9.99201E-05 9.99201E-05 9.99201E-05 0.999101 9.99201E-05 9.99201E-05 9.99201E-05 9.99201E-05 9.99201E-05 9.99201E-05
9.9937E-05 9.9937E-05 0.0103163 0.988071 9.9937E-05 9.9937E-05 9.9937E-05 9.9937E-05 0.000913391 9.9937E-05
0.0375323 0.432773 0.0619649 0.217886 0.0278519 0.0438807 9.9991E-05 0.0946711 0.0407654 0.0425752
0.0191013 0.028606 9.9991E-05 0.0314505 0.845449 0.0328286 0.000522666 0.00359141 0.0167514 0.0215989
9.99201E-05 0.999101 9.99201E-05 9.99201E-05 9.99201E-05 9.99201E-05 9.99201E-05 9.99201E-05 9.99201E-05 9.99201E-05
9.99201E-05 9.99201E-05 9.99201E-05 9.99201E-05 0.999101 9.99201E-05 9.99201E-05 9.99201E-05 9.99201E-05 9.99201E-05
9.9937E-05 0.998097 9.9937E-05 9.9937E-05 9.9937E-05 9.9937E-05 9.9937E-05 0.00100114 9.9937E-05 0.000201804
9.99201E-05 9.99201E-05 9.99201E-05 9.99201E-05 9.99201E-05 9.99201E-05 9.99201E-05 9.99201E-05 0.999101 9.99201E-05
0.00718041 0.00225679 9.9964E-05 0.0155207 9.9964E-05 0.963923 9.9964E-05 0.00567272 0.0050466 9.9964E-05
9.99201E-05 9.99201E-05 9.99201E-05 9.99201E-05 9.99201E-05 9.99201E-05 9.99201E-05 9.99201E-05 9.99201E-05 0.999101
0.0178647 0.235209 0.0247093 0.0549359 0.00571548 0.0579867 0.0264772 0.0383343 0.0478338 0.490934
0.0366455 0.275453 0.193092 0.101939 0.0486873 0.0594408 0.164381 0.0342638 0.0554477 0.0306502
9.99201E-05 9.99201E-05 9.99201E-05 9.99201E-05 9.99201E-05 9.99201E-05 9.99201E-05 0.999101 9.99201E-05 9.99201E-05
9.99201E-05 9.99201E-05 9.99201E-05 9.99201E-05 9.99201E-05 9.99201E-05 0.999101 9.99201E-05 9.99201E-05 9.99201E-05
0.012111 0.0199482 0.000965669 0.0167059 0.00888957 0.0201193 0.0297257 0.865444 0.00720646 0.0188837
0.999101 9.99201E-05 9.99201E-05 9.99201E-05 9.99201E-05 9.99201E-05 9.99201E-05 9.99201E-05 9.99201E-05 9.99201E-05
0.0324754 0.470735 0.0504674 0.0930238 0.127868 0.0531157 0.0375598 0.0429276 0.042527 0.0492999
0.0547392 0.337131 0.0453082 0.181592 0.0866724 0.0833615 0.0486713 0.0674424 0.0499928 0.0450891
0.0484189 0.473101 0.0255768 0.13663 0.0859969 0.0305376 0.0426382 0.0581864 0.059667 0.0392471
0.022787 0.727454 0.0117566 0.0597916 0.0359622 0.0103654 0.0429458 0.0298755 0.0174046 0.0416574
0.0198859 0.848491 0.0295713 0.0175706 0.00630037 9.9991E-05 0.0133855 0.0364855 0.0257579 0.00245191
9.99201E-05 9.99201E-05 9.99201E-05 0.999101 9.99201E-05 9.99201E-05 9.99201E-05 9.99201E-05 9.99201E-05 9.99201E-05
0.0156651 0.043823 0.00980305 0.789162 0.0214661 0.0257385 0.0169363 0.0273212 0.0211239 0.0289608
0.0418576 0.414301 0.0647747 0.236053 0.0339364 0.0411444 0.00970075 0.0800703 0.0330561 0.0451054
0.0298735 0.0606611 9.9991E-05 0.0394026 0.792911 0.0258789 0.0147439 0.00637354 0.0176313 0.0124241
9.99279E-05 0.994062 9.99279E-05 9.99279E-05 9.99279E-05 0.00513851 9.99279E-05 9.99279E-05 9.99279E-05 9.99279E-05
9.99201E-05 9.99201E-05 9.99201E-05 9.99201E-05 0.999101 9.99201E-05 9.99201E-05 9.99201E-05 9.99201E-05 9.99201E-05
9.99201E-05 9.99201E-05 9.99201E-05 9.99201E-05 9.99201E-05 9.99201E-05 9.99201E-05 9.99201E-05 0.999101 9.99201E-05
