9.99201E-05 9.99201E-05 0.999101 9.99201E-05 9.99201E-05 9.99201E-05 9.99201E-05 9.99201E-05 9.99201E-05 9.99201E-05
0.0167907 9.9964E-05 9.9964E-05 9.9964E-05 0.0272577 0.00535237 0.00893467 9.9964E-05 0.938099 0.00316569
0.0283575 9.9955E-05 9.9955E-05 9.9955E-05 0.0109393 0.00291457 0.0196473 9.9955E-05 0.937642 9.9955E-05
9.99201E-05 9.99201E-05 9.99201E-05 0.999101 9.99201E-05 9.99201E-05 9.99201E-05 9.99201E-05 9.99201E-05 9.99201E-05
9.99201E-05 9.99201E-05 9.99201E-05 0.999101 9.99201E-05 9.99201E-05 9.99201E-05 9.99201E-05 9.99201E-05 9.99201E-05
0.086291 0.0285211 0.064789 0.0368153 0.0362296 0.0556368 0.11286 0.399503 0.0626038 0.11675
9.99201E-05 9.99201E-05 9.99201E-05 9.99201E-05 9.99201E-05 0.999101 9.99201E-05 9.99201E-05 9.99201E-05 9.99201E-05
9.99201E-05 9.99201E-05 9.99201E-05 9.99201E-05 9.99201E-05 9.99201E-05 9.99201E-05 0.999101 9.99201E-05 9.99201E-05
0.105195 0.104945 0.0495621 0.038069 0.0307709 0.0483287 0.135777 0.0635366 0.033057 0.390758
9.9946E-05 9.9946E-05 9.9946E-05 0.00317433 0.981939 0.00205751 9.9946E-05 9.9946E-05 0.0122291 9.9946E-05
0.107826 0.0876892 0.0711408 0.0797498 0.0484757 0.0529708 0.157644 0.071335 0.0650597 0.258109
0.186728 0.0947344 0.0546826 0.0393795 0.065969 0.0736302 0.148439 0.0824099 0.0839844 0.170043
9.99549E-05 9.99549E-05 0.0104375 0.00120535 9.99549E-05 9.99549E-05 0.00273059 0.00421286 9.99549E-05 0.980914
9.99201E-05 9.99201E-05 9.99201E-05 9.99201E-05 9.99201E-05 9.99201E-05 9.99201E-05 9.99201E-05 9.99201E-05 0.999101
0.151819 0.0053702 0.0164541 0.015324 0.0328216 0.532859 0.0763159 0.00656513 0.0249709 0.1375
0.999101 9.99201E-05 9.99201E-05 9.99201E-05 9.99201E-05 9.99201E-05 9.99201E-05 9.99201E-05 9.99201E-05 9.99201E-05
0.970432 9.9955E-05 9.9955E-05 9.9955E-05 9.9955E-05 0.00708278 9.9955E-05 0.00291858 0.0110534 0.00801316
0.202244 0.0514579 0.0654238 0.065405 0.0415244 0.0828996 0.185528 0.035113 0.0579443 0.21246
0.051306 0.800418 0.0324796 0.0161989 0.0234627 0.00832908 0.0318793 0.00353344 0.0285054 0.00388797
0.0451007 0.0483643 0.0334157 0.0278978 0.0222961 0.0281719 0.719873 0.0333047 0.0318357 0.00973972
9.9937E-05 0.985128 9.9937E-05 9.9937E-05 9.9937E-05 9.9937E-05 0.0024316 9.9937E-05 0.011741 9.9937E-05
9.9964E-05 0.00981305 0.000607274 0.0111518 9.9964E-05 9.9964E-05 0.944306 0.0120108 9.9964E-05 0.0217117
9.9964E-05 9.9964E-05 0.917475 0.0129295 9.9964E-05 0.0115444 0.0329668 9.9964E-05 0.00632175 0.0183628
9.99201E-05 9.99201E-05 9.99201E-05 9.99201E-05 9.99201E-05 9.99201E-05 9.99201E-05 9.99201E-05 0.999101 9.99201E-05
0.0240387 9.9973E-05 0.0136991 9.9973E-05 0.010988 0.00968373 0.00895743 9.9973E-05 0.917562 0.0147708
9.99201E-05 9.99201E-05 9.99201E-05 0.999101 9.99201E-05 9.99201E-05 9.99201E-05 9.99201E-05 9.99201E-05 9.99201E-05
9.99201E-05 9.99201E-05 9.99201E-05 9.99201E-05 9.99201E-05 0.999101 9.99201E-05 9.99201E-05 9.99201E-05 9.99201E-05
9.99201E-05 9.99201E-05 9.99201E-05 9.99201E-05 9.99201E-05 9.99201E-05 9.99201E-05 0.999101 9.99201E-05 9.99201E-05
0.0232819 0.00784604 0.0170619 0.00900228 0.0068394 0.921618 0.000551086 9.9982E-05 0.0135992 9.9982E-05
9.99201E-05 9.99201E-05 9.99201E-05 9.99201E-05 9.99201E-05 9.99201E-05 9.99201E-05 0.999101 9.99201E-05 9.99201E-05
0.111142 0.0979654 0.0433394 0.0382788 0.00724533 0.0344539 0.15803 0.0642494 0.0185993 0.426696
9.99201E-05 9.99201E-05 9.99201E-05 9.99201E-05 0.999101 9.99201E-05 9.99201E-05 9.99201E-05 9.99201E-05 9.99201E-05
0.10632 0.0994523 0.0841285 0.0556663 0.0578498 0.0877956 0.12025 0.0815733 0.0937517 0.213212
9.99279E-05 9.99279E-05 9.99279E-05 9.99279E-05 9.99279E-05 0.0096506 9.99279E-05 9.99279E-05 9.99279E-05 0.98955
9.99201E-05 9.99201E-05 9.99201E-05 9.99201E-05 9.99201E-05 9.99201E-05 9.99201E-05 9.99201E-05 9.99201E-05 0.999101
0.263272 0.0597475 0.0567289 0.035244 0.0567356 0.0572122 0.17577 0.0366604 0.0369663 0.221663
0.999101 9.99201E-05 9.99201E-05 9.99201E-05 9.99201E-05 9.99201E-05 9.99201E-05 9.99201E-05 9.99201E-05 9.99201E-05
0.490068 0.0611587 0.0414531 0.0446262 0.0247651 0.0446026 0.120247 0.0724378 0.0163708 0.0842704
0.000423009 0.0113919 0.00247009 9.9982E-05 0.0141239 0.00737688 0.9572 0.00575464 0.00105997 9.9982E-05
9.99201E-05 0.999101 9.99201E-05 9.99201E-05 9.99201E-05 9.99201E-05 9.99201E-05 9.99201E-05 9.99201E-05 9.99201E-05
0.0502083 0.0392941 0.0357327 0.0239722 0.0105649 0.0109082 0.688027 0.0489883 0.0249703 0.0673336
9.99201E-05 9.99201E-05 0.999101 9.99201E-05 9.99201E-05 9.99201E-05 9.99201E-05 9.99201E-05 9.99201E-05 9.99201E-05
9.9964E-05 0.00209365 0.953858 0.00750224 9.9964E-05 0.00895651 0.0137618 9.9964E-05 9.9964E-05 0.013428
9.99201E-05 9.99201E-05 9.99201E-05 9.99201E-05 9.99201E-05 9.99201E-05 9.99201E-05 9.99201E-05 0.999101 9.99201E-05
0.0178161 9.9982E-05 0.0197504 9.9982E-05 0.0195481 0.00756736 0.0306497 0.0169963 0.868131 0.0193411
9.9928E-05 9.9928E-05 9.9928E-05 0.997341 9.9928E-05 9.9928E-05 9.9928E-05 0.0018593 9.9928E-05 9.9928E-05
9.99201E-05 9.99201E-05 9.99201E-05 9.99201E-05 9.99201E-05 0.999101 9.99201E-05 9.99201E-05 9.99201E-05 9.99201E-05
0.138733 0.00680654 0.0338624 0.00603599 0.0388826 0.0169245 0.0209683 0.583708 0.0138965 0.140182
9.99201E-05 9.99201E-05 9.99201E-05 9.99201E-05 9.99201E-05 0.999101 9.99201E-05 9.99201E-05 9.99201E-05 9.99201E-05
0.126886 9.9991E-05 0.0327531 0.0129252 0.0200355 0.0165308 0.0334769 0.599747 0.0124472 0.145099
0.0900855 0.0979467 0.0675429 0.0460473 0.0279194 0.0541405 0.148453 0.0740125 0.0117575 0.382095
0.00259188 0.00517956 0.0037341 0.00241195 0.983843 9.9964E-05 9.9964E-05 0.00183944 9.9964E-05 9.9964E-05
0.108946 0.108929 0.0536857 0.0603184 0.0391744 0.050581 0.175101 0.0547167 0.0426258 0.305922
9.99557E-05 9.99557E-05 0.00411739 0.0165811 9.99557E-05 9.99557E-05 9.99557E-05 0.0153959 0.00288341 0.960522
9.99201E-05 9.99201E-05 9.99201E-05 9.99201E-05 9.99201E-05 9.99201E-05 9.99201E-05 9.99201E-05 9.99201E-05 0.999101
0.204257 0.0467522 0.0628134 0.0589461 0.0652566 0.0681051 0.156898 0.0618032 0.0605745 0.214594
0.999101 9.99201E-05 9.99201E-05 9.99201E-05 9.99201E-05 9.99201E-05 9.99201E-05 9.99201E-05 9.99201E-05 9.99201E-05
0.0666151 0.386916 0.036289 0.0388726 0.04692 0.0451618 0.104337 0.0587329 0.064417 0.151739
0.00564276 0.00889085 0.0141697 0.0209485 0.018806 0.0166944 0.847155 0.027274 0.0388377 0.00158086
9.99201E-05 0.999101 9.99201E-05 9.99201E-05 9.99201E-05 9.99201E-05 9.99201E-05 9.99201E-05 9.99201E-05 9.99201E-05
9.99201E-05 9.99201E-05 9.99201E-05 9.99201E-05 9.99201E-05 9.99201E-05 0.999101 9.99201E-05 9.99201E-05 9.99201E-05
9.9955E-05 0.00583752 0.981359 9.9955E-05 0.00179705 9.9955E-05 9.9955E-05 0.000212741 0.0102935 9.9955E-05
9.9964E-05 9.9964E-05 0.945041 0.0106142 0.000167785 0.00606739 0.0252021 9.9964E-05 9.9964E-05 0.0125075
9.99201E-05 9.99201E-05 9.99201E-05 9.99201E-05 9.99201E-05 9.99201E-05 9.99201E-05 9.99201E-05 0.999101 9.99201E-05
0.0544061 0.0448639 0.0349662 0.0207421 0.0331057 0.0258836 0.0898356 0.0627308 0.556309 0.0771569
0.00785214 0.00533317 0.00936503 0.963979 9.9982E-05 0.00569594 0.00292798 0.00292491 0.00172236 9.9982E-05
0.00298114 9.9964E-05 0.00110823 0.00272505 9.9964E-05 0.977923 9.9964E-05 0.009585 0.00527782 9.9964E-05
9.9955E-05 0.00392501 9.9955E-05 9.9955E-05 0.00872793 9.9955E-05 0.002228 0.976413 0.00820664 9.9955E-05
0.0137081 0.0144947 0.0119129 0.00415463 0.02437 0.84345 0.0340365 0.0195436 0.0245925 0.00973714
0.138156 9.9991E-05 0.0227159 0.0032035 0.0239667 0.0149524 0.013317 0.630398 0.00425272 0.148938
0.10793 0.0970104 0.0698337 0.0438624 0.0404592 0.0549598 0.137344 0.0598619 0.0438054 0.344933
9.99201E-05 9.99201E-05 9.99201E-05 9.99201E-05 0.999101 9.99201E-05 9.99201E-05 9.99201E-05 9.99201E-05 9.99201E-05
0.0834573 0.121471 0.0544153 0.0518921 0.0537444 0.0539096 0.12158 0.0633936 0.0561213 0.340016
0.0631489 0.0346894 0.0346784 0.0181627 0.0139126 0.0387317 0.0909579 0.031527 0.0287912 0.6454
9.99201E-05 9.99201E-05 9.99201E-05 9.99201E-05 9.99201E-05 9.99201E-05 9.99201E-05 9.99201E-05 9.99201E-05 0.999101
0.94315 9.9973E-05 0.000376661 0.00669622 9.9973E-05 9.9973E-05 0.0014266 0.0182412 0.0178624 0.011947
0.20179 0.0488356 0.0711087 0.0716988 0.0779941 0.0600595 0.152605 0.0431235 0.0677736 0.205011
0.0791266 0.339286 0.058553 0.0526412 0.0421342 0.067119 0.107219 0.0544316 0.0546925 0.144798
9.999E-05 0.0115181 0.00319715 0.00647122 0.0124768 0.00487479 0.925463 0.0147901 0.0194853 0.00162321
9.99201E-05 0.999101 9.99201E-05 9.99201E-05 9.99201E-05 9.99201E-05 9.99201E-05 9.99201E-05 9.99201E-05 9.99201E-05
0.0533305 0.0193057 0.0143302 0.0206833 0.0100744 0.0116696 0.756019 0.036659 0.023395 0.0545329
9.99281E-05 9.99281E-05 0.997783 9.99281E-05 9.99281E-05 9.99281E-05 9.99281E-05 0.00141739 9.99281E-05 9.99281E-05
9.99201E-05 9.99201E-05 0.999101 9.99201E-05 9.99201E-05 9.99201E-05 9.99201E-05 9.99201E-05 9.99201E-05 9.99201E-05
9.99201E-05 9.99201E-05 9.99201E-05 9.99201E-05 9.99201E-05 9.99201E-05 9.99201E-05 9.99201E-05 0.999101 9.99201E-05
0.0720267 0.0370387 0.0312333 0.0295459 0.0373726 0.0346036 0.0791761 0.0421593 0.576656 0.060188
0.0177413 0.0187014 0.0139432 0.842473 0.00610234 0.0142075 0.0326559 0.0091913 0.0125807 0.0324028
9.99201E-05 9.99201E-05 9.99201E-05 9.99201E-05 9.99201E-05 0.999101 9.99201E-05 9.99201E-05 9.99201E-05 9.99201E-05
9.99201E-05 9.99201E-05 9.99201E-05 9.99201E-05 9.99201E-05 9.99201E-05 9.99201E-05 0.999101 9.99201E-05 9.99201E-05
0.0284773 0.00967326 0.0394297 0.030608 0.0270541 0.740316 0.0314402 0.0185052 0.0393262 0.0351702
0.131655 9.9991E-05 0.0264741 0.00691533 0.0261467 0.0117398 0.0182101 0.634786 0.00676319 0.137209
0.108337 0.10201 0.0554434 0.042914 0.0234772 0.0328021 0.155923 0.0590608 0.0326566 0.387376
9.99201E-05 9.99201E-05 9.99201E-05 9.99201E-05 0.999101 9.99201E-05 9.99201E-05 9.99201E-05 9.99201E-05 9.99201E-05
0.227931 0.0837903 0.0413437 0.0395824 0.0676926 0.0679399 0.161025 0.0598129 0.0818176 0.169064
0.0922599 0.109836 0.0490154 0.0491742 0.0615114 0.0297069 0.138472 0.0494409 0.0313904 0.389193
0.0525995 0.00950353 0.0358167 0.0351857 0.0291387 0.0230446 0.111331 0.0241437 0.0490713 0.630165
0.0261092 0.0318764 0.0316523 0.0248146 0.0216526 0.0128334 0.0293473 0.0139836 0.00691061 0.80082
0.55492 0.0349506 0.0295469 0.0343631 0.020112 0.0384819 0.0668699 0.05964 0.0456731 0.115442
0.226431 0.0417644 0.0644252 0.0724134 0.065062 0.0707679 0.156986 0.044804 0.0688543 0.188492
0.0365561 0.833273 0.0157847 0.00490875 0.0238367 9.9991E-05 0.0309239 0.0103656 0.0317697 0.0124813
9.9955E-05 0.00143956 0.00998882 9.9955E-05 0.0169123 0.00880656 0.962353 9.9955E-05 9.9955E-05 9.9955E-05
0.0114687 0.922268 0.00361876 9.9991E-05 0.000104269 0.0118356 0.00300722 0.0215807 0.00797386 0.0180424
9.99201E-05 9.99201E-05 9.99201E-05 9.99201E-05 9.99201E-05 9.99201E-05 0.999101 9.99201E-05 9.99201E-05 9.99201E-05
0.00889883 0.0233229 0.950027 9.9955E-05 0.00267321 9.9955E-05 9.9955E-05 9.9955E-05 0.014578 9.9955E-05
9.99201E-05 9.99201E-05 0.999101 9.99201E-05 9.99201E-05 9.99201E-05 9.99201E-05 9.99201E-05 9.99201E-05 9.99201E-05
9.99201E-05 9.99201E-05 9.99201E-05 9.99201E-05 9.99201E-05 9.99201E-05 9.99201E-05 9.99201E-05 0.999101 9.99201E-05
0.0249738 0.00389944 0.00613856 0.00465645 0.00345101 0.00225279 0.0233467 0.0110014 0.92018 9.9991E-05
9.99201E-05 9.99201E-05 9.99201E-05 0.999101 9.99201E-05 9.99201E-05 9.99201E-05 9.99201E-05 9.99201E-05 9.99201E-05
9.99201E-05 9.99201E-05 9.99201E-05 9.99201E-05 9.99201E-05 0.999101 9.99201E-05 9.99201E-05 9.99201E-05 9.99201E-05
9.99201E-05 9.99201E-05 9.99201E-05 9.99201E-05 9.99201E-05 9.99201E-05 9.99201E-05 0.999101 9.99201E-05 9.99201E-05
9.99201E-05 9.99201E-05 9.99201E-05 9.99201E-05 9.99201E-05 0.999101 9.99201E-05 9.99201E-05 9.99201E-05 9.99201E-05
0.116134 9.9991E-05 0.0243329 0.0126348 0.0269808 0.0106041 0.00465371 0.640105 0.0017097 0.162745
0.209942 0.05344 0.0558666 0.0472342 0.0580872 0.089479 0.154957 0.0297022 0.0432433 0.258048
0.0011443 9.9955E-05 9.9955E-05 9.9955E-05 0.974662 0.00920199 9.9955E-05 0.00398134 9.9955E-05 0.0105102
0.226494 0.0903408 0.0421204 0.047232 0.0659177 0.0557013 0.143173 0.0576525 0.0850003 0.186368
0.0929024 0.107442 0.049883 0.0521218 0.0363528 0.0572411 0.162845 0.0871043 0.0441631 0.309944
0.0622057 0.00681417 0.0301607 0.0272577 0.0216909 0.00760245 0.124837 0.023636 0.0353205 0.660475
0.0476971 0.0318772 0.00972951 0.0206598 0.00955332 0.0219637 0.05158 0.0105782 0.0262223 0.770139
0.999101 9.99201E-05 9.99201E-05 9.99201E-05 9.99201E-05 9.99201E-05 9.99201E-05 9.99201E-05 9.99201E-05 9.99201E-05
0.193401 0.0533583 0.0645952 0.0618278 0.0602241 0.0784677 0.167754 0.0508894 0.0654087 0.204073
0.0461161 0.814977 0.0285484 0.0187803 0.0174854 0.00188142 0.0213516 0.011616 0.0308359 0.00840834
9.99201E-05 9.99201E-05 9.99201E-05 9.99201E-05 9.99201E-05 9.99201E-05 0.999101 9.99201E-05 9.99201E-05 9.99201E-05
9.99201E-05 0.999101 9.99201E-05 9.99201E-05 9.99201E-05 9.99201E-05 9.99201E-05 9.99201E-05 9.99201E-05 9.99201E-05
9.99201E-05 9.99201E-05 9.99201E-05 9.99201E-05 9.99201E-05 9.99201E-05 0.999101 9.99201E-05 9.99201E-05 9.99201E-05
0.00694738 0.0106217 0.958514 9.9964E-05 0.00958314 0.00225817 9.9964E-05 0.0116761 9.9964E-05 9.9964E-05
9.9937E-05 9.9937E-05 0.993863 0.00322647 9.9937E-05 0.00221072 9.9937E-05 9.9937E-05 9.9937E-05 9.9937E-05
9.99201E-05 9.99201E-05 9.99201E-05 9.99201E-05 9.99201E-05 9.99201E-05 9.99201E-05 9.99201E-05 0.999101 9.99201E-05
9.99201E-05 9.99201E-05 9.99201E-05 9.99201E-05 9.99201E-05 9.99201E-05 9.99201E-05 9.99201E-05 0.999101 9.99201E-05
9.9955E-05 9.9955E-05 0.00397032 0.978613 0.00420331 9.9955E-05 9.9955E-05 9.9955E-05 0.0058681 0.00684571
9.9973E-05 0.00163706 9.9973E-05 0.0040215 0.00757625 0.961029 0.0104387 0.0137699 9.9973E-05 0.00122742
0.106772 0.0575441 0.0485314 0.0514983 0.0253135 0.0488574 0.0988848 0.390607 0.055561 0.116431
9.9964E-05 9.9964E-05 9.9964E-05 0.00338349 0.00727097 0.96202 9.9964E-05 0.00857653 0.0108961 0.00745307
0.000994027 9.9964E-05 0.00114147 0.00303217 0.987318 0.00503263 9.9964E-05 0.00208156 9.9964E-05 9.9964E-05
0.0916067 0.13288 0.0738017 0.0313094 0.042789 0.0390718 0.123287 0.0630536 0.0515333 0.350667
0.228051 0.0929872 0.0456487 0.0544032 0.0639516 0.0661246 0.145502 0.0474668 0.0888809 0.166984
0.130459 0.075789 0.0718307 0.0690724 0.0392534 0.0684069 0.143572 0.0838627 0.0379602 0.279794
0.0599092 9.9991E-05 0.0353697 0.0401917 0.0176344 0.0118742 0.100611 0.0279217 0.0296662 0.676722
0.0633732 0.0398741 0.0224153 0.0384683 0.0232412 0.0383105 0.066134 0.0512004 0.0117151 0.645268
0.999101 9.99201E-05 9.99201E-05 9.99201E-05 9.99201E-05 9.99201E-05 9.99201E-05 9.99201E-05 9.99201E-05 9.99201E-05
0.981238 9.9946E-05 0.00386435 9.9946E-05 9.9946E-05 9.9946E-05 9.9946E-05 9.9946E-05 0.00697427 0.00732417
0.246729 0.0408452 0.0305943 0.0670364 0.0348464 0.0838508 0.170302 0.0486887 0.0468614 0.230246
0.034087 0.856757 0.0133409 0.0198081 0.0150873 9.9982E-05 0.0331541 9.9982E-05 0.0229678 0.004598
9.99201E-05 9.99201E-05 9.99201E-05 9.99201E-05 9.99201E-05 9.99201E-05 0.999101 9.99201E-05 9.99201E-05 9.99201E-05
9.99201E-05 0.999101 9.99201E-05 9.99201E-05 9.99201E-05 9.99201E-05 9.99201E-05 9.99201E-05 9.99201E-05 9.99201E-05
9.9937E-05 9.9937E-05 9.9937E-05 0.000260134 9.9937E-05 9.9937E-05 0.991323 9.9937E-05 9.9937E-05 0.00771682
9.9928E-05 0.00743585 0.991765 9.9928E-05 9.9928E-05 9.9928E-05 9.9928E-05 9.9928E-05 9.9928E-05 9.9928E-05
0.0184921 9.9946E-05 9.9946E-05 9.9946E-05 0.0169423 9.9946E-05 0.0093142 9.9946E-05 0.954652 9.9946E-05
9.99201E-05 9.99201E-05 9.99201E-05 0.999101 9.99201E-05 9.99201E-05 9.99201E-05 9.99201E-05 9.99201E-05 9.99201E-05
0.0602175 0.00591722 0.05865 0.491878 0.0284457 0.0303963 0.109267 0.038202 0.0573636 0.119662
0.115949 0.044579 0.063861 0.0405581 0.0453753 0.0404756 0.124325 0.29462 0.0616749 0.168581
9.99201E-05 9.99201E-05 9.99201E-05 9.99201E-05 9.99201E-05 0.999101 9.99201E-05 9.99201E-05 9.99201E-05 9.99201E-05
9.99201E-05 9.99201E-05 9.99201E-05 9.99201E-05 9.99201E-05 9.99201E-05 9.99201E-05 0.999101 9.99201E-05 9.99201E-05
0.023277 0.0129618 0.0164521 0.0117468 0.0181263 0.852626 0.00228558 0.0145661 0.0223786 0.0255795
9.99201E-05 9.99201E-05 9.99201E-05 9.99201E-05 0.999101 9.99201E-05 9.99201E-05 9.99201E-05 9.99201E-05 9.99201E-05
0.108751 0.111275 0.0497763 0.0584388 0.0456165 0.044158 0.142534 0.0557519 0.0533916 0.330307
0.189592 0.09523 0.0486296 0.0553409 0.0605519 0.0700832 0.152983 0.0779475 0.0882616 0.16138
0.156246 0.0994969 0.0502753 0.044648 0.0427299 0.0568451 0.148087 0.053209 0.0404507 0.308013
0.0628422 0.0445582 0.00596377 0.041917 0.021028 0.0195067 0.0444818 0.0384539 0.00551421 0.715734
9.9964E-05 9.9964E-05 0.0236819 9.9964E-05 0.0244006 0.0106642 9.9964E-05 0.0255148 0.00437071 0.910968
0.999101 9.99201E-05 9.99201E-05 9.99201E-05 9.99201E-05 9.99201E-05 9.99201E-05 9.99201E-05 9.99201E-05 9.99201E-05
0.804019 0.0312263 0.0208991 0.00965168 0.014784 0.0204614 0.0222754 0.00611626 0.0439544 0.0266124
0.253548 0.0441564 0.0313868 0.0643789 0.0450425 0.0834469 0.166768 0.042323 0.0377351 0.231214
0.0413483 0.785874 0.0262132 0.0322859 0.030065 0.0152723 0.0249158 0.00775204 0.0278841 0.00838974
9.99201E-05 9.99201E-05 9.99201E-05 9.99201E-05 9.99201E-05 9.99201E-05 0.999101 9.99201E-05 9.99201E-05 9.99201E-05
9.99201E-05 0.999101 9.99201E-05 9.99201E-05 9.99201E-05 9.99201E-05 9.99201E-05 9.99201E-05 9.99201E-05 9.99201E-05
9.99201E-05 9.99201E-05 0.999101 9.99201E-05 9.99201E-05 9.99201E-05 9.99201E-05 9.99201E-05 9.99201E-05 9.99201E-05
