9.996E-05 9.996E-05 9.996E-05 0.9995 9.996E-05 9.996E-05
0.00486486 0.0160843 0.0155043 0.0102341 0.953213 9.9991E-05
0.00201922 0.0152185 0.0310275 9.9991E-05 0.94752 0.00411511
9.996E-05 9.996E-05 0.9995 9.996E-05 9.996E-05 9.996E-05
9.996E-05 9.996E-05 0.9995 9.996E-05 9.996E-05 9.996E-05
0.0686526 0.0508207 0.669417 0.0728554 0.0957364 0.0425181
0.9995 9.996E-05 9.996E-05 9.996E-05 9.996E-05 9.996E-05
9.9964E-05 9.9964E-05 0.962259 9.9964E-05 0.0373409 9.9964E-05
0.0884278 0.043202 0.603739 0.0797356 0.0489011 0.135994
9.9964E-05 0.983665 9.9964E-05 9.9964E-05 0.015935 9.9964E-05
0.0845228 0.0804983 0.570191 0.073437 0.0821553 0.109195
0.0936231 0.0732062 0.525234 0.0627955 0.118649 0.126492
0.0786633 0.0370164 0.745494 0.0501051 0.023731 0.0649902
0.081275 0.0186961 0.795257 0.0198508 0.0146219 0.0702988
0.563343 0.0417925 0.316835 0.0177343 0.0504594 0.00983535
0.0446728 0.0910236 0.70294 0.0213618 0.0675265 0.072475
0.0430007 0.0747557 0.720208 0.00856658 0.0899058 0.0635629
0.105493 0.062248 0.599073 0.0734376 0.0860013 0.0737467
0.0102646 0.0290862 0.0963919 0.0227933 0.0403912 0.801073
0.0724839 0.0519964 0.675932 0.0472254 0.0698085 0.082554
9.9964E-05 9.9964E-05 0.00774952 9.9964E-05 9.9964E-05 0.991851
0.0492306 0.0376223 0.764465 0.0390636 0.0394075 0.0702111
0.0182415 0.00200564 0.0443621 0.926969 0.00832205 9.9991E-05
9.996E-05 9.996E-05 9.996E-05 9.996E-05 0.9995 9.996E-05
0.0282071 0.0211746 0.0166537 0.00637896 0.926577 0.00100852
9.996E-05 9.996E-05 0.9995 9.996E-05 9.996E-05 9.996E-05
0.9995 9.996E-05 9.996E-05 9.996E-05 9.996E-05 9.996E-05
9.9964E-05 9.9964E-05 0.956743 9.9964E-05 0.042857 9.9964E-05
0.939413 0.0108251 0.00287742 0.0156786 0.0166859 0.01452
9.9964E-05 9.9964E-05 0.938498 9.9964E-05 0.0611017 9.9964E-05
0.0671278 0.0292977 0.66454 0.0584038 0.0361627 0.144468
9.996E-05 0.9995 9.996E-05 9.996E-05 9.996E-05 9.996E-05
0.12915 0.0729761 0.475794 0.0882757 0.1125 0.121305
0.0891259 0.036316 0.766349 0.040656 0.0150128 0.0525407
0.0790128 0.026684 0.76466 0.0303549 0.0151021 0.0841861
0.0865354 0.0749308 0.607113 0.0750927 0.0700437 0.0862844
0.0387222 0.0963277 0.717955 0.0107366 0.0627046 0.073554
0.0786575 0.0716359 0.642794 0.0451458 0.0700612 0.0917055
0.0614414 0.0578592 0.732401 0.0339467 0.0507159 0.0636354
9.996E-05 9.996E-05 9.996E-05 9.996E-05 9.996E-05 0.9995
0.0643278 0.0412385 0.690879 0.0486022 0.0754584 0.0794944
9.996E-05 9.996E-05 9.996E-05 0.9995 9.996E-05 9.996E-05
0.0096376 0.005587 0.0186038 0.96136 9.9991E-05 0.004712
9.996E-05 9.996E-05 9.996E-05 9.996E-05 0.9995 9.996E-05
0.0189501 0.0193459 0.0593754 0.0141712 0.883044 0.0051131
9.996E-05 9.996E-05 0.9995 9.996E-05 9.996E-05 9.996E-05
0.9995 9.996E-05 9.996E-05 9.996E-05 9.996E-05 9.996E-05
0.0118005 0.024884 0.858062 0.0372256 0.0540974 0.0139306
0.9995 9.996E-05 9.996E-05 9.996E-05 9.996E-05 9.996E-05
0.0124877 0.0209314 0.867977 0.0361522 0.0623519 9.9991E-05
0.0854012 0.0441748 0.632381 0.0740525 0.0356703 0.12832
9.9964E-05 0.998787 9.9964E-05 9.9964E-05 0.000813253 9.9964E-05
0.0793473 0.0650016 0.586049 0.0757846 0.0582402 0.135578
0.0871191 0.0263783 0.748963 0.0429305 0.0324147 0.0621941
0.0739464 0.042307 0.742093 0.0407496 0.0240499 0.0768539
0.100716 0.0753925 0.60175 0.0668079 0.0850425 0.0702914
0.0397604 0.0858463 0.691182 0.0202084 0.0750626 0.0879401
0.0628519 0.0544098 0.34165 0.0444178 0.0874195 0.409251
0.0740246 0.059735 0.691979 0.0263448 0.0733434 0.0745736
9.996E-05 9.996E-05 9.996E-05 9.996E-05 9.996E-05 0.9995
0.0464413 0.0417388 0.76801 0.032781 0.0540898 0.0569396
9.9973E-05 9.9973E-05 9.9973E-05 0.990042 0.00896281 0.000695084
0.00864848 0.00154897 0.0337412 0.955861 9.9982E-05 9.9982E-05
9.996E-05 9.996E-05 9.996E-05 9.996E-05 0.9995 9.996E-05
0.0403381 0.0350898 0.263146 0.0354963 0.575436 0.0504936
9.996E-05 9.996E-05 0.9995 9.996E-05 9.996E-05 9.996E-05
0.976269 0.00525064 0.00342328 0.00709947 0.00652935 0.00142837
9.9991E-05 0.0009095 0.919623 0.00450805 0.0604176 0.0144415
0.848892 0.0184632 0.0725326 0.0177813 0.0221504 0.0201802
0.00562223 0.0252937 0.887972 0.0303369 0.0473873 0.00338747
0.0830395 0.0611866 0.592658 0.0728797 0.054139 0.136097
9.996E-05 0.9995 9.996E-05 9.996E-05 9.996E-05 9.996E-05
0.0744326 0.06016 0.563908 0.0693606 0.0640351 0.168104
0.0939513 0.0454609 0.667175 0.0572361 0.0537266 0.08245
0.0626791 0.0213161 0.796895 0.0164658 0.0119942 0.0906494
0.0421242 0.0793124 0.713891 0.0173171 0.0815914 0.0657644
0.0925388 0.076425 0.592154 0.0810937 0.0905912 0.0671977
0.059679 0.0600779 0.350874 0.0615453 0.086064 0.381759
0.0656786 0.0385636 0.723025 0.0379216 0.0666731 0.0681386
9.996E-05 9.996E-05 9.996E-05 9.996E-05 9.996E-05 0.9995
0.055451 0.0266677 0.736643 0.0354305 0.0738241 0.0719841
9.9964E-05 0.00033052 9.9964E-05 0.99927 9.9964E-05 9.9964E-05
9.996E-05 9.996E-05 9.996E-05 0.9995 9.996E-05 9.996E-05
9.996E-05 9.996E-05 9.996E-05 9.996E-05 0.9995 9.996E-05
0.0438296 0.0390256 0.241866 0.0389358 0.590212 0.0461306
0.0117592 9.9982E-05 0.963875 0.00816247 9.9982E-05 0.0160035
0.9995 9.996E-05 9.996E-05 9.996E-05 9.996E-05 9.996E-05
9.9964E-05 9.9964E-05 0.95274 9.9964E-05 0.0468603 9.9964E-05
0.750071 0.0212972 0.138119 0.0283849 0.0391908 0.0229366
0.00211872 0.0161576 0.899947 0.0327542 0.0489223 9.9991E-05
0.0798488 0.0478139 0.621261 0.0668862 0.0426842 0.141506
9.996E-05 0.9995 9.996E-05 9.996E-05 9.996E-05 9.996E-05
0.0867181 0.0861775 0.544076 0.0555869 0.10578 0.121662
0.0729445 0.0731073 0.591586 0.0660846 0.0542725 0.142005
0.0728692 0.0543797 0.678137 0.064773 0.0660026 0.0638388
0.0824511 0.0624355 0.678639 0.0567597 0.0389389 0.0807754
0.0604406 0.083463 0.648065 0.0486644 0.0904356 0.0689311
0.107765 0.0810037 0.589084 0.0666808 0.0753943 0.0800722
0.00723873 0.0207269 0.0787351 0.0282687 0.0339025 0.831128
0.0808966 0.0540001 0.729638 0.0321064 0.0521251 0.0512337
0.0207897 0.0103206 0.0070358 0.00469617 0.0139425 0.943215
0.0614214 0.0254179 0.798207 0.0274603 0.0203573 0.067136
0.000837544 0.00525915 0.0279236 0.955187 0.00344445 0.00734851
9.996E-05 9.996E-05 9.996E-05 0.9995 9.996E-05 9.996E-05
9.996E-05 9.996E-05 9.996E-05 9.996E-05 0.9995 9.996E-05
0.00902355 0.0188801 0.0254795 0.00899685 0.92647 0.0111498
9.996E-05 9.996E-05 0.9995 9.996E-05 9.996E-05 9.996E-05
0.9995 9.996E-05 9.996E-05 9.996E-05 9.996E-05 9.996E-05
9.9964E-05 9.9964E-05 0.957663 9.9964E-05 0.0419369 9.9964E-05
0.9995 9.996E-05 9.996E-05 9.996E-05 9.996E-05 9.996E-05
0.011383 0.0254681 0.895458 0.0222208 0.0453699 9.9991E-05
0.120586 0.0782979 0.589756 0.0681355 0.0642466 0.0789785
0.00531275 0.987861 9.9973E-05 0.00652675 9.9973E-05 9.9973E-05
0.0960441 0.0947948 0.532327 0.047906 0.110596 0.118331
0.0923302 0.0564574 0.589111 0.0649283 0.0703436 0.126829
0.0744773 0.0577373 0.694258 0.0513202 0.0620419 0.0601655
0.0926138 0.035867 0.679817 0.0452298 0.0414293 0.105043
0.0327699 0.0802739 0.732294 0.0133753 0.0808452 0.0604421
0.112611 0.0813506 0.55034 0.0808185 0.0974035 0.077477
0.00210541 0.0220475 0.0920936 0.0292571 0.0300121 0.824484
0.053938 0.0261373 0.788182 0.0211893 0.0598677 0.0506861
9.996E-05 9.996E-05 9.996E-05 9.996E-05 9.996E-05 0.9995
0.0614142 0.029149 0.80574 0.0249101 0.0203447 0.0584419
9.9991E-05 0.00737741 0.0188865 0.954271 0.00887776 0.0104876
9.996E-05 9.996E-05 9.996E-05 0.9995 9.996E-05 9.996E-05
9.996E-05 9.996E-05 9.996E-05 9.996E-05 0.9995 9.996E-05
9.996E-05 9.996E-05 9.996E-05 9.996E-05 0.9995 9.996E-05
9.996E-05 9.996E-05 0.9995 9.996E-05 9.996E-05 9.996E-05
0.977719 0.00317257 0.00602456 0.00203898 0.010805 0.000239434
0.0593058 0.0221585 0.71003 0.0610551 0.0829984 0.0644523
0.969698 0.0135564 0.00924714 0.000740962 0.00418382 0.00257402
9.996E-05 0.9995 9.996E-05 9.996E-05 9.996E-05 9.996E-05
0.0626188 0.0671834 0.567136 0.0829545 0.0624584 0.157649
0.097985 0.0968672 0.515862 0.0521739 0.123276 0.113836
0.0988056 0.0578237 0.602084 0.0753859 0.0594465 0.106454
0.0774696 0.0527081 0.699388 0.0505141 0.0631342 0.0567858
0.0915321 0.0674887 0.667226 0.049208 0.0363596 0.0881855
0.0328091 0.0891022 0.697138 0.0189436 0.074284 0.0877233
0.0396249 0.0815146 0.72297 0.0148735 0.0800821 0.0609348
0.120508 0.0713113 0.617686 0.0483491 0.0705389 0.0716066
0.000937612 0.0136185 0.0803298 0.0210266 0.0263463 0.857741
0.0483534 0.0357042 0.800122 0.0177048 0.0440242 0.0540916
9.996E-05 9.996E-05 9.996E-05 9.996E-05 9.996E-05 0.9995
0.0645755 0.0277922 0.803982 0.0313067 0.0266438 0.0456993
9.9964E-05 9.9964E-05 9.9964E-05 0.997421 9.9964E-05 0.00217896
0.0013161 0.0162437 0.00203965 0.0101363 0.970164 9.9991E-05
9.996E-05 9.996E-05 0.9995 9.996E-05 9.996E-05 9.996E-05
0.0411364 0.0230735 0.819638 0.0438957 0.0558493 0.0164066
0.0546856 0.0556771 0.652435 0.0790459 0.093565 0.0645913
0.9995 9.996E-05 9.996E-05 9.996E-05 9.996E-05 9.996E-05
9.9973E-05 9.9973E-05 0.951684 9.9973E-05 0.0469456 0.00107072
0.861676 0.0204257 0.0468055 0.025933 0.0255446 0.0196154
9.996E-05 0.9995 9.996E-05 9.996E-05 9.996E-05 9.996E-05
0.0679936 0.0667334 0.559041 0.066241 0.0878404 0.152151
0.0926411 0.085335 0.53016 0.0576115 0.115075 0.119177
0.0870694 0.0592856 0.59008 0.0753038 0.0612248 0.127036
0.0800537 0.0540634 0.706204 0.0356254 0.0252414 0.0988124
0.0788491 0.055428 0.703347 0.0560758 0.0348016 0.0714986
0.0405066 0.0952989 0.70703 0.0137985 0.0699388 0.0734275
0.0525841 0.0745183 0.67482 0.0277556 0.090067 0.0802552
0.114307 0.0722849 0.634752 0.0432248 0.0579613 0.0774697
0.0206545 0.0332945 0.0975149 0.0253139 0.0303552 0.792867
0.0481509 0.0373352 0.761846 0.0349093 0.0599166 0.0578423
9.996E-05 9.996E-05 9.996E-05 9.996E-05 9.996E-05 0.9995
9.996E-05 9.996E-05 9.996E-05 0.9995 9.996E-05 9.996E-05
