9.993E-05 0.999201 9.993E-05 9.993E-05 9.993E-05 9.993E-05 9.993E-05 9.993E-05 9.993E-05
0.00111065 0.00438388 0.943772 9.9973E-05 9.9973E-05 0.00430232 0.0318862 9.9973E-05 0.0142447
9.9964E-05 0.0144025 0.943073 9.9964E-05 9.9964E-05 0.00397859 0.0335596 9.9964E-05 0.00458602
0.999201 9.993E-05 9.993E-05 9.993E-05 9.993E-05 9.993E-05 9.993E-05 9.993E-05 9.993E-05
0.999201 9.993E-05 9.993E-05 9.993E-05 9.993E-05 9.993E-05 9.993E-05 9.993E-05 9.993E-05
0.0310068 0.0591265 0.0598497 0.0260997 0.318306 0.0500811 0.317347 0.0952408 0.0429427
9.993E-05 9.993E-05 9.993E-05 9.993E-05 9.993E-05 0.999201 9.993E-05 9.993E-05 9.993E-05
9.993E-05 9.993E-05 9.993E-05 9.993E-05 0.999201 9.993E-05 9.993E-05 9.993E-05 9.993E-05
0.0295299 0.0639576 0.0177174 0.0907741 0.0276566 0.0585902 0.662365 0.0329241 0.0164854
9.9973E-05 0.000863872 0.0182624 0.00128636 9.9973E-05 0.000860846 9.9973E-05 0.000721883 0.977705
0.0701063 0.0712736 0.054858 0.0895119 0.0227179 0.0667712 0.512743 0.0611364 0.0508816
0.0500414 0.0463272 0.096724 0.0864186 0.0389787 0.072686 0.488759 0.0561656 0.0638996
0.00448618 0.005626 9.9973E-05 9.9973E-05 0.00835242 0.0196369 0.943605 0.0179934 9.9973E-05
9.993E-05 9.993E-05 9.993E-05 9.993E-05 9.993E-05 9.993E-05 0.999201 9.993E-05 9.993E-05
9.9982E-05 0.00939429 0.0215864 0.00560913 9.9982E-05 0.520298 0.365851 0.044195 0.0328665
0.0219224 9.9991E-05 0.0403918 0.0149192 0.0310474 0.0112397 0.792618 0.0199159 0.0678455
0.0201484 9.9982E-05 0.0638926 0.0143939 0.00648422 9.9982E-05 0.754482 0.0959787 0.0444205
0.0562235 0.0640608 0.0714461 0.0453713 0.0322056 0.066123 0.589804 0.0517836 0.0229819
0.0201373 0.025628 0.0277609 0.790771 0.00644936 0.0166558 0.0714048 0.0162969 0.0248958
0.033828 0.0234111 0.0438483 0.043883 0.0186476 0.0237406 0.764897 0.0277134 0.0200311
0.000560564 9.9964E-05 0.00774815 0.984316 0.00558626 9.9964E-05 9.9964E-05 0.00138961 9.9964E-05
0.0107406 0.00735277 9.9964E-05 0.0060706 0.0166023 9.9964E-05 0.958834 9.9964E-05 9.9964E-05
0.00808776 0.914205 0.00115925 9.9964E-05 9.9964E-05 0.0157915 0.060357 9.9964E-05 9.9964E-05
9.993E-05 9.993E-05 0.999201 9.993E-05 9.993E-05 9.993E-05 9.993E-05 9.993E-05 9.993E-05
9.9964E-05 0.0122019 0.910244 9.9964E-05 9.9964E-05 0.0129849 0.0566133 9.9964E-05 0.00755633
0.999201 9.993E-05 9.993E-05 9.993E-05 9.993E-05 9.993E-05 9.993E-05 9.993E-05 9.993E-05
9.993E-05 9.993E-05 9.993E-05 9.993E-05 9.993E-05 0.999201 9.993E-05 9.993E-05 9.993E-05
9.993E-05 9.993E-05 9.993E-05 9.993E-05 0.999201 9.993E-05 9.993E-05 9.993E-05 9.993E-05
0.00465921 0.00427165 0.0131182 9.9973E-05 9.9973E-05 0.942422 0.025932 0.00929671 9.9973E-05
0.00494065 9.9973E-05 0.0128631 0.00625384 0.965956 9.9973E-05 0.00785161 9.9973E-05 0.00183503
0.0274744 0.0385897 9.9982E-05 0.0933286 0.0307776 0.0255474 0.752588 0.0314947 9.9982E-05
9.993E-05 9.993E-05 9.993E-05 9.993E-05 9.993E-05 9.993E-05 9.993E-05 9.993E-05 0.999201
0.065844 0.0992019 0.0840774 0.0944149 0.0347991 0.0948133 0.413639 0.0466019 0.0666082
0.00310564 9.99588E-05 9.99588E-05 9.99588E-05 9.99588E-05 0.0257668 0.953749 0.0168789 9.99588E-05
9.9946E-05 9.9946E-05 9.9946E-05 0.000221578 9.9946E-05 0.00140676 0.997772 9.9946E-05 9.9946E-05
0.0388019 0.0556059 0.0477959 0.0509713 0.014685 0.0459839 0.655093 0.0444583 0.0466046
0.0210577 9.9982E-05 0.0352376 0.0244727 0.0336508 9.9982E-05 0.811375 0.00596975 0.0680363
0.0462001 0.0300512 0.0453428 0.0622094 0.0385282 0.0450599 0.612417 0.0709907 0.0492007
0.00935555 0.00382311 0.0149093 0.00701239 0.00278029 9.9991E-05 0.939355 0.000666654 0.0219981
9.993E-05 9.993E-05 9.993E-05 0.999201 9.993E-05 9.993E-05 9.993E-05 9.993E-05 9.993E-05
0.0210661 0.0414184 0.0258617 0.034725 0.0276998 0.00695575 0.803334 0.0180127 0.0209271
9.993E-05 0.999201 9.993E-05 9.993E-05 9.993E-05 9.993E-05 9.993E-05 9.993E-05 9.993E-05
0.0168329 0.952622 0.00129878 9.9973E-05 9.9973E-05 0.00397738 0.0203021 0.00466692 9.9973E-05
9.993E-05 9.993E-05 0.999201 9.993E-05 9.993E-05 9.993E-05 9.993E-05 9.993E-05 9.993E-05
0.00927072 0.0112444 0.874132 0.000759118 0.00456863 0.0128404 0.0669315 0.00542589 0.0148273
0.999201 9.993E-05 9.993E-05 9.993E-05 9.993E-05 9.993E-05 9.993E-05 9.993E-05 9.993E-05
9.993E-05 9.993E-05 9.993E-05 9.993E-05 9.993E-05 0.999201 9.993E-05 9.993E-05 9.993E-05
9.9955E-05 9.9955E-05 0.000919797 0.00779744 9.9955E-05 9.9955E-05 9.9955E-05 0.988578 0.00220501
9.993E-05 9.993E-05 9.993E-05 9.993E-05 9.993E-05 0.999201 9.993E-05 9.993E-05 9.993E-05
9.993E-05 9.993E-05 9.993E-05 9.993E-05 9.993E-05 9.993E-05 9.993E-05 0.999201 9.993E-05
0.0188994 0.0674072 0.0129679 0.0890951 0.0374187 0.0514775 0.684025 0.0234684 0.0152411
0.00306426 0.0056787 0.00510275 9.9982E-05 0.0035243 0.00209647 9.9982E-05 0.000343835 0.97999
0.03933 0.0474983 0.0458918 0.0970953 0.0402899 0.0480107 0.602966 0.0393734 0.0395445
0.010267 0.019627 9.9973E-05 9.9973E-05 0.00685897 0.0166098 0.930751 0.0155859 9.9973E-05
9.9973E-05 0.00741694 9.9973E-05 0.00284398 0.00284318 0.00676537 0.977417 0.00241356 9.9973E-05
0.0573714 0.0593425 0.0532255 0.0440609 0.0174746 0.067563 0.567994 0.0691039 0.0638642
0.0233087 9.9982E-05 0.0380531 0.0300402 0.0330227 9.9982E-05 0.80796 0.00916546 0.0582494
0.0419751 0.0369206 0.0660106 0.392595 0.022836 0.0423336 0.337746 0.0198502 0.0397329
0.020755 0.0118417 0.0382027 0.0202909 0.0120244 0.015136 0.859517 9.9991E-05 0.0221321
9.993E-05 9.993E-05 9.993E-05 0.999201 9.993E-05 9.993E-05 9.993E-05 9.993E-05 9.993E-05
9.9937E-05 0.000645551 9.9937E-05 9.9937E-05 9.9937E-05 9.9937E-05 0.998655 9.9937E-05 9.9937E-05
9.9946E-05 0.982741 0.0163845 0.000275331 9.9946E-05 9.9946E-05 9.9946E-05 9.9946E-05 9.9946E-05
0.0121797 0.948274 9.9955E-05 9.9955E-05 9.9955E-05 0.00725482 0.0317915 9.9955E-05 9.9955E-05
9.993E-05 9.993E-05 0.999201 9.993E-05 9.993E-05 9.993E-05 9.993E-05 9.993E-05 9.993E-05
0.018025 0.0392802 0.561883 0.0474674 0.0439294 0.0248928 0.214194 0.0225629 0.0277651
0.960909 0.00208695 9.9973E-05 9.9973E-05 0.00296419 9.9973E-05 0.0228538 0.0057423 0.00514378
0.00636006 0.005709 0.00714445 0.00734313 9.9973E-05 0.967049 9.9973E-05 9.9973E-05 0.00609436
0.00717639 0.0066657 0.0134608 0.0201541 0.940233 9.9982E-05 0.00189025 9.9982E-05 0.0102197
0.00407045 0.0328769 0.0123006 0.0250255 0.0126239 0.852712 0.0290332 0.0119155 0.0194421
9.993E-05 9.993E-05 9.993E-05 9.993E-05 9.993E-05 9.993E-05 9.993E-05 0.999201 9.993E-05
0.0318687 0.0661301 0.0316604 0.0849449 0.0358023 0.0447451 0.647468 0.0186247 0.0387563
9.993E-05 9.993E-05 9.993E-05 9.993E-05 9.993E-05 9.993E-05 9.993E-05 9.993E-05 0.999201
0.0312697 0.0544982 0.0379986 0.10782 0.0335079 0.0505622 0.610553 0.0298759 0.043915
0.0342552 0.0400606 0.0229787 0.0239441 0.0390482 0.0459575 0.778705 0.0060452 0.00900555
9.9946E-05 9.9946E-05 9.9946E-05 0.00290562 9.9946E-05 0.00361387 0.992881 9.9946E-05 9.9946E-05
0.01501 0.000310545 0.0571607 0.0256377 0.00542255 9.9991E-05 0.743811 0.104224 0.0483235
0.0629242 0.0480079 0.0481697 0.0365102 0.00471364 0.052877 0.604358 0.0713104 0.0711295
0.0317954 0.0533986 0.0704903 0.340608 0.0347007 0.0477326 0.353104 0.0295709 0.0385998
9.9982E-05 0.00522388 0.0305226 0.0088981 0.0147288 0.00890587 0.922694 9.9982E-05 0.00882718
9.993E-05 9.993E-05 9.993E-05 0.999201 9.993E-05 9.993E-05 9.993E-05 9.993E-05 9.993E-05
0.0115054 0.018201 0.030175 0.0222432 0.0193296 9.9991E-05 0.890986 0.000900163 0.00655963
9.993E-05 0.999201 9.993E-05 9.993E-05 9.993E-05 9.993E-05 9.993E-05 9.993E-05 9.993E-05
9.993E-05 0.999201 9.993E-05 9.993E-05 9.993E-05 9.993E-05 9.993E-05 9.993E-05 9.993E-05
9.993E-05 9.993E-05 0.999201 9.993E-05 9.993E-05 9.993E-05 9.993E-05 9.993E-05 9.993E-05
0.0225891 0.0369712 0.570169 0.0316439 0.039058 0.0259835 0.209947 0.0277647 0.0358737
0.835917 0.00496346 0.0162195 0.0129543 0.017677 0.0142515 0.07833 0.00589175 0.0137957
9.993E-05 9.993E-05 9.993E-05 9.993E-05 9.993E-05 0.999201 9.993E-05 9.993E-05 9.993E-05
9.993E-05 9.993E-05 9.993E-05 9.993E-05 0.999201 9.993E-05 9.993E-05 9.993E-05 9.993E-05
0.0190098 0.032697 0.032169 0.0147347 0.0161067 0.743811 0.100463 0.0179155 0.023093
9.993E-05 9.993E-05 9.993E-05 9.993E-05 9.993E-05 9.993E-05 9.993E-05 0.999201 9.993E-05
0.0160705 0.0635644 0.0157249 0.0938921 0.04306 0.0322741 0.697306 0.0249595 0.0131488
9.993E-05 9.993E-05 9.993E-05 9.993E-05 9.993E-05 9.993E-05 9.993E-05 9.993E-05 0.999201
0.053092 0.0416794 0.0803397 0.0748065 0.0165323 0.0512545 0.523168 0.0913631 0.0677643
0.0278347 0.0516166 0.017314 0.0971245 0.0316983 0.029886 0.671858 0.031653 0.0410145
0.0358245 0.0325526 0.0338734 0.00808411 9.9991E-05 0.0176259 0.806311 0.0428923 0.0227361
0.017748 0.0337666 0.00106265 0.0327712 9.9991E-05 0.0259834 0.848306 0.0195982 0.0206644
0.0402012 0.0282681 0.0715526 0.037561 0.0352029 0.0318846 0.617264 0.0889799 0.0490857
0.0678096 0.0552409 0.0519994 0.0425322 0.0155996 0.0546126 0.566931 0.0655981 0.0796762
0.0206616 0.0111452 0.028611 0.815292 0.00901854 9.9982E-05 0.10041 9.9982E-05 0.0146618
0.00329632 0.0113788 0.0112773 0.00625469 9.9991E-05 0.00523038 0.936595 0.0017013 0.0241666
0.000495039 0.00903571 0.012705 0.933826 0.00641638 0.0100684 0.00534197 0.0220111 9.9991E-05
9.993E-05 9.993E-05 9.993E-05 9.993E-05 9.993E-05 9.993E-05 0.999201 9.993E-05 9.993E-05
9.9964E-05 0.957795 0.0203244 0.00929615 0.00511741 9.9964E-05 9.9964E-05 0.00706759 9.9964E-05
9.993E-05 0.999201 9.993E-05 9.993E-05 9.993E-05 9.993E-05 9.993E-05 9.993E-05 9.993E-05
9.993E-05 9.993E-05 0.999201 9.993E-05 9.993E-05 9.993E-05 9.993E-05 9.993E-05 9.993E-05
0.00545859 0.0173209 0.909825 0.00293911 9.9982E-05 0.00775743 0.0437233 9.9982E-05 0.0127756
0.994865 0.00443586 9.9937E-05 9.9937E-05 9.9937E-05 9.9937E-05 9.9937E-05 9.9937E-05 9.9937E-05
9.993E-05 9.993E-05 9.993E-05 9.993E-05 9.993E-05 0.999201 9.993E-05 9.993E-05 9.993E-05
9.993E-05 9.993E-05 9.993E-05 9.993E-05 0.999201 9.993E-05 9.993E-05 9.993E-05 9.993E-05
9.993E-05 9.993E-05 9.993E-05 9.993E-05 9.993E-05 0.999201 9.993E-05 9.993E-05 9.993E-05
9.993E-05 9.993E-05 9.993E-05 9.993E-05 9.993E-05 9.993E-05 9.993E-05 0.999201 9.993E-05
0.0427399 0.0581517 0.0352701 0.0374086 0.00067742 0.0778356 0.623664 0.0630733 0.061179
0.00125892 0.00134267 9.9973E-05 9.9973E-05 0.00591697 0.00312328 9.9973E-05 0.00581136 0.982247
0.05252 0.037001 0.0793955 0.0951078 0.0125553 0.0520728 0.506364 0.100593 0.0643903
0.0448457 0.0484793 0.0404859 0.0948965 0.0253539 0.0687094 0.576672 0.0620313 0.0385265
0.04449 0.0352609 0.0185178 0.00603498 9.9991E-05 0.0194167 0.816625 0.0465548 0.0129994
0.0057846 0.0194113 0.0103904 0.0422879 9.9991E-05 0.0243061 0.862799 0.0266204 0.0083001
0.0188364 9.9973E-05 0.045428 0.0072706 9.9973E-05 9.9973E-05 0.781692 0.105516 0.0409571
0.0493913 0.0626484 0.0633326 0.051898 0.0225062 0.0788324 0.571704 0.0413436 0.0583435
0.023091 0.0146115 0.0293754 0.816803 0.0119528 9.9982E-05 0.0921798 9.9982E-05 0.0117865
9.99369E-05 9.99369E-05 0.00837687 9.99369E-05 9.99369E-05 9.99369E-05 0.990924 9.99369E-05 9.99369E-05
9.993E-05 9.993E-05 9.993E-05 0.999201 9.993E-05 9.993E-05 9.993E-05 9.993E-05 9.993E-05
0.0036331 9.9937E-05 9.9937E-05 9.9937E-05 9.9937E-05 9.9937E-05 0.995667 9.9937E-05 9.9937E-05
9.9964E-05 0.959034 9.9964E-05 0.0122966 0.00500915 9.9964E-05 9.9964E-05 0.0132055 0.0100545
0.00451714 0.994528 9.9946E-05 9.9946E-05 9.9946E-05 9.9946E-05 0.000355194 9.9946E-05 9.9946E-05
9.993E-05 9.993E-05 0.999201 9.993E-05 9.993E-05 9.993E-05 9.993E-05 9.993E-05 9.993E-05
9.993E-05 9.993E-05 0.999201 9.993E-05 9.993E-05 9.993E-05 9.993E-05 9.993E-05 9.993E-05
0.978935 0.00434449 9.9964E-05 0.005068 9.9964E-05 9.9964E-05 9.9964E-05 0.0103985 0.000854407
9.9946E-05 9.9946E-05 0.0181651 9.9946E-05 0.00331649 0.977919 9.9946E-05 9.9946E-05 9.9946E-05
0.054772 0.0483104 0.0439423 0.0466128 0.182709 0.0427592 0.240425 0.336738 0.00373172
0.00140536 0.0113292 0.00285869 0.00477666 0.00169817 0.96105 0.0105897 9.9991E-05 0.00619193
0.00270722 0.00372822 0.00307547 0.000944461 9.9964E-05 9.9964E-05 9.9964E-05 9.9964E-05 0.989145
0.0313169 0.0684788 0.0363447 0.138249 0.0381096 0.0206803 0.613687 0.0161467 0.0369868
0.0514949 0.0182529 0.0904639 0.0894682 0.0120579 0.0577104 0.524892 0.0881358 0.0675235
0.0673438 0.0662042 0.0246315 0.069673 0.0474048 0.0631311 0.566441 0.0579125 0.0372584
0.0440172 0.0292615 0.017246 0.00448072 0.00730571 0.0190059 0.807894 0.0489463 0.0218427
0.0327527 0.0296229 0.00476297 0.0295511 0.0301945 0.0463281 0.776436 0.0234271 0.0269246
0.0204647 9.9991E-05 0.0398417 0.0360821 0.0276044 0.00438896 0.806529 0.00390143 0.0610874
0.0145939 9.9982E-05 0.0423838 0.0152809 0.00301362 9.9982E-05 0.778822 0.105643 0.0400622
0.0498026 0.0270943 0.0411151 0.0396769 0.00248559 0.0830697 0.650632 0.0717987 0.0343252
0.0212585 0.0128248 0.0258931 0.844907 9.9973E-05 9.9973E-05 0.0746402 9.9973E-05 0.0201766
9.993E-05 9.993E-05 9.993E-05 9.993E-05 9.993E-05 9.993E-05 0.999201 9.993E-05 9.993E-05
9.993E-05 9.993E-05 9.993E-05 0.999201 9.993E-05 9.993E-05 9.993E-05 9.993E-05 9.993E-05
0.00554992 9.9937E-05 9.9937E-05 9.9937E-05 9.9937E-05 9.9937E-05 0.993751 9.9937E-05 9.9937E-05
9.9937E-05 0.995529 9.9937E-05 0.00377124 9.9937E-05 9.9937E-05 9.9937E-05 9.9937E-05 9.9937E-05
9.9964E-05 0.00806642 0.960893 9.9964E-05 9.9964E-05 0.00153907 0.0282401 9.9964E-05 0.000861281
0.999201 9.993E-05 9.993E-05 9.993E-05 9.993E-05 9.993E-05 9.993E-05 9.993E-05 9.993E-05
0.489419 0.0499963 0.0654088 0.0090441 0.0286009 0.0320305 0.29655 0.0160155 0.0129346
0.02874 0.0650875 0.0682363 0.0431712 0.166579 0.0336549 0.355553 0.20071 0.038268
9.993E-05 9.993E-05 9.993E-05 9.993E-05 9.993E-05 0.999201 9.993E-05 9.993E-05 9.993E-05
9.993E-05 9.993E-05 9.993E-05 9.993E-05 0.999201 9.993E-05 9.993E-05 9.993E-05 9.993E-05
0.00956304 0.0223272 0.0208388 0.0180427 0.0165607 0.844023 0.0461402 0.00556147 0.0169425
9.993E-05 9.993E-05 9.993E-05 9.993E-05 9.993E-05 9.993E-05 9.993E-05 9.993E-05 0.999201
0.044409 0.0474155 0.0503748 0.119309 0.0317299 0.0406173 0.597908 0.0386541 0.0295832
0.0502008 0.0486659 0.0921178 0.0962146 0.0424066 0.0604044 0.486558 0.064011 0.0594213
0.0506534 0.0516642 0.0569539 0.0931232 0.0388502 0.0477747 0.596855 0.0214925 0.0426324
0.0421201 0.0123143 0.00385007 0.0391096 0.0306766 0.0305935 0.808853 0.0148842 0.017599
9.9991E-05 0.0329081 0.00478696 0.00604246 0.0164519 0.0228876 0.877445 0.0158643 0.0235135
0.0301804 9.9982E-05 0.0462179 0.0133951 0.0295241 9.9982E-05 0.785154 0.0283165 0.0670119
0.0313528 0.0130954 0.0711184 0.0449043 0.0181658 0.0137927 0.68927 0.0804439 0.037857
0.055175 0.0271516 0.0438344 0.0426154 9.9991E-05 0.0749924 0.646195 0.0687426 0.0411936
0.0195957 0.0214842 0.0323253 0.788396 0.00437361 0.00768495 0.0941323 9.9991E-05 0.0319076
9.9937E-05 9.9937E-05 0.00750723 9.9937E-05 9.9937E-05 9.9937E-05 0.991793 9.9937E-05 9.9937E-05
9.993E-05 9.993E-05 9.993E-05 0.999201 9.993E-05 9.993E-05 9.993E-05 9.993E-05 9.993E-05
9.993E-05 0.999201 9.993E-05 9.993E-05 9.993E-05 9.993E-05 9.993E-05 9.993E-05 9.993E-05
