9.993E-05 9.993E-05 0.999201 9.993E-05 9.993E-05 9.993E-05 9.993E-05 9.993E-05 9.993E-05
9.9964E-05 0.0117137 9.9964E-05 0.0196787 0.0208461 9.9964E-05 0.00501744 9.9964E-05 0.942344
0.00228399 0.008466 9.9964E-05 0.0265167 0.013606 9.9964E-05 9.9964E-05 9.9964E-05 0.948727
9.993E-05 9.993E-05 9.993E-05 9.993E-05 9.993E-05 9.993E-05 9.993E-05 0.999201 9.993E-05
9.993E-05 9.993E-05 9.993E-05 9.993E-05 9.993E-05 9.993E-05 9.993E-05 0.999201 9.993E-05
0.0207945 0.218902 0.0736335 0.10129 0.0341539 0.401061 0.0559525 0.0316177 0.0625948
9.993E-05 9.993E-05 9.993E-05 9.993E-05 9.993E-05 9.993E-05 0.999201 9.993E-05 9.993E-05
9.993E-05 9.993E-05 9.993E-05 9.993E-05 9.993E-05 0.999201 9.993E-05 9.993E-05 9.993E-05
0.0901668 0.618082 0.046965 0.0670441 0.0176236 0.0471329 0.0432925 0.031871 0.0378221
0.0034792 9.9955E-05 9.9955E-05 9.9955E-05 0.977838 9.9955E-05 0.00422113 9.9955E-05 0.0139618
0.097125 0.43197 0.0716059 0.112974 0.0442474 0.0699346 0.0540446 0.069051 0.0490477
0.0973382 0.341568 0.0499517 0.170708 0.0652545 0.0751828 0.0644709 0.0414192 0.0941064
9.9973E-05 0.927478 0.00391475 0.00933476 9.9973E-05 0.025581 0.0231555 0.0102362 9.9973E-05
9.993E-05 0.999201 9.993E-05 9.993E-05 9.993E-05 9.993E-05 9.993E-05 9.993E-05 9.993E-05
9.999E-05 0.252806 0.0153344 0.128415 0.0258136 0.0037954 0.539848 0.0146056 0.0192819
9.993E-05 9.993E-05 9.993E-05 0.999201 9.993E-05 9.993E-05 9.993E-05 9.993E-05 9.993E-05
9.9964E-05 0.0159389 9.9964E-05 0.970031 9.9964E-05 9.9964E-05 0.00173998 0.00393131 0.00795903
0.0526319 0.456323 0.0614003 0.174309 0.0250938 0.0444733 0.0732448 0.0524219 0.0601015
0.795789 0.05223 0.024213 0.0301794 0.0317025 0.00114459 0.00800368 0.0229526 0.0337852
0.046592 0.742722 0.0355116 0.0216999 0.0170077 0.0220599 0.0334792 0.0324055 0.0485219
0.981739 0.00294209 9.9964E-05 0.00367246 9.9964E-05 0.00660659 9.9964E-05 9.9964E-05 0.00463953
0.00269003 0.965386 9.9973E-05 0.00316146 9.9973E-05 0.00308761 9.9973E-05 0.0144695 0.010906
9.9973E-05 0.0521127 0.91776 9.9973E-05 0.00666312 9.9973E-05 0.0166478 0.00161168 0.00490439
9.993E-05 9.993E-05 9.993E-05 9.993E-05 9.993E-05 9.993E-05 9.993E-05 9.993E-05 0.999201
9.9982E-05 0.0233695 0.0132636 0.0175103 0.0172422 9.9982E-05 0.0146024 0.000383 0.913429
9.993E-05 9.993E-05 9.993E-05 9.993E-05 9.993E-05 9.993E-05 9.993E-05 0.999201 9.993E-05
9.993E-05 9.993E-05 9.993E-05 9.993E-05 9.993E-05 9.993E-05 0.999201 9.993E-05 9.993E-05
9.993E-05 9.993E-05 9.993E-05 9.993E-05 9.993E-05 0.999201 9.993E-05 9.993E-05 9.993E-05
0.0076942 0.00378678 0.00780474 0.0112947 0.0132803 0.00519851 0.92411 0.0163989 0.0104316
9.993E-05 9.993E-05 9.993E-05 9.993E-05 9.993E-05 0.999201 9.993E-05 9.993E-05 9.993E-05
0.0913833 0.658851 0.0381376 0.0532162 0.00153472 0.0707798 0.0358434 0.0338963 0.0163582
9.993E-05 9.993E-05 9.993E-05 9.993E-05 0.999201 9.993E-05 9.993E-05 9.993E-05 9.993E-05
0.0801317 0.312721 0.094332 0.113406 0.0595713 0.0728682 0.101201 0.0639162 0.101852
9.9973E-05 0.948367 0.00396141 9.9973E-05 0.000410177 0.0191721 0.0198319 0.00795713 9.9973E-05
9.993E-05 0.999201 9.993E-05 9.993E-05 9.993E-05 9.993E-05 9.993E-05 9.993E-05 9.993E-05
0.0524104 0.44534 0.0537387 0.240551 0.0454185 0.0261578 0.0510888 0.0363522 0.0489426
9.993E-05 9.993E-05 9.993E-05 0.999201 9.993E-05 9.993E-05 9.993E-05 9.993E-05 9.993E-05
0.0537029 0.22731 0.0299459 0.493388 0.0219202 0.0632418 0.053735 0.0407109 0.0160447
0.0179477 0.931675 9.9982E-05 9.9982E-05 0.0131633 0.0157476 0.00179921 0.00395578 0.0155117
0.999201 9.993E-05 9.993E-05 9.993E-05 9.993E-05 9.993E-05 9.993E-05 9.993E-05 9.993E-05
0.0332508 0.757754 0.0326782 0.0535888 0.0244172 0.0336481 0.00830465 0.0213813 0.0349766
9.993E-05 9.993E-05 0.999201 9.993E-05 9.993E-05 9.993E-05 9.993E-05 9.993E-05 9.993E-05
9.9964E-05 0.0260571 0.956741 9.9964E-05 0.000215043 9.9964E-05 0.00450907 0.0120775 9.9964E-05
9.993E-05 9.993E-05 9.993E-05 9.993E-05 9.993E-05 9.993E-05 9.993E-05 9.993E-05 0.999201
0.000501224 0.0577796 0.0113568 0.0197456 0.0175411 0.0138222 0.00353184 0.00468374 0.871038
9.993E-05 9.993E-05 9.993E-05 9.993E-05 9.993E-05 9.993E-05 9.993E-05 0.999201 9.993E-05
9.993E-05 9.993E-05 9.993E-05 9.993E-05 9.993E-05 9.993E-05 0.999201 9.993E-05 9.993E-05
0.00783967 0.208621 0.0228245 0.106181 0.0361739 0.570249 0.0129543 0.0148123 0.0203436
9.993E-05 9.993E-05 9.993E-05 9.993E-05 9.993E-05 9.993E-05 0.999201 9.993E-05 9.993E-05
9.999E-05 0.188806 0.0379455 0.122245 0.0303086 0.570908 0.0203634 0.0144536 0.0148702
0.0875267 0.592016 0.057167 0.0648012 0.0167444 0.0655344 0.0558124 0.0378284 0.0225699
0.000158322 9.9973E-05 0.00177782 9.9973E-05 0.983637 0.00336874 0.00905825 9.9973E-05 0.00169984
0.0983846 0.522295 0.0573088 0.0895 0.0382585 0.04741 0.0491606 0.049933 0.0477499
9.999E-05 0.930355 0.00756001 0.00142553 0.00400628 0.0191713 0.0225697 0.0100317 0.00478062
0.0133468 0.941067 0.00796801 9.9982E-05 0.00347902 0.0134479 0.0134232 9.9982E-05 0.00706761
0.0361691 0.406705 0.0573624 0.205146 0.0740392 0.0435394 0.0643585 0.0636242 0.0490566
9.993E-05 9.993E-05 9.993E-05 0.999201 9.993E-05 9.993E-05 9.993E-05 9.993E-05 9.993E-05
0.390911 0.281477 0.0444789 0.0521151 0.0369474 0.0464505 0.0462495 0.0386466 0.0627245
0.0177708 0.825655 0.00817088 0.00379853 0.0166873 0.0263328 0.0307575 0.028366 0.0424612
0.999201 9.993E-05 9.993E-05 9.993E-05 9.993E-05 9.993E-05 9.993E-05 9.993E-05 9.993E-05
9.9937E-05 0.994475 9.9937E-05 9.9937E-05 9.9937E-05 9.9937E-05 9.9937E-05 9.9937E-05 0.00482519
0.00417681 9.9955E-05 0.987648 0.00293684 9.9955E-05 9.9955E-05 9.9955E-05 9.9955E-05 0.004739
9.9964E-05 0.0330489 0.944023 0.00518768 9.9964E-05 9.9964E-05 0.0081483 0.00919219 9.9964E-05
9.993E-05 9.993E-05 9.993E-05 9.993E-05 9.993E-05 9.993E-05 9.993E-05 9.993E-05 0.999201
0.0430753 0.17001 0.0285222 0.051848 0.0307627 0.047643 0.0317121 0.0308182 0.565609
0.00938032 9.9964E-05 0.0162157 0.00239663 0.0059492 9.9964E-05 9.9964E-05 0.965658 9.9964E-05
9.9964E-05 9.9964E-05 0.00605139 0.00980179 9.9964E-05 0.00785307 0.9726 9.9964E-05 0.00329371
0.0110869 9.9955E-05 9.9955E-05 9.9955E-05 0.000636029 0.982142 9.9955E-05 9.9955E-05 0.00563487
0.0136226 0.0175964 0.0199741 0.0197553 0.0124178 0.0255134 0.855353 0.0197841 0.0159834
0.00048383 0.178716 0.0255072 0.128317 0.0188716 0.608253 0.018873 0.0127239 0.00825339
0.0944107 0.544025 0.0636717 0.0625242 0.0324913 0.0670643 0.0525252 0.046391 0.036897
9.993E-05 9.993E-05 9.993E-05 9.993E-05 0.999201 9.993E-05 9.993E-05 9.993E-05 9.993E-05
0.102587 0.540022 0.0571414 0.0690249 0.049837 0.0391037 0.0419064 0.0516254 0.0487518
0.0285984 0.707072 0.0427407 0.071434 0.011206 0.0332065 0.0493727 0.0256067 0.0307634
9.993E-05 0.999201 9.993E-05 9.993E-05 9.993E-05 9.993E-05 9.993E-05 9.993E-05 9.993E-05
0.000940187 0.0261459 0.00124752 0.943429 9.9982E-05 9.9982E-05 0.00330179 0.000995498 0.0237399
0.0297743 0.427901 0.0528738 0.177276 0.0678468 0.0462543 0.0650646 0.0768235 0.0561859
0.34881 0.251499 0.0680917 0.0602012 0.0427392 0.065025 0.0473738 0.0559747 0.0602859
0.0162766 0.916445 0.00854133 9.9991E-05 0.00986063 0.0219356 0.00505402 0.00265775 0.019129
0.999201 9.993E-05 9.993E-05 9.993E-05 9.993E-05 9.993E-05 9.993E-05 9.993E-05 9.993E-05
0.0215651 0.837924 0.00923792 0.0486523 0.00577224 0.02917 9.9991E-05 0.0186954 0.0288832
0.000889091 9.9946E-05 0.99707 9.9946E-05 9.9946E-05 0.001441 9.9946E-05 9.9946E-05 9.9946E-05
9.993E-05 9.993E-05 0.999201 9.993E-05 9.993E-05 9.993E-05 9.993E-05 9.993E-05 9.993E-05
9.993E-05 9.993E-05 9.993E-05 9.993E-05 9.993E-05 9.993E-05 9.993E-05 9.993E-05 0.999201
0.0396317 0.156067 0.0351069 0.070725 0.0361603 0.0304738 0.0315205 0.0380525 0.562263
0.0193867 0.0660496 0.00411601 9.9991E-05 0.014742 0.0167898 0.020778 0.839893 0.0181448
9.993E-05 9.993E-05 9.993E-05 9.993E-05 9.993E-05 9.993E-05 0.999201 9.993E-05 9.993E-05
9.993E-05 9.993E-05 9.993E-05 9.993E-05 9.993E-05 0.999201 9.993E-05 9.993E-05 9.993E-05
0.00346597 0.0703583 0.038517 0.026056 0.0325312 0.0344091 0.747048 0.0215785 0.0260356
9.9991E-05 0.194011 0.0202435 0.120917 0.0204743 0.609213 0.02102 0.00675204 0.00726899
0.0856167 0.613666 0.0571444 0.069646 0.021484 0.057539 0.03618 0.0334578 0.0252663
9.993E-05 9.993E-05 9.993E-05 9.993E-05 0.999201 9.993E-05 9.993E-05 9.993E-05 9.993E-05
0.0794924 0.350981 0.0469223 0.230282 0.0586258 0.0531272 0.0574177 0.0515383 0.0716131
0.0878439 0.571141 0.0479272 0.0802551 0.0446236 0.0453245 0.0391184 0.050197 0.0335692
0.0176074 0.753665 0.0309787 0.07016 0.0129891 0.0273726 0.0214983 0.0309943 0.0347341
0.0301805 0.808214 0.031905 0.0273751 0.0246109 0.0189138 0.0283204 0.0226057 0.00787462
0.0294701 0.166859 0.038796 0.576535 0.0212978 0.0628067 0.0290384 0.0322024 0.0429946
0.0354665 0.426199 0.0624872 0.194241 0.0627256 0.0406348 0.0602089 0.0701711 0.0478663
0.826139 0.0527645 0.0144083 0.0401877 0.0206551 9.9991E-05 0.00324929 0.0193994 0.0230962
0.00918781 0.910857 0.00230855 9.9991E-05 0.0137786 0.0170813 0.0155128 0.0139916 0.017182
0.933137 9.9991E-05 0.0149726 0.00903973 0.00322497 0.00234743 0.0187649 0.00435287 0.0140604
9.993E-05 0.999201 9.993E-05 9.993E-05 9.993E-05 9.993E-05 9.993E-05 9.993E-05 9.993E-05
0.00891199 9.9973E-05 0.949301 0.0176434 9.9973E-05 0.0106715 0.00449152 9.9973E-05 0.00868013
9.993E-05 9.993E-05 0.999201 9.993E-05 9.993E-05 9.993E-05 9.993E-05 9.993E-05 9.993E-05
9.993E-05 9.993E-05 9.993E-05 9.993E-05 9.993E-05 9.993E-05 9.993E-05 9.993E-05 0.999201
9.9991E-05 0.0145996 0.00732962 0.0411893 0.0113474 0.0024271 0.00611499 0.00410251 0.912789
9.993E-05 9.993E-05 9.993E-05 9.993E-05 9.993E-05 9.993E-05 9.993E-05 0.999201 9.993E-05
9.993E-05 9.993E-05 9.993E-05 9.993E-05 9.993E-05 9.993E-05 0.999201 9.993E-05 9.993E-05
9.993E-05 9.993E-05 9.993E-05 9.993E-05 9.993E-05 0.999201 9.993E-05 9.993E-05 9.993E-05
9.993E-05 9.993E-05 9.993E-05 9.993E-05 9.993E-05 9.993E-05 0.999201 9.993E-05 9.993E-05
9.9991E-05 0.184853 0.0150049 0.119835 0.0272716 0.613265 0.014427 0.00821025 0.0170332
0.0443918 0.460578 0.0525725 0.1973 0.0533177 0.0201678 0.0861022 0.0450448 0.0405252
9.9955E-05 9.9955E-05 9.9955E-05 9.9955E-05 0.975936 0.00184512 0.0131226 0.00859638 9.9955E-05
0.0781362 0.319696 0.0441663 0.2388 0.0648581 0.0629448 0.0562865 0.0471069 0.088005
0.0847191 0.512692 0.0517885 0.0762722 0.0398324 0.0686391 0.0575453 0.0485969 0.059914
0.00900742 0.750891 0.0328064 0.0764442 0.0184997 0.0276326 0.017665 0.0401632 0.0268907
0.0409346 0.795601 0.00789827 0.0624946 0.0184966 0.0209896 0.0252442 0.0124203 0.0159208
9.993E-05 9.993E-05 9.993E-05 0.999201 9.993E-05 9.993E-05 9.993E-05 9.993E-05 9.993E-05
0.0548399 0.402033 0.0619749 0.17695 0.0559258 0.0457885 0.0767956 0.0537091 0.0719839
0.823449 0.038339 0.0128821 0.0299578 0.0314287 0.0181855 0.00740497 0.0138891 0.0244643
9.99369E-05 0.990885 9.99369E-05 9.99369E-05 9.99369E-05 9.99369E-05 9.99369E-05 9.99369E-05 0.00841497
0.999201 9.993E-05 9.993E-05 9.993E-05 9.993E-05 9.993E-05 9.993E-05 9.993E-05 9.993E-05
9.993E-05 0.999201 9.993E-05 9.993E-05 9.993E-05 9.993E-05 9.993E-05 9.993E-05 9.993E-05
0.0168734 9.9964E-05 0.958869 0.0180218 9.9964E-05 0.00116523 9.9964E-05 9.9964E-05 0.00467045
9.9946E-05 9.9946E-05 0.996176 9.9946E-05 9.9946E-05 9.9946E-05 0.000418295 0.00280652 9.9946E-05
9.993E-05 9.993E-05 9.993E-05 9.993E-05 9.993E-05 9.993E-05 9.993E-05 9.993E-05 0.999201
9.993E-05 9.993E-05 9.993E-05 9.993E-05 9.993E-05 9.993E-05 9.993E-05 9.993E-05 0.999201
0.00670399 9.9973E-05 9.9973E-05 9.9973E-05 0.000846975 0.0104405 0.00887598 0.967304 0.00552907
9.9955E-05 0.0124932 9.9955E-05 9.9955E-05 9.9955E-05 0.00564756 0.977876 9.9955E-05 0.003483
0.0508144 0.239523 0.0444336 0.108708 0.0229522 0.393582 0.0501279 0.049666 0.040194
0.0125683 0.00961332 0.00161769 9.9991E-05 0.0049397 0.00366046 0.950961 0.00698068 0.00955882
9.9946E-05 9.9946E-05 0.0124651 9.9946E-05 0.982522 9.9946E-05 9.9946E-05 9.9946E-05 0.00441273
0.131902 0.513682 0.0615838 0.090332 0.0384729 0.0584893 0.033516 0.0286301 0.0433925
0.0733356 0.334168 0.0379444 0.245745 0.0659528 0.0556491 0.0551992 0.051178 0.0808279
0.0834845 0.44763 0.067628 0.118164 0.0396322 0.0748514 0.0592831 0.0778075 0.0315195
0.00420255 0.751406 0.0336847 0.0649764 0.00890846 0.0340027 0.027355 0.0441071 0.0313568
0.0315156 0.704869 0.0281376 0.0612811 0.0365568 0.0550559 0.0404067 0.033844 0.00833306
9.993E-05 9.993E-05 9.993E-05 0.999201 9.993E-05 9.993E-05 9.993E-05 9.993E-05 9.993E-05
9.9937E-05 9.9937E-05 9.9937E-05 0.990168 9.9937E-05 9.9937E-05 9.9937E-05 9.9937E-05 0.00913273
0.0461311 0.427714 0.0287308 0.225403 0.0325817 0.0350323 0.0937856 0.0702695 0.0403518
0.852848 0.0427066 0.0139828 0.0214057 0.0213708 9.9991E-05 0.00151726 0.0217348 0.0243342
9.993E-05 0.999201 9.993E-05 9.993E-05 9.993E-05 9.993E-05 9.993E-05 9.993E-05 9.993E-05
0.999201 9.993E-05 9.993E-05 9.993E-05 9.993E-05 9.993E-05 9.993E-05 9.993E-05 9.993E-05
9.9937E-05 0.995853 9.9937E-05 9.9937E-05 9.9937E-05 9.9937E-05 9.9937E-05 0.00344751 9.9937E-05
0.000184414 9.9937E-05 0.999116 9.9937E-05 9.9937E-05 9.9937E-05 9.9937E-05 9.9937E-05 9.9937E-05
9.9964E-05 9.9964E-05 0.00807815 0.0235521 0.00621706 9.9964E-05 0.00360245 9.9964E-05 0.95815
9.993E-05 9.993E-05 9.993E-05 9.993E-05 9.993E-05 9.993E-05 9.993E-05 0.999201 9.993E-05
0.00619077 0.253803 0.0506095 0.0652052 0.0198801 0.0330716 0.0351003 0.475637 0.0605026
0.0415461 0.314354 0.0682521 0.124517 0.0346082 0.293167 0.0310393 0.0340671 0.0584503
9.993E-05 9.993E-05 9.993E-05 9.993E-05 9.993E-05 9.993E-05 0.999201 9.993E-05 9.993E-05
9.993E-05 9.993E-05 9.993E-05 9.993E-05 9.993E-05 0.999201 9.993E-05 9.993E-05 9.993E-05
0.0124752 0.0310167 0.0175296 0.0181012 0.00704894 0.0130033 0.86476 0.0168549 0.0192098
9.993E-05 9.993E-05 9.993E-05 9.993E-05 0.999201 9.993E-05 9.993E-05 9.993E-05 9.993E-05
0.109621 0.515317 0.0472715 0.0871841 0.0352307 0.0609432 0.0472921 0.0448673 0.0522729
0.0934751 0.341815 0.057663 0.178654 0.0558722 0.0822797 0.0626638 0.0508785 0.076699
0.0785348 0.496076 0.0527072 0.125807 0.0362718 0.0717645 0.0498199 0.0498736 0.039145
0.0450119 0.72602 0.0127849 0.0587114 0.021688 0.058375 0.0302457 0.0399515 0.00721148
0.00691534 0.867944 0.0351285 0.00575174 0.0233792 0.0303169 0.0284917 0.00197282 9.9991E-05
9.993E-05 9.993E-05 9.993E-05 0.999201 9.993E-05 9.993E-05 9.993E-05 9.993E-05 9.993E-05
0.0226202 0.0468904 0.0284828 0.79737 0.0126731 0.0182423 0.0188511 0.0270303 0.0278395
0.0442075 0.432077 0.0362652 0.231155 0.0463638 0.0311753 0.0848645 0.0594914 0.0343998
0.786215 0.0476487 0.025977 0.0349087 0.0276304 0.0113694 0.0169512 0.0251559 0.0241433
9.9937E-05 0.99399 9.9937E-05 9.9937E-05 9.9937E-05 9.9937E-05 9.9937E-05 9.9937E-05 0.00531024
0.999201 9.993E-05 9.993E-05 9.993E-05 9.993E-05 9.993E-05 9.993E-05 9.993E-05 9.993E-05
9.993E-05 9.993E-05 0.999201 9.993E-05 9.993E-05 9.993E-05 9.993E-05 9.993E-05 9.993E-05
