9.98831E-05 9.98831E-05 9.98831E-05 9.98831E-05 9.98831E-05 9.98831E-05 9.98831E-05 9.98831E-05 9.98831E-05 9.98831E-05 9.98831E-05 9.98831E-05 9.98831E-05 0.998702
9.9883E-05 9.9883E-05 9.9883E-05 9.9883E-05 9.9883E-05 9.9883E-05 9.9883E-05 0.998702 9.9883E-05 9.9883E-05 9.9883E-05 9.9883E-05 9.9883E-05 9.9883E-05
9.9883E-05 9.9883E-05 9.9883E-05 9.9883E-05 9.9883E-05 9.9883E-05 9.9883E-05 0.998702 9.9883E-05 9.9883E-05 9.9883E-05 9.9883E-05 9.9883E-05 9.9883E-05
9.9883E-05 9.9883E-05 9.9883E-05 9.9883E-05 0.998702 9.9883E-05 9.9883E-05 9.9883E-05 9.9883E-05 9.9883E-05 9.9883E-05 9.9883E-05 9.9883E-05 9.9883E-05
9.9883E-05 9.9883E-05 9.9883E-05 9.9883E-05 0.998702 9.9883E-05 9.9883E-05 9.9883E-05 9.9883E-05 9.9883E-05 9.9883E-05 9.9883E-05 9.9883E-05 9.9883E-05
0.0484378 0.0312091 0.0878549 0.0220921 0.0382008 0.0452479 0.137402 0.0281094 0.0830196 0.0228832 0.312048 0.0696121 0.0199245 0.0539592
0.998702 9.9883E-05 9.9883E-05 9.9883E-05 9.9883E-05 9.9883E-05 9.9883E-05 9.9883E-05 9.9883E-05 9.9883E-05 9.9883E-05 9.9883E-05 9.9883E-05 9.9883E-05
9.9883E-05 9.9883E-05 9.9883E-05 9.9883E-05 9.9883E-05 9.9883E-05 9.9883E-05 9.9883E-05 9.9883E-05 9.9883E-05 0.998702 9.9883E-05 9.9883E-05 9.9883E-05
9.98829E-05 9.98829E-05 9.98829E-05 9.98829E-05 9.98829E-05 9.98829E-05 0.998702 9.98829E-05 9.98829E-05 9.98829E-05 9.98829E-05 9.98829E-05 9.98829E-05 9.98829E-05
0.00404081 0.971605 9.9937E-05 9.9937E-05 9.9937E-05 9.9937E-05 9.9937E-05 0.010865 0.00355821 0.00144034 9.9937E-05 0.0046527 9.9937E-05 0.0031379
0.0441516 0.0480305 0.0811992 0.0268819 0.061108 0.0169078 0.474056 0.0198312 0.0404201 0.0139922 0.0144079 0.0659459 0.05599 0.0370776
0.0616066 0.0509404 0.111106 0.0482879 0.0356834 0.0767268 0.287405 0.0434406 0.0470867 0.0363089 0.0402587 0.0511315 0.0678826 0.0421349
0.0099489 9.9928E-05 0.0215493 0.00148916 9.9928E-05 9.9928E-05 9.9928E-05 9.9928E-05 0.00288857 9.9928E-05 0.00992345 0.953401 9.9928E-05 9.9928E-05
9.98829E-05 9.98829E-05 9.98829E-05 9.98829E-05 9.98829E-05 9.98829E-05 9.98829E-05 9.98829E-05 9.98829E-05 9.98829E-05 9.98829E-05 0.998702 9.98829E-05 9.98829E-05
0.487152 0.0157862 9.99371E-05 0.0203611 9.99371E-05 0.0102949 0.451409 0.0110848 0.00321322 9.99371E-05 9.99371E-05 9.99371E-05 9.99371E-05 9.99371E-05
9.9892E-05 9.9892E-05 9.9892E-05 0.998701 9.99888E-05 9.9892E-05 9.9892E-05 9.9892E-05 9.9892E-05 9.9892E-05 9.9892E-05 9.9892E-05 9.9892E-05 9.9892E-05
9.98829E-05 9.98829E-05 9.98829E-05 9.98829E-05 9.98829E-05 0.998702 9.98829E-05 9.98829E-05 9.98829E-05 9.98829E-05 9.98829E-05 9.98829E-05 9.98829E-05 9.98829E-05
0.0574932 0.0221684 0.0770223 0.0269157 0.0333074 0.0526744 0.542948 0.0119735 0.029282 0.038154 0.0240481 0.0532522 0.00587811 0.0248831
0.00398929 0.0249546 0.0331457 0.015809 0.0243762 0.0258915 0.0419995 0.0239102 0.000794861 0.0117938 0.000408738 9.9991E-05 0.77522 0.0176067
0.0294129 0.0129776 0.696207 0.0243099 0.0318307 0.00649691 0.0205368 0.0216198 0.0152385 0.0240671 0.0272526 0.0152933 0.0386804 0.0360767
9.991E-05 9.991E-05 9.991E-05 9.991E-05 9.991E-05 0.00459329 9.991E-05 9.991E-05 9.991E-05 0.00718446 0.00928866 9.991E-05 0.977934 9.991E-05
9.9973E-05 0.0021436 0.930571 0.00165151 0.0128264 0.0110974 9.9973E-05 0.0023238 0.00361162 9.9973E-05 0.00281976 0.0199935 0.0107367 0.00192522
0.0135348 0.00128414 0.0210636 9.9946E-05 0.0152135 9.9946E-05 0.0196204 9.9946E-05 9.9946E-05 0.00577291 9.9946E-05 0.00793041 9.9946E-05 0.914981
9.9883E-05 9.9883E-05 9.9883E-05 9.9883E-05 9.9883E-05 9.9883E-05 9.9883E-05 9.9883E-05 9.9883E-05 0.998702 9.9883E-05 9.9883E-05 9.9883E-05 9.9883E-05
9.98831E-05 9.98831E-05 9.98831E-05 9.98831E-05 9.98831E-05 9.98831E-05 9.98831E-05 0.998702 9.98831E-05 9.98831E-05 9.98831E-05 9.98831E-05 9.98831E-05 9.98831E-05
9.9883E-05 9.9883E-05 9.9883E-05 9.9883E-05 0.998702 9.9883E-05 9.9883E-05 9.9883E-05 9.9883E-05 9.9883E-05 9.9883E-05 9.9883E-05 9.9883E-05 9.9883E-05
0.998524 9.9892E-05 9.9892E-05 9.9892E-05 9.9892E-05 9.9892E-05 9.9892E-05 9.9892E-05 9.9892E-05 9.9892E-05 0.000276906 9.9892E-05 9.9892E-05 9.9892E-05
9.9883E-05 9.9883E-05 9.9883E-05 9.9883E-05 9.9883E-05 9.9883E-05 9.9883E-05 9.9883E-05 9.9883E-05 9.9883E-05 0.998702 9.9883E-05 9.9883E-05 9.9883E-05
0.91604 0.0109569 0.00647106 9.9973E-05 0.00453656 0.0175008 0.00141213 0.0140046 0.0169825 0.00268853 0.0046499 9.9973E-05 9.9973E-05 0.00445692
0.00290387 0.000421641 0.00390952 9.9937E-05 9.9937E-05 0.00219153 0.01262 9.9937E-05 9.9937E-05 0.0125108 0.964743 9.9937E-05 9.9937E-05 9.9937E-05
9.98829E-05 9.98829E-05 9.98829E-05 9.98829E-05 9.98829E-05 9.98829E-05 0.998702 9.98829E-05 9.98829E-05 9.98829E-05 9.98829E-05 9.98829E-05 9.98829E-05 9.98829E-05
9.98831E-05 0.998702 9.98831E-05 9.98831E-05 9.98831E-05 9.98831E-05 9.98831E-05 9.98831E-05 9.98831E-05 9.98831E-05 9.98831E-05 9.98831E-05 9.98831E-05 9.98831E-05
0.0838398 0.055364 0.10123 0.0222013 0.0627495 0.0245557 0.264368 0.0469683 0.0191687 0.0527714 0.0394698 0.0875325 0.0674672 0.0723139
9.9937E-05 9.9937E-05 0.00226257 0.003901 0.00417874 9.9937E-05 9.9937E-05 9.9937E-05 0.00121076 9.9937E-05 0.00347766 0.977579 9.9937E-05 0.00669056
9.98828E-05 9.98828E-05 9.98828E-05 9.98828E-05 9.98828E-05 9.98828E-05 9.98828E-05 9.98828E-05 9.98828E-05 9.98828E-05 9.98828E-05 0.998702 9.98828E-05 9.98828E-05
0.0115386 0.0319894 0.045943 0.0582037 0.0113553 0.0604729 0.687396 9.9982E-05 9.9982E-05 0.0278369 0.00496167 0.0305368 0.00362648 0.0259393
9.9883E-05 9.9883E-05 9.9883E-05 0.998702 9.9883E-05 9.9883E-05 9.9883E-05 9.9883E-05 9.9883E-05 9.9883E-05 9.9883E-05 9.9883E-05 9.9883E-05 9.9883E-05
0.0332214 0.0285698 0.0803871 0.050298 0.0349965 0.439529 0.147337 0.0171748 0.0203344 9.9991E-05 0.0323421 0.042943 0.0469742 0.0257925
0.00280771 0.00915655 0.953086 9.9937E-05 9.9937E-05 9.9937E-05 9.9937E-05 0.0138309 0.00518052 9.9937E-05 9.9937E-05 9.9937E-05 0.00700322 0.00823531
9.98829E-05 9.98829E-05 9.98829E-05 9.98829E-05 9.98829E-05 9.98829E-05 9.98829E-05 9.98829E-05 9.98829E-05 9.98829E-05 9.98829E-05 9.98829E-05 0.998702 9.98829E-05
0.0232037 0.019473 0.66996 0.0275521 0.0228082 0.0290823 0.0287646 0.00582416 0.0326535 0.0329161 0.0184603 0.0193132 0.0373746 0.0326143
9.9883E-05 9.9883E-05 9.9883E-05 9.9883E-05 9.9883E-05 9.9883E-05 9.9883E-05 9.9883E-05 9.9883E-05 9.9883E-05 9.9883E-05 9.9883E-05 9.9883E-05 0.998702
0.00310153 9.9937E-05 0.0217126 0.00320515 0.00638922 9.9937E-05 0.0155039 9.9937E-05 9.9937E-05 9.9937E-05 9.9937E-05 0.00782976 9.9937E-05 0.941558
9.9883E-05 9.9883E-05 9.9883E-05 9.9883E-05 9.9883E-05 9.9883E-05 9.9883E-05 9.9883E-05 9.9883E-05 0.998702 9.9883E-05 9.9883E-05 9.9883E-05 9.9883E-05
0.00375348 0.00177186 0.0117437 0.0102272 9.9991E-05 0.00440973 0.0100222 0.781411 0.0125766 0.139992 0.010721 0.00172581 0.00610742 0.00543823
9.98831E-05 9.98831E-05 9.98831E-05 9.98831E-05 0.998702 9.98831E-05 9.98831E-05 9.98831E-05 9.98831E-05 9.98831E-05 9.98831E-05 9.98831E-05 9.98831E-05 9.98831E-05
0.998702 9.98837E-05 9.98837E-05 9.98837E-05 9.98837E-05 9.98837E-05 9.98837E-05 9.98837E-05 9.98837E-05 9.98837E-05 9.98837E-05 9.98837E-05 9.98837E-05 9.98837E-05
0.00652344 9.9937E-05 0.00689122 0.00100612 9.9937E-05 9.9937E-05 0.000358167 9.9937E-05 0.974803 9.9937E-05 9.9937E-05 9.9937E-05 0.00386559 0.00585289
0.998702 9.9883E-05 9.9883E-05 9.9883E-05 9.9883E-05 9.9883E-05 9.9883E-05 9.9883E-05 9.9883E-05 9.9883E-05 9.9883E-05 9.9883E-05 9.9883E-05 9.9883E-05
9.98921E-05 9.98921E-05 9.98921E-05 9.98921E-05 9.98921E-05 9.98921E-05 9.98921E-05 9.98921E-05 0.996815 0.00198656 9.98921E-05 9.98921E-05 9.98921E-05 9.98921E-05
9.98829E-05 9.98829E-05 9.98829E-05 9.98829E-05 9.98829E-05 9.98829E-05 0.998702 9.98829E-05 9.98829E-05 9.98829E-05 9.98829E-05 9.98829E-05 9.98829E-05 9.98829E-05
0.0010807 0.971434 9.9928E-05 0.00545283 9.9928E-05 9.9928E-05 9.9928E-05 9.9928E-05 0.00365886 0.00282035 0.0147536 9.9928E-05 9.9928E-05 9.9928E-05
0.0124052 0.0306921 0.0857579 9.9991E-05 0.0276187 0.0215507 0.582877 0.0145371 0.0109012 0.0188527 0.0247187 0.0846561 0.0613184 0.0240141
0.00246477 0.00110843 0.0119924 9.9955E-05 0.00821527 9.9955E-05 9.9955E-05 9.9955E-05 0.00435913 0.0125919 0.0137248 0.928839 9.9955E-05 0.0162045
9.99189E-05 0.00527404 9.99189E-05 0.00516177 9.99189E-05 0.0018121 9.99189E-05 9.99189E-05 9.99189E-05 9.99189E-05 9.99189E-05 0.982787 9.99189E-05 0.00406568
0.0201683 0.0451596 0.0395723 0.0351661 0.0193238 0.0432999 0.695802 0.000422938 0.0188169 0.0356667 0.00192067 0.011896 0.00409436 0.0286899
9.9883E-05 9.9883E-05 9.9883E-05 0.998702 9.9883E-05 9.9883E-05 9.9883E-05 9.9883E-05 9.9883E-05 9.9883E-05 9.9883E-05 9.9883E-05 9.9883E-05 9.9883E-05
0.0298836 0.0223879 0.0574842 0.0115785 0.0304707 0.0124337 0.285911 0.0095659 0.0132306 0.0466512 0.0242113 0.0579129 0.365904 0.0323746
0.0163292 0.0217348 0.837559 0.000738004 0.00323073 0.00161472 0.0247345 0.0122443 0.00457099 0.0224482 0.010628 0.0109517 0.0277054 0.00551031
9.9883E-05 9.9883E-05 9.9883E-05 9.9883E-05 9.9883E-05 9.9883E-05 9.9883E-05 9.9883E-05 9.9883E-05 9.9883E-05 9.9883E-05 9.9883E-05 0.998702 9.9883E-05
9.9883E-05 9.9883E-05 0.998702 9.9883E-05 9.9883E-05 9.9883E-05 9.9883E-05 9.9883E-05 9.9883E-05 9.9883E-05 9.9883E-05 9.9883E-05 9.9883E-05 9.9883E-05
9.9919E-05 9.9919E-05 9.9919E-05 9.9919E-05 9.9919E-05 0.00739429 9.9919E-05 9.9919E-05 0.00307886 0.00471493 9.9919E-05 9.9919E-05 0.00277666 0.981136
0.00315627 0.00572008 0.0187074 9.9937E-05 0.00726864 9.9937E-05 0.00790343 9.9937E-05 9.9937E-05 9.9937E-05 9.9937E-05 0.0126407 9.9937E-05 0.943904
9.9883E-05 9.9883E-05 9.9883E-05 9.9883E-05 9.9883E-05 9.9883E-05 9.9883E-05 9.9883E-05 9.9883E-05 0.998702 9.9883E-05 9.9883E-05 9.9883E-05 9.9883E-05
0.0157 0.0350634 0.0762965 0.0322565 0.0271203 0.023414 0.0798185 0.0163204 0.0110221 0.541958 0.0320756 0.0528921 0.0247176 0.031345
9.9955E-05 9.9955E-05 9.9955E-05 0.0015216 0.960849 0.00872672 0.00792948 9.9955E-05 0.00272948 0.00582103 9.9955E-05 0.00125411 0.00786343 0.00280578
0.965723 0.00224274 9.99372E-05 0.00143304 9.99372E-05 9.99372E-05 9.99372E-05 0.00249118 9.99372E-05 0.0086046 9.99372E-05 9.99372E-05 0.0112304 0.00757559
9.9955E-05 0.0111323 9.9955E-05 9.9955E-05 0.00406923 9.9955E-05 0.00108704 0.0035993 9.9955E-05 0.0141937 0.932755 0.00641928 0.0180757 0.0081688
0.850624 0.0271679 0.0123624 9.9982E-05 0.0174827 0.00186735 0.0169186 0.0116067 0.0109806 0.00914131 0.0170692 0.0110293 9.9982E-05 0.0135496
9.98829E-05 9.98829E-05 9.98829E-05 9.98829E-05 9.98829E-05 9.98829E-05 9.98829E-05 9.98829E-05 0.998702 9.98829E-05 9.98829E-05 9.98829E-05 9.98829E-05 9.98829E-05
0.0052601 0.00166183 9.99279E-05 9.99279E-05 9.99279E-05 9.99279E-05 0.960163 9.99279E-05 9.99279E-05 0.000655048 0.0157684 9.99279E-05 0.0156923 9.99279E-05
9.98831E-05 0.998702 9.98831E-05 9.98831E-05 9.98831E-05 9.98831E-05 9.98831E-05 9.98831E-05 9.98831E-05 9.98831E-05 9.98831E-05 9.98831E-05 9.98831E-05 9.98831E-05
0.019876 0.03877 0.0274595 0.00583389 0.0343333 0.0102143 0.68604 0.0240653 0.00160729 0.0100218 0.00932805 0.0565197 0.0536703 0.0222601
0.0389223 0.0128137 0.0802908 0.0321852 0.0235809 0.0297673 0.093608 0.00183752 9.9991E-05 0.0203192 0.0299458 0.574881 0.0234118 0.0383362
9.98828E-05 9.98828E-05 9.98828E-05 9.98828E-05 9.98828E-05 9.98828E-05 9.98828E-05 9.98828E-05 9.98828E-05 9.98828E-05 9.98828E-05 0.998702 9.98828E-05 9.98828E-05
9.9883E-05 9.9883E-05 9.9883E-05 9.9883E-05 9.9883E-05 0.998702 9.9883E-05 9.9883E-05 9.9883E-05 9.9883E-05 9.9883E-05 9.9883E-05 9.9883E-05 9.9883E-05
0.0304197 0.0409531 0.0531341 0.028469 0.0379875 0.0253624 0.71468 9.9982E-05 0.0188167 0.0313086 0.000519712 0.00268287 9.9982E-05 0.0154666
0.034231 0.0282782 0.068569 0.0189691 0.0351684 0.0299547 0.274677 0.00467773 0.00397861 0.0522357 0.0223184 0.0609766 0.321476 0.0444893
0.00834346 0.00488404 0.900074 9.9964E-05 9.9964E-05 0.0124865 0.0149164 0.0212072 0.0138193 9.9964E-05 0.0142766 9.9964E-05 0.00675846 0.00283422
9.98829E-05 9.98829E-05 9.98829E-05 9.98829E-05 9.98829E-05 9.98829E-05 9.98829E-05 9.98829E-05 9.98829E-05 9.98829E-05 9.98829E-05 9.98829E-05 0.998702 9.98829E-05
0.00127525 0.0113845 0.755739 0.0253488 0.0203774 0.0281264 0.0336495 9.9991E-05 0.00538161 0.0297951 0.015445 0.0374163 0.0196636 0.0162972
9.99011E-05 9.99011E-05 9.99011E-05 9.99011E-05 9.99011E-05 9.99011E-05 9.99011E-05 0.00245937 9.99011E-05 9.99011E-05 0.000570045 9.99011E-05 9.99011E-05 0.995872
9.98832E-05 9.98832E-05 9.98832E-05 9.98832E-05 9.98832E-05 9.98832E-05 9.98832E-05 9.98832E-05 9.98832E-05 9.98832E-05 9.98832E-05 9.98832E-05 9.98832E-05 0.998702
9.9883E-05 9.9883E-05 9.9883E-05 9.9883E-05 9.9883E-05 9.9883E-05 9.9883E-05 9.9883E-05 9.9883E-05 0.998702 9.9883E-05 9.9883E-05 9.9883E-05 9.9883E-05
0.0108149 0.0333021 0.0900349 0.0430088 0.0181948 0.0302404 0.0674844 9.9991E-05 0.0218159 0.561215 0.0358556 0.0355247 0.026723 0.0256856
0.0119267 0.0108863 0.0326062 9.9964E-05 0.842307 9.9964E-05 9.9964E-05 9.9964E-05 0.00944819 0.0151211 0.0119736 0.0228638 0.034115 0.00835253
0.998702 9.9883E-05 9.9883E-05 9.9883E-05 9.9883E-05 9.9883E-05 9.9883E-05 9.9883E-05 9.9883E-05 9.9883E-05 9.9883E-05 9.9883E-05 9.9883E-05 9.9883E-05
9.9883E-05 9.9883E-05 9.9883E-05 9.9883E-05 9.9883E-05 9.9883E-05 9.9883E-05 9.9883E-05 9.9883E-05 9.9883E-05 0.998702 9.9883E-05 9.9883E-05 9.9883E-05
0.75137 0.0143498 0.0398952 0.0213536 0.0200103 0.0045166 0.0235263 0.0199851 0.0137023 0.0156654 0.0103819 0.00862169 0.022598 0.0340236
9.98829E-05 9.98829E-05 9.98829E-05 9.98829E-05 9.98829E-05 9.98829E-05 9.98829E-05 9.98829E-05 0.998702 9.98829E-05 9.98829E-05 9.98829E-05 9.98829E-05 9.98829E-05
9.98829E-05 9.98829E-05 9.98829E-05 9.98829E-05 9.98829E-05 9.98829E-05 0.998702 9.98829E-05 9.98829E-05 9.98829E-05 9.98829E-05 9.98829E-05 9.98829E-05 9.98829E-05
9.9883E-05 0.998702 9.9883E-05 9.9883E-05 9.9883E-05 9.9883E-05 9.9883E-05 9.9883E-05 9.9883E-05 9.9883E-05 9.9883E-05 9.9883E-05 9.9883E-05 9.9883E-05
0.0564785 0.0523108 0.101748 0.0692747 0.0463157 0.0912984 0.262581 0.0167589 0.0759946 0.0492352 0.0100161 0.0798522 0.0549408 0.0331952
0.00387484 0.0397441 0.0067838 9.9973E-05 0.00491025 0.00926812 0.773481 0.0196717 9.9973E-05 9.9973E-05 0.00612751 0.0846092 0.0427315 0.00849811
0.0149514 0.0265735 0.105276 0.0337351 0.0345301 0.0320414 0.153361 9.9982E-05 0.0318222 0.0258112 9.9982E-05 0.501625 0.0116097 0.028463
0.0156097 0.018371 0.0257247 0.00644821 0.0201762 0.0243128 0.0839224 0.0187048 0.0114584 9.9991E-05 0.000790439 0.727613 0.0208361 0.0259326
0.0254947 0.0237868 0.0361526 0.0385492 0.0265458 0.540842 0.0891157 0.0464068 0.0315278 9.9991E-05 0.0364809 0.0559106 0.0229676 0.0261201
0.0188619 0.0449273 0.0429329 0.030695 0.0359085 0.0246694 0.720131 9.9973E-05 0.0185966 0.0384365 9.9973E-05 9.9973E-05 0.00107321 0.023468
0.00318209 0.0111131 0.0316384 0.0115301 0.0144609 0.0117217 0.0514407 0.0239743 9.9991E-05 0.00633842 0.00599358 0.00556461 0.810946 0.0119958
0.0141303 0.0137606 0.943784 9.99436E-05 9.99436E-05 0.00138639 9.99436E-05 0.00894271 0.0105145 9.99436E-05 9.99436E-05 9.99436E-05 9.99436E-05 0.00678216
0.00898417 9.9964E-05 9.9964E-05 0.0114098 9.9964E-05 0.00630047 0.00711554 9.9964E-05 0.00846181 0.00786447 0.010827 0.00213324 0.929031 0.00747284
9.98831E-05 9.98831E-05 0.998702 9.98831E-05 9.98831E-05 9.98831E-05 9.98831E-05 9.98831E-05 9.98831E-05 9.98831E-05 9.98831E-05 9.98831E-05 9.98831E-05 9.98831E-05
9.9946E-05 9.9946E-05 0.000133495 0.00143389 9.9946E-05 0.016877 9.9946E-05 0.015076 0.0068948 9.9946E-05 0.011101 9.9946E-05 0.000106387 0.947778
9.98831E-05 9.98831E-05 9.98831E-05 9.98831E-05 9.98831E-05 9.98831E-05 9.98831E-05 9.98831E-05 9.98831E-05 9.98831E-05 9.98831E-05 9.98831E-05 9.98831E-05 0.998702
9.9883E-05 9.9883E-05 9.9883E-05 9.9883E-05 9.9883E-05 9.9883E-05 9.9883E-05 9.9883E-05 9.9883E-05 0.998702 9.9883E-05 9.9883E-05 9.9883E-05 9.9883E-05
9.9919E-05 9.9919E-05 9.9919E-05 9.9919E-05 0.00518223 0.0124129 9.9919E-05 0.963587 9.9919E-05 0.0156004 9.9919E-05 9.9919E-05 9.9919E-05 0.00231813
9.98921E-05 9.98921E-05 9.98921E-05 9.98921E-05 0.998264 9.98921E-05 9.98921E-05 9.98921E-05 9.98921E-05 9.98921E-05 9.98921E-05 9.98921E-05 9.98921E-05 0.000537358
0.998702 9.9883E-05 9.9883E-05 9.9883E-05 9.9883E-05 9.9883E-05 9.9883E-05 9.9883E-05 9.9883E-05 9.9883E-05 9.9883E-05 9.9883E-05 9.9883E-05 9.9883E-05
9.9883E-05 9.9883E-05 9.9883E-05 9.9883E-05 9.9883E-05 9.9883E-05 9.9883E-05 9.9883E-05 9.9883E-05 9.9883E-05 0.998702 9.9883E-05 9.9883E-05 9.9883E-05
0.998702 9.98831E-05 9.98831E-05 9.98831E-05 9.98831E-05 9.98831E-05 9.98831E-05 9.98831E-05 9.98831E-05 9.98831E-05 9.98831E-05 9.98831E-05 9.98831E-05 9.98831E-05
9.9883E-05 9.9883E-05 9.9883E-05 9.9883E-05 9.9883E-05 9.9883E-05 9.9883E-05 9.9883E-05 0.998702 9.9883E-05 9.9883E-05 9.9883E-05 9.9883E-05 9.9883E-05
0.0459484 0.0271285 0.0328612 0.0234 0.0143589 0.0312514 0.747405 0.0113672 0.00325853 0.00243739 9.9982E-05 0.0352111 9.9982E-05 0.0251724
0.00517201 0.970666 9.9946E-05 0.00787443 9.9946E-05 0.000472407 0.00567676 9.9946E-05 0.00301078 9.9946E-05 0.00266088 0.0038673 9.9946E-05 9.9946E-05
0.0553398 0.0556437 0.104279 0.0529211 0.0476206 0.0960512 0.266873 0.0138238 0.0765164 0.0485869 0.00399378 0.0832134 0.0676489 0.027488
0.0289532 0.0177144 0.0912911 0.00884859 0.0285891 0.0322634 0.520569 0.0237012 0.0459555 0.00706246 0.0193901 0.0975634 0.0506511 0.027447
0.0089948 0.0191503 0.110288 0.0343364 0.0371594 0.0284471 0.1216 9.9982E-05 0.038432 0.0223741 9.9982E-05 0.536603 0.00676955 0.035645
0.0126451 0.0113507 0.0512254 0.017464 0.0111765 0.0412607 0.0824508 0.012583 0.0112235 9.9991E-05 0.00306864 0.698748 0.0305098 0.0161938
9.98828E-05 9.98828E-05 9.98828E-05 9.98828E-05 9.98828E-05 0.998702 9.98828E-05 9.98828E-05 9.98828E-05 9.98828E-05 9.98828E-05 9.98828E-05 9.98828E-05 9.98828E-05
0.0395099 0.0376061 0.0399773 0.0345795 0.0168967 0.0325298 0.655347 0.0290172 0.0144761 0.0161513 0.0139057 0.0214364 0.0155809 0.0329862
9.999E-05 0.0122583 0.0211386 0.00124245 0.016373 0.0161567 0.0459804 0.026616 0.00800926 0.000914535 0.000770265 0.0102746 0.817818 0.0223481
9.9883E-05 9.9883E-05 0.998702 9.9883E-05 9.9883E-05 9.9883E-05 9.9883E-05 9.9883E-05 9.9883E-05 9.9883E-05 9.9883E-05 9.9883E-05 9.9883E-05 9.9883E-05
9.98829E-05 9.98829E-05 9.98829E-05 9.98829E-05 9.98829E-05 9.98829E-05 9.98829E-05 9.98829E-05 9.98829E-05 9.98829E-05 9.98829E-05 9.98829E-05 0.998702 9.98829E-05
9.99011E-05 9.99011E-05 0.983369 9.99011E-05 0.00883753 9.99011E-05 9.99011E-05 9.99011E-05 9.99011E-05 9.99011E-05 9.99011E-05 0.0066945 9.99011E-05 9.99011E-05
9.9937E-05 0.0102917 9.9937E-05 9.9937E-05 9.9937E-05 9.9937E-05 9.9937E-05 0.00423875 0.00450327 0.00249889 0.0100789 9.9937E-05 0.0133387 0.95435
9.99031E-05 9.99031E-05 9.99031E-05 9.99031E-05 0.00323401 9.99031E-05 0.00623264 9.99031E-05 9.99031E-05 9.99031E-05 9.99031E-05 9.99031E-05 9.99031E-05 0.989434
9.9883E-05 9.9883E-05 9.9883E-05 9.9883E-05 9.9883E-05 9.9883E-05 9.9883E-05 9.9883E-05 9.9883E-05 0.998702 9.9883E-05 9.9883E-05 9.9883E-05 9.9883E-05
9.9883E-05 9.9883E-05 9.9883E-05 9.9883E-05 9.9883E-05 9.9883E-05 9.9883E-05 9.9883E-05 9.9883E-05 0.998702 9.9883E-05 9.9883E-05 9.9883E-05 9.9883E-05
9.9928E-05 9.9928E-05 9.9928E-05 0.00450189 0.97769 0.00446741 9.9928E-05 0.0074378 0.000516996 9.9928E-05 9.9928E-05 9.9928E-05 0.00458614 9.9928E-05
0.97109 9.9929E-05 9.9929E-05 9.9929E-05 0.00825468 9.9929E-05 0.00495306 9.9929E-05 0.00456705 0.00692203 0.00341418 9.9929E-05 9.9929E-05 9.9929E-05
0.0361671 0.00361536 0.0810559 0.0275155 0.0440493 0.0399064 0.0990794 0.0379234 0.324045 9.9991E-05 0.173236 0.0374648 0.0467803 0.0490617
0.953309 0.00725162 9.9946E-05 9.9946E-05 0.00679123 9.9946E-05 9.9946E-05 0.0047 9.9946E-05 0.00339221 0.0024436 0.0158619 0.00565063 9.9946E-05
0.00152685 0.981312 9.9919E-05 9.9919E-05 9.9919E-05 0.00406093 9.9919E-05 9.9919E-05 9.9919E-05 0.0077013 9.9919E-05 9.9919E-05 9.9919E-05 0.00450002
0.00773604 0.0249578 0.0461976 0.0139606 0.0107902 0.0303221 0.537547 0.0114849 9.9991E-05 0.0112277 0.0305298 0.145393 0.0873433 0.0424105
0.0501332 0.0627073 0.101183 0.0739564 0.0403436 0.0936998 0.271797 0.0248112 0.06653 0.0493884 0.00361959 0.0666371 0.0679807 0.0272126
0.0479634 0.0289881 0.0716943 0.0302366 0.0443716 0.0457917 0.489131 9.9991E-05 0.0348147 0.0127038 0.0290076 0.0841221 0.0357261 0.0453494
0.00335185 0.018593 0.0885809 0.0300627 0.0391269 0.0149764 0.144287 9.9991E-05 0.0341576 0.0295685 0.00692427 0.560646 0.00352373 0.0261013
0.0306031 0.0273842 0.0614349 0.00958665 0.0368795 0.0470814 0.0767591 9.9991E-05 0.0187894 0.0111926 0.0361732 0.594388 0.0217827 0.0278451
9.98921E-05 9.98921E-05 9.98921E-05 0.997116 9.98921E-05 9.98921E-05 9.98921E-05 9.98921E-05 9.98921E-05 9.98921E-05 9.98921E-05 9.98921E-05 0.00168512 9.98921E-05
9.98829E-05 9.98829E-05 9.98829E-05 9.98829E-05 9.98829E-05 0.998702 9.98829E-05 9.98829E-05 9.98829E-05 9.98829E-05 9.98829E-05 9.98829E-05 9.98829E-05 9.98829E-05
0.0462448 0.0118811 0.0206216 0.0544969 0.0180565 0.0506186 0.7471 9.9964E-05 0.023892 0.0184346 9.9964E-05 0.0082536 9.9964E-05 9.9964E-05
9.9955E-05 0.0160935 0.0276722 9.9955E-05 0.0160395 0.0159547 0.0439361 0.0338021 9.9955E-05 9.9955E-05 0.00818132 9.9955E-05 0.831366 0.00645524
9.98829E-05 9.98829E-05 0.998702 9.98829E-05 9.98829E-05 9.98829E-05 9.98829E-05 9.98829E-05 9.98829E-05 9.98829E-05 9.98829E-05 9.98829E-05 9.98829E-05 9.98829E-05
9.98829E-05 9.98829E-05 9.98829E-05 9.98829E-05 9.98829E-05 9.98829E-05 9.98829E-05 9.98829E-05 9.98829E-05 9.98829E-05 9.98829E-05 9.98829E-05 0.998702 9.98829E-05
9.99191E-05 9.99191E-05 0.969301 9.99191E-05 0.0114247 0.00311771 9.99191E-05 9.99191E-05 0.00387806 9.99191E-05 9.99191E-05 0.0113797 9.99191E-05 9.99191E-05
9.991E-05 9.991E-05 9.991E-05 0.00177543 9.991E-05 0.00166304 9.991E-05 9.991E-05 9.991E-05 9.991E-05 9.991E-05 9.991E-05 0.00521997 0.990342
9.9883E-05 9.9883E-05 9.9883E-05 9.9883E-05 9.9883E-05 9.9883E-05 9.9883E-05 0.998702 9.9883E-05 9.9883E-05 9.9883E-05 9.9883E-05 9.9883E-05 9.9883E-05
9.9883E-05 9.9883E-05 9.9883E-05 9.9883E-05 0.998702 9.9883E-05 9.9883E-05 9.9883E-05 9.9883E-05 9.9883E-05 9.9883E-05 9.9883E-05 9.9883E-05 9.9883E-05
0.0406087 0.0187992 0.0998754 0.0201768 0.484235 0.0298315 0.0957911 0.0236821 0.022555 0.0344289 0.0251327 0.0701761 9.9991E-05 0.034607
0.0371276 0.0303324 0.0981003 0.0280829 0.0269771 0.0344862 0.139631 0.0569392 0.199641 0.00678007 0.162581 0.0917507 0.0383032 0.0492667
0.998702 9.9883E-05 9.9883E-05 9.9883E-05 9.9883E-05 9.9883E-05 9.9883E-05 9.9883E-05 9.9883E-05 9.9883E-05 9.9883E-05 9.9883E-05 9.9883E-05 9.9883E-05
9.9883E-05 9.9883E-05 9.9883E-05 9.9883E-05 9.9883E-05 9.9883E-05 9.9883E-05 9.9883E-05 9.9883E-05 9.9883E-05 0.998702 9.9883E-05 9.9883E-05 9.9883E-05
0.854771 0.0117318 0.00102888 9.9982E-05 9.9982E-05 0.0143445 0.030046 0.0197962 0.00427339 0.00291853 0.0164974 0.0108522 0.0159402 0.0176003
9.98831E-05 0.998702 9.98831E-05 9.98831E-05 9.98831E-05 9.98831E-05 9.98831E-05 9.98831E-05 9.98831E-05 9.98831E-05 9.98831E-05 9.98831E-05 9.98831E-05 9.98831E-05
0.0140609 0.0199926 0.0453687 0.000862165 0.0269606 0.032814 0.583071 0.0266924 0.0128896 0.0202333 0.0205886 0.103262 0.0713613 0.0218426
0.0560762 0.0460582 0.121367 0.0577213 0.0383583 0.0709234 0.28685 0.0314067 0.0377225 0.0481494 0.0394034 0.060629 0.0650261 0.0403087
0.0260871 0.0202867 0.0731057 0.0218309 0.0277838 0.0514513 0.509343 0.0255618 9.9991E-05 0.00982975 0.0255008 0.121162 0.0531393 0.0348175
0.0141451 0.0150497 0.0428754 0.0131011 0.0459058 0.0289693 0.104423 0.00990329 0.013074 9.9991E-05 0.0355987 0.640142 0.0341916 0.00252147
0.0132302 0.0307603 0.00228644 9.9982E-05 9.9982E-05 0.00848208 0.0514393 0.00390876 0.0100662 0.00596903 0.0108526 0.835942 0.00538866 0.0214741
9.98921E-05 9.98921E-05 9.98921E-05 0.997106 9.98921E-05 9.98921E-05 9.98921E-05 9.98921E-05 0.00169571 9.98921E-05 9.98921E-05 9.98921E-05 9.98921E-05 9.98921E-05
0.0244488 0.00748478 9.9982E-05 0.00110877 0.0137588 0.855961 9.9982E-05 0.0121457 0.00731386 0.00455671 0.0187683 0.0164139 0.0208144 0.0170255
0.0396094 0.0198273 0.0184163 0.0504915 0.021244 0.0458318 0.761272 9.9964E-05 0.0130041 0.0186708 9.9964E-05 0.0112329 9.9964E-05 9.9964E-05
0.00823315 0.0335339 0.0259243 0.00643955 0.0197035 0.011965 0.0511707 0.0324959 9.9991E-05 0.00186672 0.0150696 0.0126938 0.771722 0.00908154
9.9883E-05 9.9883E-05 0.998702 9.9883E-05 9.9883E-05 9.9883E-05 9.9883E-05 9.9883E-05 9.9883E-05 9.9883E-05 9.9883E-05 9.9883E-05 9.9883E-05 9.9883E-05
9.98829E-05 9.98829E-05 9.98829E-05 9.98829E-05 9.98829E-05 9.98829E-05 9.98829E-05 9.98829E-05 9.98829E-05 9.98829E-05 9.98829E-05 9.98829E-05 0.998702 9.98829E-05
9.98831E-05 9.98831E-05 9.98831E-05 9.98831E-05 9.98831E-05 9.98831E-05 9.98831E-05 9.98831E-05 9.98831E-05 9.98831E-05 9.98831E-05 9.98831E-05 9.98831E-05 0.998702
