9.999E-05 9.999E-05 0.9998
0.9876 0.00282688 0.00957275
0.993508 9.9991E-05 0.00639158
0.992839 0.00277374 0.00438761
0.981229 0.0164066 0.00236418
0.847346 0.0776022 0.0750516
9.999E-05 0.9998 9.999E-05
0.992818 9.9991E-05 0.00708209
0.822809 0.0970089 0.0801818
0.946414 0.028024 0.0255623
0.826049 0.092311 0.0816395
0.833512 0.0999575 0.0665309
0.855103 0.101793 0.0431043
0.862063 0.101146 0.0367912
0.413709 0.556208 0.0300833
0.921025 0.0524138 0.0265615
0.93835 0.0490301 0.0126199
0.799833 0.119288 0.080879
0.976962 0.0122732 0.0107652
0.844386 0.0867806 0.0688333
0.9998 9.999E-05 9.999E-05
0.880637 0.0724298 0.0469333
0.0503903 0.018038 0.931572
0.9998 9.999E-05 9.999E-05
0.979617 0.00212951 0.0182538
0.991264 0.00250274 0.00623366
9.999E-05 0.9998 9.999E-05
0.995272 9.9991E-05 0.0046282
0.0609688 0.925185 0.0138462
0.990318 9.9991E-05 0.00958184
0.860905 0.0762003 0.0628947
0.967343 0.010764 0.0218931
0.775305 0.130322 0.0943722
0.852388 0.109077 0.0385354
0.864652 0.095201 0.0401469
0.830156 0.0893307 0.0805132
0.922781 0.0458271 0.0313923
0.881283 0.0775244 0.0411929
0.879449 0.0778764 0.0426747
0.9998 9.999E-05 9.999E-05
0.870551 0.0621572 0.0672921
9.999E-05 9.999E-05 0.9998
0.0389204 0.00809771 0.952982
0.997609 9.9991E-05 0.00229135
0.982476 0.000427121 0.0170973
0.979872 0.0127551 0.00737249
9.999E-05 0.9998 9.999E-05
0.904714 0.0500173 0.0452687
9.999E-05 0.9998 9.999E-05
0.917091 0.0355505 0.0473588
0.823668 0.0937872 0.082545
0.94912 0.0202812 0.0305993
0.843666 0.08206 0.074274
0.84143 0.102031 0.0565389
0.859058 0.0884581 0.0524839
0.827899 0.099096 0.0730046
0.927973 0.0513791 0.0206477
0.889595 0.0601711 0.0502337
0.874358 0.0766915 0.0489502
0.9998 9.999E-05 9.999E-05
0.89116 0.0741627 0.0346772
9.999E-05 9.999E-05 0.9998
0.0315544 0.00564775 0.962798
0.9998 9.999E-05 9.999E-05
0.920487 0.034378 0.0451349
0.968211 0.0159029 0.0158865
0.000710844 0.994329 0.00496025
0.980567 9.9991E-05 0.0193332
0.107118 0.866396 0.0264854
0.949285 0.0291186 0.0215965
0.827848 0.0910602 0.0810921
0.966827 0.00646852 0.0267042
0.84572 0.0734114 0.0808691
0.824233 0.10328 0.0724871
0.885632 0.0928145 0.021554
0.937986 0.0453877 0.0166265
0.812746 0.0991799 0.0880743
0.877425 0.074888 0.0476874
0.88481 0.0715858 0.0436042
0.9998 9.999E-05 9.999E-05
0.881266 0.0708745 0.0478591
9.999E-05 9.999E-05 0.9998
9.999E-05 9.999E-05 0.9998
0.9998 9.999E-05 9.999E-05
0.928856 0.0369458 0.0341978
0.950042 0.0409734 0.00898448
9.999E-05 0.9998 9.999E-05
0.9998 9.999E-05 9.999E-05
0.191063 0.762128 0.0468088
0.934108 0.0266715 0.03922
0.845687 0.0822953 0.0720177
0.959451 0.01518 0.0253689
0.849209 0.0978568 0.0529337
0.847346 0.0850731 0.0675804
0.855953 0.0827789 0.0612679
0.844589 0.09859 0.0568206
0.863764 0.0866781 0.0495581
0.802063 0.107378 0.0905592
0.996479 0.00342115 9.9991E-05
0.868651 0.0852556 0.046093
0.981707 0.0181932 9.9991E-05
0.89078 0.0793467 0.0298731
0.0441751 9.9991E-05 0.955725
9.999E-05 9.999E-05 0.9998
0.996804 9.9991E-05 0.00309598
0.986309 9.9991E-05 0.013591
0.979212 0.00788429 0.0129034
9.999E-05 0.9998 9.999E-05
0.9998 9.999E-05 9.999E-05
9.999E-05 0.9998 9.999E-05
0.931838 0.0307154 0.0374469
0.79783 0.126543 0.0756265
0.951119 0.0285624 0.020319
0.846161 0.09436 0.0594789
0.835665 0.101858 0.0624776
0.864027 0.0789233 0.0570496
0.854037 0.0990387 0.0469239
0.947036 0.0464031 0.00656074
0.798107 0.118649 0.0832441
0.998771 9.9991E-05 0.00112929
0.906646 0.0668324 0.0265213
0.9998 9.999E-05 9.999E-05
0.899844 0.0697646 0.0303912
0.0299781 0.00639021 0.963632
9.999E-05 9.999E-05 0.9998
0.9998 9.999E-05 9.999E-05
0.9998 9.999E-05 9.999E-05
0.973097 0.021189 0.00571356
0.00108392 0.987944 0.010972
0.875365 0.061825 0.0628101
0.0256259 0.970566 0.00380797
0.946507 0.0196482 0.033845
0.85673 0.060217 0.0830528
0.842056 0.0918268 0.0661175
0.824808 0.0966067 0.0785852
0.850066 0.0847375 0.0651961
0.833486 0.110211 0.056303
0.928916 0.0478717 0.0232128
0.932951 0.0467107 0.020338
0.809452 0.133639 0.056909
0.9998 9.999E-05 9.999E-05
0.898296 0.074497 0.0272068
0.9998 9.999E-05 9.999E-05
0.883564 0.0802837 0.0361523
9.999E-05 9.999E-05 0.9998
0.988223 9.9991E-05 0.0116774
0.987023 0.00887474 0.00410234
0.879441 0.0606719 0.0598866
0.856134 0.0625195 0.0813468
9.999E-05 0.9998 9.999E-05
0.997995 9.9991E-05 0.00190484
0.118997 0.859131 0.0218724
0.970364 0.0117995 0.0178366
0.848079 0.0830434 0.0688772
0.835816 0.0977035 0.0664806
0.833198 0.0871132 0.079689
0.871181 0.0852366 0.0435824
0.839908 0.0994661 0.0606255
0.914071 0.0570517 0.0288771
0.876596 0.0708981 0.0525055
0.820021 0.1289 0.0510792
0.991499 0.00766534 0.000836043
0.890466 0.0670432 0.0424904
0.9998 9.999E-05 9.999E-05
9.999E-05 9.999E-05 0.9998
