9.99101E-05 9.99101E-05 9.99101E-05 0.999001 9.99101E-05 9.99101E-05 9.99101E-05 9.99101E-05 9.99101E-05 9.99101E-05 9.99101E-05
9.9955E-05 9.9955E-05 0.0168905 0.00514381 9.9955E-05 0.00573364 0.023461 9.9955E-05 9.9955E-05 0.936771 0.0114999
9.9955E-05 9.9955E-05 0.0205206 0.00473413 0.00350951 9.9955E-05 0.0283327 9.9955E-05 9.9955E-05 0.934153 0.00825034
9.99101E-05 0.999001 9.99101E-05 9.99101E-05 9.99101E-05 9.99101E-05 9.99101E-05 9.99101E-05 9.99101E-05 9.99101E-05 9.99101E-05
9.99101E-05 0.999001 9.99101E-05 9.99101E-05 9.99101E-05 9.99101E-05 9.99101E-05 9.99101E-05 9.99101E-05 9.99101E-05 9.99101E-05
0.319433 0.0409388 0.0851013 0.0736198 0.033784 0.0583426 0.089092 0.114327 0.0856655 0.0592831 0.0404135
9.99101E-05 9.99101E-05 9.99101E-05 9.99101E-05 9.99101E-05 0.999001 9.99101E-05 9.99101E-05 9.99101E-05 9.99101E-05 9.99101E-05
0.999001 9.99101E-05 9.99101E-05 9.99101E-05 9.99101E-05 9.99101E-05 9.99101E-05 9.99101E-05 9.99101E-05 9.99101E-05 9.99101E-05
0.0231708 0.0306386 0.106351 0.0578353 0.0982872 0.0462003 0.0687967 0.427719 0.0573736 0.042666 0.0409616
0.000545392 9.9964E-05 9.9964E-05 0.00336072 9.9964E-05 0.00402907 9.9964E-05 0.000875591 0.00342126 0.00973655 0.977632
0.0253034 0.0753759 0.148731 0.0612687 0.0782089 0.0622432 0.113211 0.255519 0.0665478 0.0627168 0.0508741
0.0500199 0.0509342 0.14368 0.0548002 0.0845697 0.0736146 0.177683 0.152458 0.0528439 0.0982375 0.0611587
0.00704095 9.99279E-05 9.99279E-05 0.00100046 9.99279E-05 9.99279E-05 9.99279E-05 0.991159 9.99279E-05 9.99279E-05 9.99279E-05
9.99101E-05 9.99101E-05 9.99101E-05 9.99101E-05 9.99101E-05 9.99101E-05 9.99101E-05 0.999001 9.99101E-05 9.99101E-05 9.99101E-05
9.9982E-05 0.00325508 0.0666577 0.00582399 9.9982E-05 0.535326 0.152235 0.137377 0.0400535 0.0332736 0.0257988
9.99101E-05 9.99101E-05 9.99101E-05 9.99101E-05 9.99101E-05 9.99101E-05 0.999001 9.99101E-05 9.99101E-05 9.99101E-05 9.99101E-05
0.00140568 9.9955E-05 9.9955E-05 9.9955E-05 9.9955E-05 0.0111555 0.945544 0.00977473 0.021638 0.00998199 9.9955E-05
0.027361 0.0694893 0.162943 0.0562845 0.0534105 0.0776805 0.174823 0.227638 0.0519073 0.0642724 0.0341914
0.0096823 0.0201835 0.0298092 0.0240066 0.796644 0.00412459 0.0415635 0.00409917 0.00553886 0.0385889 0.0257593
0.0247884 0.0305567 0.708506 0.0354346 0.0430125 0.0303984 0.029656 0.0292634 0.022727 0.0408108 0.00484592
9.9928E-05 9.9928E-05 9.9928E-05 9.9928E-05 0.988754 9.9928E-05 9.9928E-05 9.9928E-05 0.00904707 0.00139991 9.9928E-05
9.9955E-05 0.0160134 0.945376 0.00797608 0.0119536 9.9955E-05 9.9955E-05 0.0162173 0.00196382 9.9955E-05 9.9955E-05
9.9955E-05 0.0106667 0.0264748 0.926974 9.9955E-05 0.00797951 9.9955E-05 0.0238025 9.9955E-05 9.9955E-05 0.00360268
9.99101E-05 9.99101E-05 9.99101E-05 9.99101E-05 9.99101E-05 9.99101E-05 9.99101E-05 9.99101E-05 9.99101E-05 0.999001 9.99101E-05
9.9964E-05 0.00355783 0.0241131 0.00691945 9.9964E-05 0.0159898 0.0245621 9.9964E-05 9.9964E-05 0.913212 0.0112462
9.99101E-05 0.999001 9.99101E-05 9.99101E-05 9.99101E-05 9.99101E-05 9.99101E-05 9.99101E-05 9.99101E-05 9.99101E-05 9.99101E-05
0.00405451 9.9919E-05 9.9919E-05 9.9919E-05 9.9919E-05 0.995046 9.9919E-05 9.9919E-05 9.9919E-05 9.9919E-05 9.9919E-05
0.999001 9.99101E-05 9.99101E-05 9.99101E-05 9.99101E-05 9.99101E-05 9.99101E-05 9.99101E-05 9.99101E-05 9.99101E-05 9.99101E-05
0.00332428 0.00371823 0.00866563 0.0184428 9.9982E-05 0.923319 0.0156347 9.9982E-05 0.00431874 0.0187087 0.00366813
0.974374 0.00145751 0.0091123 9.9946E-05 9.9946E-05 9.9946E-05 0.00519554 9.9946E-05 9.9946E-05 0.00926114 9.9946E-05
0.0349781 0.0312571 0.141427 0.0433905 0.0946601 0.0293232 0.0708198 0.473786 0.0491248 0.0164953 0.0147378
9.99101E-05 9.99101E-05 9.99101E-05 9.99101E-05 9.99101E-05 9.99101E-05 9.99101E-05 9.99101E-05 9.99101E-05 9.99101E-05 0.999001
0.0516643 0.073855 0.106579 0.0875541 0.083935 0.0970571 0.126162 0.185065 0.0472777 0.0905755 0.0502756
9.99189E-05 9.99189E-05 9.99189E-05 9.99189E-05 9.99189E-05 0.000432356 9.99189E-05 0.998668 9.99189E-05 9.99189E-05 9.99189E-05
9.99101E-05 9.99101E-05 9.99101E-05 9.99101E-05 9.99101E-05 9.99101E-05 9.99101E-05 0.999001 9.99101E-05 9.99101E-05 9.99101E-05
0.0152645 0.0438611 0.164201 0.0601026 0.0596231 0.0478004 0.237647 0.248717 0.0334964 0.0421209 0.0471652
9.99101E-05 9.99101E-05 9.99101E-05 9.99101E-05 9.99101E-05 9.99101E-05 0.999001 9.99101E-05 9.99101E-05 9.99101E-05 9.99101E-05
0.0399585 0.0470629 0.131809 0.028085 0.0524872 0.0533881 0.472259 0.090638 0.040054 0.0217356 0.0225221
9.9946E-05 9.9946E-05 0.945317 9.9946E-05 0.00998917 9.9946E-05 9.9946E-05 9.9946E-05 0.0163681 0.010088 0.0176376
9.99101E-05 9.99101E-05 9.99101E-05 9.99101E-05 0.999001 9.99101E-05 9.99101E-05 9.99101E-05 9.99101E-05 9.99101E-05 9.99101E-05
0.021182 0.0323009 0.695412 0.0389898 0.0258606 0.00992846 0.0566652 0.0547774 0.0128032 0.0371453 0.0149355
9.99101E-05 9.99101E-05 9.99101E-05 0.999001 9.99101E-05 9.99101E-05 9.99101E-05 9.99101E-05 9.99101E-05 9.99101E-05 9.99101E-05
9.9955E-05 0.00105958 0.0264332 0.949162 9.9955E-05 0.00553128 9.9955E-05 0.0151493 9.9955E-05 9.9955E-05 0.00216446
9.99101E-05 9.99101E-05 9.99101E-05 9.99101E-05 9.99101E-05 9.99101E-05 9.99101E-05 9.99101E-05 9.99101E-05 0.999001 9.99101E-05
0.0115552 0.000864958 0.0179407 0.0124952 0.000851411 0.0175926 0.0297332 0.0158972 9.9991E-05 0.879876 0.0130937
9.99101E-05 0.999001 9.99101E-05 9.99101E-05 9.99101E-05 9.99101E-05 9.99101E-05 9.99101E-05 9.99101E-05 9.99101E-05 9.99101E-05
9.99101E-05 9.99101E-05 9.99101E-05 9.99101E-05 9.99101E-05 0.999001 9.99101E-05 9.99101E-05 9.99101E-05 9.99101E-05 9.99101E-05
9.9946E-05 0.00516176 0.0113639 9.9946E-05 9.9946E-05 9.9946E-05 9.9946E-05 9.9946E-05 0.97628 0.00614754 0.00044704
9.99101E-05 9.99101E-05 9.99101E-05 9.99101E-05 9.99101E-05 0.999001 9.99101E-05 9.99101E-05 9.99101E-05 9.99101E-05 9.99101E-05
9.9919E-05 9.9919E-05 9.9919E-05 0.00436602 9.9919E-05 9.9919E-05 9.9919E-05 9.9919E-05 0.994735 9.9919E-05 9.9919E-05
0.0346694 0.0389092 0.115947 0.0580446 0.089376 0.0493985 0.0866167 0.423132 0.0434685 0.0265169 0.0339216
0.00787713 0.00204937 9.9946E-05 0.00161901 9.9946E-05 0.0028478 9.9946E-05 9.9946E-05 9.9946E-05 9.9946E-05 0.985007
0.0342383 0.0538066 0.163264 0.05527 0.10437 0.0513408 0.0820412 0.31718 0.0503088 0.0448747 0.0433056
0.00773867 0.00935008 9.99369E-05 9.99369E-05 9.99369E-05 9.99369E-05 9.99369E-05 0.975137 9.99369E-05 0.00707484 9.99369E-05
0.00217006 9.99189E-05 9.99189E-05 9.99189E-05 9.99189E-05 9.99189E-05 9.99189E-05 0.996931 9.99189E-05 9.99189E-05 9.99189E-05
0.0149687 0.0687606 0.139631 0.0623421 0.0532458 0.08505 0.186156 0.201459 0.0696578 0.0569991 0.0617303
9.99101E-05 9.99101E-05 9.99101E-05 9.99101E-05 9.99101E-05 9.99101E-05 0.999001 9.99101E-05 9.99101E-05 9.99101E-05 9.99101E-05
0.0315298 0.0450915 0.0984081 0.0515754 0.389794 0.0480828 0.0560738 0.150456 0.0221545 0.0681934 0.0386415
0.0177921 0.010467 0.834525 0.00809599 0.0269616 0.0161017 0.0134617 0.0091425 0.0206943 0.0327985 0.00995934
9.99101E-05 9.99101E-05 9.99101E-05 9.99101E-05 0.999001 9.99101E-05 9.99101E-05 9.99101E-05 9.99101E-05 9.99101E-05 9.99101E-05
9.99101E-05 9.99101E-05 0.999001 9.99101E-05 9.99101E-05 9.99101E-05 9.99101E-05 9.99101E-05 9.99101E-05 9.99101E-05 9.99101E-05
0.00145756 9.99418E-05 9.99418E-05 0.994702 0.00087944 9.99418E-05 9.99418E-05 9.99418E-05 9.99418E-05 0.0022614 9.99418E-05
9.9946E-05 0.0147502 0.0303514 0.944118 9.9946E-05 0.00376351 9.9946E-05 0.00641674 9.9946E-05 9.9946E-05 9.9946E-05
9.99101E-05 9.99101E-05 9.99101E-05 9.99101E-05 9.99101E-05 9.99101E-05 9.99101E-05 9.99101E-05 9.99101E-05 0.999001 9.99101E-05
0.0344265 0.027413 0.0813832 0.0372624 0.0344736 0.0198971 0.055658 0.0756616 0.0242459 0.566753 0.0428258
0.00450324 0.958004 0.000736622 9.9982E-05 0.0054728 0.00766598 0.00498326 0.00263604 0.00507682 9.9982E-05 0.0107211
9.9955E-05 9.9955E-05 9.9955E-05 0.00224478 0.00875118 0.969019 0.00372447 9.9955E-05 0.00433254 9.9955E-05 0.0114287
0.942963 0.0101367 9.9973E-05 0.00665326 0.00294333 0.00472152 0.01176 9.9973E-05 9.9973E-05 0.0145308 0.00599095
0.00705427 0.00486501 0.0307439 0.0060956 0.0158536 0.845089 0.0133825 0.0252557 0.00285711 0.0300527 0.0187507
9.99101E-05 9.99101E-05 9.99101E-05 9.99101E-05 9.99101E-05 9.99101E-05 9.99101E-05 9.99101E-05 0.999001 9.99101E-05 9.99101E-05
0.0479982 0.0419698 0.0989915 0.0714082 0.106971 0.0370986 0.088985 0.408946 0.0209922 0.0336869 0.0429526
9.99101E-05 9.99101E-05 9.99101E-05 9.99101E-05 9.99101E-05 9.99101E-05 9.99101E-05 9.99101E-05 9.99101E-05 9.99101E-05 0.999001
0.0343818 0.0555827 0.11966 0.0570627 0.116439 0.0508325 0.0788264 0.35509 0.0326046 0.0492868 0.0502337
0.0338117 0.0309021 0.0836652 0.0342539 0.0270607 0.0316147 0.0609515 0.652502 0.00477427 0.0236999 0.0167639
9.99101E-05 9.99101E-05 9.99101E-05 9.99101E-05 9.99101E-05 9.99101E-05 9.99101E-05 0.999001 9.99101E-05 9.99101E-05 9.99101E-05
9.9982E-05 0.00481326 0.018823 0.00156403 0.00191305 0.00234857 0.915573 0.0142868 0.0218145 0.0186643 9.9982E-05
0.00951621 0.0641452 0.162992 0.0654914 0.045362 0.069178 0.17934 0.222623 0.0528623 0.0699559 0.058534
0.0342357 0.0393721 0.0796594 0.0560202 0.363668 0.0444589 0.0745203 0.168329 0.0204423 0.0708865 0.048407
0.011339 0.00515405 0.905497 0.0126883 0.00431106 0.0093445 0.00257982 9.9991E-05 0.0159903 0.0247085 0.00828746
9.99101E-05 9.99101E-05 9.99101E-05 9.99101E-05 0.999001 9.99101E-05 9.99101E-05 9.99101E-05 9.99101E-05 9.99101E-05 9.99101E-05
0.0176082 0.0168673 0.793191 0.0129076 0.0133545 0.00603261 0.0457164 0.0568967 0.0117687 0.0221767 0.00348023
9.99191E-05 9.99191E-05 9.99191E-05 0.998635 0.000465561 9.99191E-05 9.99191E-05 9.99191E-05 9.99191E-05 9.99191E-05 9.99191E-05
9.99101E-05 9.99101E-05 9.99101E-05 0.999001 9.99101E-05 9.99101E-05 9.99101E-05 9.99101E-05 9.99101E-05 9.99101E-05 9.99101E-05
9.99101E-05 9.99101E-05 9.99101E-05 9.99101E-05 9.99101E-05 9.99101E-05 9.99101E-05 9.99101E-05 9.99101E-05 0.999001 9.99101E-05
0.0260772 0.0268505 0.0879716 0.0327071 0.0399074 0.031415 0.0698832 0.069141 0.0207892 0.570395 0.0248631
0.00846789 0.841604 0.0321258 0.00879331 0.0276852 0.0252752 9.9991E-05 0.0104263 0.0100584 0.0276209 0.00784258
9.99101E-05 9.99101E-05 9.99101E-05 9.99101E-05 9.99101E-05 0.999001 9.99101E-05 9.99101E-05 9.99101E-05 9.99101E-05 9.99101E-05
0.999001 9.99101E-05 9.99101E-05 9.99101E-05 9.99101E-05 9.99101E-05 9.99101E-05 9.99101E-05 9.99101E-05 9.99101E-05 9.99101E-05
0.0154359 0.0259703 0.0280531 0.0313741 0.0181479 0.737288 0.0354878 0.0254995 0.0213669 0.0388269 0.0225497
9.99101E-05 9.99101E-05 9.99101E-05 9.99101E-05 9.99101E-05 9.99101E-05 9.99101E-05 9.99101E-05 0.999001 9.99101E-05 9.99101E-05
0.0422837 0.0267804 0.120281 0.0547082 0.0925675 0.0429683 0.0710227 0.449685 0.0511888 0.0225627 0.0259521
9.99101E-05 9.99101E-05 9.99101E-05 9.99101E-05 9.99101E-05 9.99101E-05 9.99101E-05 9.99101E-05 9.99101E-05 9.99101E-05 0.999001
0.0267835 0.0541128 0.12929 0.0519928 0.0900288 0.0596718 0.199419 0.164047 0.0740408 0.087402 0.0632109
0.0324591 0.0367003 0.134793 0.0462973 0.100974 0.0324769 0.068429 0.420312 0.0318514 0.0361444 0.0595624
0.00493353 0.0379565 0.0997144 0.0318926 0.0132162 0.0184003 0.0584959 0.645142 0.0237327 0.0359506 0.0305656
9.999E-05 0.0230749 0.0260773 0.0263288 0.01906 0.0133887 0.0231281 0.806874 0.012406 0.0182587 0.0313039
0.0330732 0.0328554 0.0531966 0.0336742 0.0281548 0.0401222 0.5479 0.109536 0.0528863 0.0444467 0.0241541
0.0130477 0.0821012 0.14425 0.051772 0.0480966 0.0804326 0.182995 0.198583 0.0614903 0.0633341 0.0738972
0.00125562 0.0229839 0.027105 0.0172334 0.825683 0.00764538 0.0434041 0.00928707 9.9991E-05 0.0213187 0.0239837
9.9955E-05 9.9955E-05 0.931214 0.00626498 9.9955E-05 0.00893436 9.9955E-05 9.9955E-05 0.026839 0.0135156 0.0127326
0.00173278 0.0137967 0.00198796 0.00943885 0.932047 0.00663585 9.9973E-05 9.9973E-05 0.0196097 0.0144517 9.9973E-05
9.99101E-05 9.99101E-05 0.999001 9.99101E-05 9.99101E-05 9.99101E-05 9.99101E-05 9.99101E-05 9.99101E-05 9.99101E-05 9.99101E-05
0.0105626 9.9973E-05 9.9973E-05 0.950043 0.00448685 0.00210467 0.0107191 9.9973E-05 0.0095173 0.00884357 0.00342282
9.99101E-05 9.99101E-05 9.99101E-05 0.999001 9.99101E-05 9.99101E-05 9.99101E-05 9.99101E-05 9.99101E-05 9.99101E-05 9.99101E-05
9.99101E-05 9.99101E-05 9.99101E-05 9.99101E-05 9.99101E-05 9.99101E-05 9.99101E-05 9.99101E-05 9.99101E-05 0.999001 9.99101E-05
0.00506177 9.99841E-05 0.0173285 0.0109358 0.0018472 0.00319206 0.0332945 9.99841E-05 0.000733797 0.915223 0.0121837
9.9928E-05 0.996038 9.9928E-05 0.00196764 9.9928E-05 9.9928E-05 9.9928E-05 9.9928E-05 0.00119484 9.9928E-05 9.9928E-05
9.99101E-05 9.99101E-05 9.99101E-05 9.99101E-05 9.99101E-05 0.999001 9.99101E-05 9.99101E-05 9.99101E-05 9.99101E-05 9.99101E-05
0.999001 9.99101E-05 9.99101E-05 9.99101E-05 9.99101E-05 9.99101E-05 9.99101E-05 9.99101E-05 9.99101E-05 9.99101E-05 9.99101E-05
9.99101E-05 9.99101E-05 9.99101E-05 9.99101E-05 9.99101E-05 0.999001 9.99101E-05 9.99101E-05 9.99101E-05 9.99101E-05 9.99101E-05
9.99101E-05 9.99101E-05 9.99101E-05 9.99101E-05 9.99101E-05 9.99101E-05 9.99101E-05 9.99101E-05 0.999001 9.99101E-05 9.99101E-05
0.00194356 0.0456858 0.154305 0.0578001 0.055634 0.0884929 0.201032 0.258015 0.0466548 0.0457463 0.044691
9.9964E-05 0.000659605 0.00983412 9.9964E-05 9.9964E-05 0.00605976 9.9964E-05 0.00571242 0.00134901 0.0033524 0.972633
0.0206542 0.0530632 0.136314 0.0382109 0.0856921 0.063734 0.218991 0.144634 0.0826328 0.0862335 0.0698394
0.0327651 0.0536707 0.150209 0.0411961 0.0985394 0.0672253 0.0747811 0.313857 0.0803376 0.0499971 0.0374211
0.00606441 0.0374013 0.10367 0.0241136 9.99917E-05 0.00443915 0.0788892 0.669971 0.0240903 0.0276202 0.023641
9.999E-05 0.00382275 0.0391477 0.0169024 0.0390684 0.0177394 0.060183 0.765679 0.0218455 0.0247673 0.0107446
0.000709814 0.00212842 9.9937E-05 9.9937E-05 9.9937E-05 9.9937E-05 0.978373 9.9937E-05 0.018089 9.9937E-05 9.9937E-05
0.0281291 0.0540381 0.148939 0.0678851 0.0442225 0.0763692 0.183494 0.222273 0.0447876 0.0683302 0.0615322
0.00160753 0.0185635 0.0247346 0.0164225 0.816928 0.00304057 0.0453908 0.0186322 0.00387081 0.0285489 0.0222609
9.99101E-05 9.99101E-05 0.999001 9.99101E-05 9.99101E-05 9.99101E-05 9.99101E-05 9.99101E-05 9.99101E-05 9.99101E-05 9.99101E-05
9.99101E-05 9.99101E-05 9.99101E-05 9.99101E-05 0.999001 9.99101E-05 9.99101E-05 9.99101E-05 9.99101E-05 9.99101E-05 9.99101E-05
9.9919E-05 0.00487373 0.994227 9.9919E-05 9.9919E-05 9.9919E-05 9.9919E-05 9.9919E-05 9.9919E-05 9.9919E-05 9.9919E-05
0.00797972 9.9973E-05 9.9973E-05 0.953503 0.0124746 0.000779925 0.0114461 9.9973E-05 0.00449185 0.00333151 0.00569333
9.9928E-05 0.00551125 0.000583171 0.993106 9.9928E-05 9.9928E-05 9.9928E-05 9.9928E-05 9.9928E-05 9.9928E-05 9.9928E-05
9.99101E-05 9.99101E-05 9.99101E-05 9.99101E-05 9.99101E-05 9.99101E-05 9.99101E-05 9.99101E-05 9.99101E-05 0.999001 9.99101E-05
9.99101E-05 9.99101E-05 9.99101E-05 9.99101E-05 9.99101E-05 9.99101E-05 9.99101E-05 9.99101E-05 9.99101E-05 0.999001 9.99101E-05
0.00970731 0.972421 9.9946E-05 0.00564396 9.9946E-05 9.9946E-05 9.9946E-05 9.9946E-05 9.9946E-05 0.00895307 0.00267504
0.00656523 9.99606E-05 9.99606E-05 0.0042775 9.99606E-05 0.963004 0.0073407 9.99606E-05 9.99606E-05 0.00875277 0.00955985
0.187695 0.044556 0.0846092 0.0523057 0.0591414 0.0355349 0.0715662 0.0891969 0.320692 0.0500593 0.00464332
0.0094136 9.9964E-05 0.00840444 9.9964E-05 0.000107599 0.959057 0.0154077 0.00494134 9.9964E-05 9.9964E-05 0.00226855
0.000438713 9.9946E-05 0.003036 0.00782659 9.9946E-05 9.9946E-05 9.9946E-05 9.9946E-05 0.00150609 9.9946E-05 0.986593
0.0528414 0.0318401 0.137065 0.0592227 0.11906 0.0355422 0.0762551 0.382716 0.0231596 0.0407474 0.0415503
0.0265027 0.0522276 0.133661 0.0451927 0.0898479 0.0631222 0.206807 0.152366 0.0694217 0.0977996 0.0630515
0.0380762 0.076221 0.14132 0.0653657 0.0742516 0.0628217 0.130647 0.284004 0.0582935 0.0274594 0.0415393
0.00687669 0.0427103 0.090477 0.027794 0.0067174 0.0120897 0.0531432 0.681518 0.0258575 0.0335688 0.0192471
0.0356077 0.0308112 0.072577 0.0239318 0.0243884 0.0296974 0.0561305 0.659145 0.0180093 0.0188055 0.0308962
9.99101E-05 9.99101E-05 9.99101E-05 9.99101E-05 9.99101E-05 9.99101E-05 0.999001 9.99101E-05 9.99101E-05 9.99101E-05 9.99101E-05
9.9955E-05 9.9955E-05 9.9955E-05 9.9955E-05 0.00267223 0.000838047 0.955178 0.0149375 0.0196433 0.00623134 9.9955E-05
0.00689906 0.051384 0.139392 0.0403102 0.0432923 0.0845955 0.218138 0.263438 0.0615254 0.0512115 0.039814
0.00548602 0.014724 0.0337468 0.016297 0.84864 0.00825253 0.0274055 0.00850425 9.9991E-05 0.0236654 0.013179
9.99101E-05 9.99101E-05 0.999001 9.99101E-05 9.99101E-05 9.99101E-05 9.99101E-05 9.99101E-05 9.99101E-05 9.99101E-05 9.99101E-05
9.99101E-05 9.99101E-05 9.99101E-05 9.99101E-05 0.999001 9.99101E-05 9.99101E-05 9.99101E-05 9.99101E-05 9.99101E-05 9.99101E-05
9.99281E-05 0.0104853 0.982974 9.99281E-05 9.99281E-05 9.99281E-05 9.99281E-05 0.00574167 9.99281E-05 9.99281E-05 9.99281E-05
0.00122106 9.9928E-05 9.9928E-05 0.996537 9.9928E-05 9.9928E-05 0.00144293 9.9928E-05 9.9928E-05 9.9928E-05 9.9928E-05
9.9946E-05 9.9946E-05 0.000759689 9.9946E-05 9.9946E-05 0.000580841 0.030043 9.9946E-05 9.9946E-05 0.964002 0.00401514
9.99101E-05 0.999001 9.99101E-05 9.99101E-05 9.99101E-05 9.99101E-05 9.99101E-05 9.99101E-05 9.99101E-05 9.99101E-05 9.99101E-05
0.0245485 0.494013 0.11428 0.0393372 0.0127174 0.0394106 0.0676975 0.116654 0.0182285 0.0536458 0.0194682
0.161947 0.0328798 0.123899 0.060649 0.0468327 0.0380606 0.0939932 0.150234 0.196714 0.0569851 0.0378053
9.99101E-05 9.99101E-05 9.99101E-05 9.99101E-05 9.99101E-05 0.999001 9.99101E-05 9.99101E-05 9.99101E-05 9.99101E-05 9.99101E-05
0.999001 9.99101E-05 9.99101E-05 9.99101E-05 9.99101E-05 9.99101E-05 9.99101E-05 9.99101E-05 9.99101E-05 9.99101E-05 9.99101E-05
0.0109773 0.0181832 0.00670092 0.0203736 0.0243534 0.845307 0.0199857 0.0081751 0.00593795 0.0235599 0.0164462
9.99101E-05 9.99101E-05 9.99101E-05 9.99101E-05 9.99101E-05 9.99101E-05 9.99101E-05 9.99101E-05 9.99101E-05 9.99101E-05 0.999001
0.0497605 0.0456031 0.130811 0.0531805 0.123868 0.0492985 0.0782565 0.333564 0.0253146 0.0682146 0.0421276
0.042308 0.0472103 0.149182 0.0549139 0.0904739 0.0653581 0.180141 0.159053 0.0588137 0.0917946 0.0607517
0.046355 0.0388193 0.136212 0.0482704 0.0870621 0.0552188 0.12072 0.348401 0.020976 0.0487858 0.0491793
0.0311144 0.0366456 0.05272 0.0038921 0.0335089 0.022048 0.0627945 0.72592 0.000444002 0.00940665 0.0215057
0.0226973 9.9964E-05 9.9964E-05 0.0214311 9.9964E-05 0.0135912 9.9964E-05 0.901704 0.0117833 0.000519386 0.027874
9.99101E-05 9.99101E-05 9.99101E-05 9.99101E-05 9.99101E-05 9.99101E-05 0.999001 9.99101E-05 9.99101E-05 9.99101E-05 9.99101E-05
0.00368059 0.0220232 0.0137098 0.0369885 0.0305677 0.0187285 0.774082 0.0403148 0.0224303 0.0318691 0.00560528
0.00359407 0.0605059 0.140729 0.0339038 0.0380138 0.0817325 0.23424 0.259034 0.0545393 0.0470546 0.0466526
0.0116358 0.0255101 0.0276199 0.0208325 0.792528 0.020255 0.0227407 0.0282551 9.9991E-05 0.0226226 0.0279005
9.99101E-05 9.99101E-05 0.999001 9.99101E-05 9.99101E-05 9.99101E-05 9.99101E-05 9.99101E-05 9.99101E-05 9.99101E-05 9.99101E-05
9.99101E-05 9.99101E-05 9.99101E-05 9.99101E-05 0.999001 9.99101E-05 9.99101E-05 9.99101E-05 9.99101E-05 9.99101E-05 9.99101E-05
9.99101E-05 9.99101E-05 9.99101E-05 0.999001 9.99101E-05 9.99101E-05 9.99101E-05 9.99101E-05 9.99101E-05 9.99101E-05 9.99101E-05
