9.99101E-05 9.99101E-05 9.99101E-05 9.99101E-05 9.99101E-05 9.99101E-05 9.99101E-05 9.99101E-05 0.999001 9.99101E-05 9.99101E-05
0.00367039 0.00540018 0.0124899 0.00655612 0.000272641 0.00199432 0.00876812 0.943586 0.00438823 9.9991E-05 0.0127736
9.9964E-05 0.00663269 0.00501736 0.0141619 9.9964E-05 9.9964E-05 0.0324191 0.934639 0.00182508 9.9964E-05 0.0049045
9.99101E-05 9.99101E-05 9.99101E-05 9.99101E-05 9.99101E-05 0.999001 9.99101E-05 9.99101E-05 9.99101E-05 9.99101E-05 9.99101E-05
9.99101E-05 9.99101E-05 9.99101E-05 9.99101E-05 9.99101E-05 0.999001 9.99101E-05 9.99101E-05 9.99101E-05 9.99101E-05 9.99101E-05
0.114051 0.135819 0.0517326 0.0287872 0.3293 0.055683 0.0869385 0.0659699 0.0670116 0.0261282 0.0385796
9.99101E-05 9.99101E-05 0.999001 9.99101E-05 9.99101E-05 9.99101E-05 9.99101E-05 9.99101E-05 9.99101E-05 9.99101E-05 9.99101E-05
9.99101E-05 9.99101E-05 9.99101E-05 9.99101E-05 0.999001 9.99101E-05 9.99101E-05 9.99101E-05 9.99101E-05 9.99101E-05 9.99101E-05
0.381872 0.120833 0.0426055 0.0390273 0.0311005 0.0413813 0.107315 0.0505009 0.0642302 0.0970506 0.0240841
9.9928E-05 9.9928E-05 9.9928E-05 9.9928E-05 9.9928E-05 0.00415547 9.9928E-05 0.00954238 9.9928E-05 9.9928E-05 0.985503
0.25214 0.12283 0.057251 0.0402787 0.047682 0.0614714 0.139025 0.0639201 0.072501 0.0872451 0.0556558
0.149693 0.172779 0.0703191 0.0735886 0.0353669 0.03875 0.164717 0.0985396 0.0451854 0.092336 0.0587254
0.973993 9.99549E-05 9.99549E-05 0.00598195 0.000692242 0.00103166 9.99549E-05 0.00638246 0.0114191 9.99549E-05 9.99549E-05
0.999001 9.99101E-05 9.99101E-05 9.99101E-05 9.99101E-05 9.99101E-05 9.99101E-05 9.99101E-05 9.99101E-05 9.99101E-05 9.99101E-05
0.127382 0.131695 0.548673 0.0516966 9.9991E-05 0.0104054 0.066121 0.0221679 0.00600752 0.00241909 0.0333333
9.99101E-05 9.99101E-05 9.99101E-05 0.999001 9.99101E-05 9.99101E-05 9.99101E-05 9.99101E-05 9.99101E-05 9.99101E-05 9.99101E-05
9.99189E-05 0.998211 9.99189E-05 0.000889987 9.99189E-05 9.99189E-05 9.99189E-05 9.99189E-05 9.99189E-05 9.99189E-05 9.99189E-05
0.205614 0.17262 0.0765795 0.0660825 0.0229565 0.0638318 0.180903 0.0666715 0.0637552 0.0534967 0.0274897
9.999E-05 0.00953853 0.00773182 0.0161965 0.00761014 0.0230216 0.0397434 0.0386274 0.0369103 0.789245 0.0312748
0.0119449 0.0248616 0.0296971 0.0197738 0.0180316 0.0435457 0.703515 0.0407936 0.0333709 0.0458413 0.0286249
9.9928E-05 9.9928E-05 0.00398646 0.00293088 9.9928E-05 9.9928E-05 9.9928E-05 9.9928E-05 9.9928E-05 0.992283 9.9928E-05
0.0254673 0.00524174 9.9982E-05 0.00492649 0.000267364 0.0117793 0.923564 9.9982E-05 0.00357608 0.0189931 0.00598442
0.00468511 9.9973E-05 0.014304 9.9973E-05 0.00574534 0.00645859 0.0397898 0.00233854 0.923541 9.9973E-05 0.00283804
9.99101E-05 9.99101E-05 9.99101E-05 9.99101E-05 9.99101E-05 9.99101E-05 9.99101E-05 0.999001 9.99101E-05 9.99101E-05 9.99101E-05
0.00101661 0.000224376 0.0058374 0.0161122 9.9982E-05 9.9982E-05 0.0247558 0.915169 0.00878903 0.00559232 0.0223035
9.99101E-05 9.99101E-05 9.99101E-05 9.99101E-05 9.99101E-05 0.999001 9.99101E-05 9.99101E-05 9.99101E-05 9.99101E-05 9.99101E-05
9.99101E-05 9.99101E-05 0.999001 9.99101E-05 9.99101E-05 9.99101E-05 9.99101E-05 9.99101E-05 9.99101E-05 9.99101E-05 9.99101E-05
9.99101E-05 9.99101E-05 9.99101E-05 9.99101E-05 0.999001 9.99101E-05 9.99101E-05 9.99101E-05 9.99101E-05 9.99101E-05 9.99101E-05
0.0161304 0.0166619 0.915558 0.0048192 0.0031344 0.00535734 0.0104742 0.00668068 0.0064534 0.0081853 0.00654532
9.9946E-05 9.9946E-05 9.9946E-05 9.9946E-05 0.97615 0.00475901 9.9946E-05 0.00782051 0.0045487 0.00612214 9.9946E-05
0.418442 0.120063 0.0344167 0.044183 0.0376974 0.0430096 0.11568 0.020996 0.0581719 0.0956381 0.0117025
9.99101E-05 9.99101E-05 9.99101E-05 9.99101E-05 9.99101E-05 9.99101E-05 9.99101E-05 9.99101E-05 9.99101E-05 9.99101E-05 0.999001
0.164339 0.104276 0.0983932 0.0443009 0.0589572 0.0553357 0.11496 0.101679 0.105993 0.0870515 0.0647141
0.995421 9.99279E-05 0.00334178 9.99279E-05 0.000437984 9.99279E-05 9.99279E-05 9.99279E-05 9.99279E-05 9.99279E-05 9.99279E-05
0.999001 9.99101E-05 9.99101E-05 9.99101E-05 9.99101E-05 9.99101E-05 9.99101E-05 9.99101E-05 9.99101E-05 9.99101E-05 9.99101E-05
0.226072 0.193519 0.0536149 0.106553 0.00347823 0.0437025 0.168152 0.0402749 0.0549459 0.0564948 0.0531934
9.99101E-05 9.99101E-05 9.99101E-05 0.999001 9.99101E-05 9.99101E-05 9.99101E-05 9.99101E-05 9.99101E-05 9.99101E-05 9.99101E-05
0.0748302 0.48276 0.0482742 0.0686304 0.0149797 0.0413241 0.119291 0.0194411 0.0316483 0.066514 0.0323065
9.9955E-05 0.0238934 0.00462968 9.9955E-05 9.9955E-05 9.9955E-05 0.960749 0.00484792 9.9955E-05 0.00171312 0.00366716
9.99101E-05 9.99101E-05 9.99101E-05 9.99101E-05 9.99101E-05 9.99101E-05 9.99101E-05 9.99101E-05 9.99101E-05 0.999001 9.99101E-05
0.0422417 0.0620921 0.0155537 0.0143595 0.0180624 0.0318402 0.692472 0.0322883 0.0366156 0.0375992 0.0168753
9.99101E-05 9.99101E-05 9.99101E-05 9.99101E-05 9.99101E-05 9.99101E-05 9.99101E-05 9.99101E-05 0.999001 9.99101E-05 9.99101E-05
0.0103406 9.9946E-05 0.00751116 9.9946E-05 9.9946E-05 0.0105589 0.016663 9.9946E-05 0.954327 9.9946E-05 9.9946E-05
9.99101E-05 9.99101E-05 9.99101E-05 9.99101E-05 9.99101E-05 9.99101E-05 9.99101E-05 0.999001 9.99101E-05 9.99101E-05 9.99101E-05
0.0108652 0.0241636 0.00576479 0.00798455 0.0130977 0.00323009 0.0242017 0.874346 0.0185582 9.9991E-05 0.0176882
9.99101E-05 9.99101E-05 9.99101E-05 9.99101E-05 9.99101E-05 0.999001 9.99101E-05 9.99101E-05 9.99101E-05 9.99101E-05 9.99101E-05
9.99101E-05 9.99101E-05 0.999001 9.99101E-05 9.99101E-05 9.99101E-05 9.99101E-05 9.99101E-05 9.99101E-05 9.99101E-05 9.99101E-05
9.99189E-05 0.875383 9.99189E-05 9.99189E-05 0.123718 9.99189E-05 9.99189E-05 9.99189E-05 9.99189E-05 9.99189E-05 9.99189E-05
9.99101E-05 9.99101E-05 0.999001 9.99101E-05 9.99101E-05 9.99101E-05 9.99101E-05 9.99101E-05 9.99101E-05 9.99101E-05 9.99101E-05
9.99189E-05 0.875579 9.99189E-05 9.99189E-05 0.123521 9.99189E-05 9.99189E-05 9.99189E-05 9.99189E-05 9.99189E-05 9.99189E-05
0.372217 0.102772 0.0436731 0.0462996 0.0435033 0.0412511 0.130693 0.028705 0.0570925 0.100206 0.0335877
0.011007 9.9964E-05 9.9964E-05 0.00824713 0.00363253 0.00231735 9.9964E-05 0.000967604 0.000119762 9.9964E-05 0.973309
0.288012 0.131684 0.0502257 0.0182793 0.0390698 0.0509371 0.166414 0.0446858 0.0557069 0.107124 0.0478607
0.966185 9.99549E-05 9.99549E-05 9.99549E-05 0.00787149 0.00713254 9.99549E-05 0.00277806 0.0115141 9.99549E-05 0.00401901
0.999001 9.99127E-05 9.99127E-05 9.99127E-05 9.99127E-05 9.99127E-05 9.99127E-05 9.99127E-05 9.99127E-05 9.99127E-05 9.99127E-05
0.17525 0.194657 0.0743093 0.0943427 0.0139504 0.0753243 0.143171 0.0546118 0.0659618 0.0496866 0.0587347
9.99101E-05 9.99101E-05 9.99101E-05 0.999001 9.99101E-05 9.99101E-05 9.99101E-05 9.99101E-05 9.99101E-05 9.99101E-05 9.99101E-05
0.142732 0.0635686 0.0423961 0.0177575 0.0365733 0.0385052 0.110058 0.0602802 0.0432475 0.405278 0.0396039
9.999E-05 0.0323233 0.0296737 0.00187154 0.00727318 0.0104493 0.84343 0.0251666 0.00855617 0.0199736 0.0211829
9.99101E-05 9.99101E-05 9.99101E-05 9.99101E-05 9.99101E-05 9.99101E-05 9.99101E-05 9.99101E-05 9.99101E-05 0.999001 9.99101E-05
9.99101E-05 9.99101E-05 9.99101E-05 9.99101E-05 9.99101E-05 9.99101E-05 0.999001 9.99101E-05 9.99101E-05 9.99101E-05 9.99101E-05
9.9955E-05 0.00147405 9.9955E-05 9.9955E-05 0.00274762 9.9955E-05 9.9955E-05 0.0053722 0.983908 0.00441746 0.00158063
0.0177617 9.9946E-05 9.9946E-05 9.9946E-05 9.9946E-05 0.0103862 0.0129166 9.9946E-05 0.956366 9.9946E-05 0.00196995
9.99101E-05 9.99101E-05 9.99101E-05 9.99101E-05 9.99101E-05 9.99101E-05 9.99101E-05 0.999001 9.99101E-05 9.99101E-05 9.99101E-05
0.0792028 0.0478713 0.0177658 0.0447029 0.0418992 0.0270599 0.074665 0.568361 0.0313328 0.0254171 0.0417219
0.00822761 0.00859812 9.9973E-05 0.00703437 0.00264849 0.957989 0.0054512 0.00137058 0.00838048 9.9973E-05 9.9973E-05
9.9955E-05 0.00595441 0.967299 0.00119968 9.9955E-05 0.0105607 9.9955E-05 0.0117686 9.9955E-05 9.9955E-05 0.00271834
0.00400499 9.9973E-05 9.9973E-05 9.9973E-05 0.948511 0.00761271 0.000313121 0.0147557 0.00166343 0.0195513 0.00328757
0.0166045 0.0203222 0.848829 9.9991E-05 0.0131254 0.00982568 0.0124028 0.0227154 0.00994396 0.0215902 0.0245404
9.99189E-05 0.88644 9.99189E-05 9.99189E-05 0.112661 9.99189E-05 9.99189E-05 9.99189E-05 9.99189E-05 9.99189E-05 9.99189E-05
0.350664 0.110146 0.0402637 0.0493482 0.0422333 0.0561115 0.111434 0.0423705 0.0674154 0.103283 0.0267313
9.99101E-05 9.99101E-05 9.99101E-05 9.99101E-05 9.99101E-05 9.99101E-05 9.99101E-05 9.99101E-05 9.99101E-05 9.99101E-05 0.999001
0.324323 0.106117 0.0535358 0.0299487 0.0360694 0.0560649 0.113257 0.0467739 0.0659159 0.114794 0.0532003
0.625581 0.0409166 0.0470091 0.0309341 0.0167924 0.0307839 0.0877134 0.0373245 0.0363686 0.0297123 0.0168639
0.999001 9.99101E-05 9.99101E-05 9.99101E-05 9.99101E-05 9.99101E-05 9.99101E-05 9.99101E-05 9.99101E-05 9.99101E-05 9.99101E-05
9.99459E-05 0.984242 9.99459E-05 9.99459E-05 9.99459E-05 0.00342997 9.99459E-05 0.00319014 9.99459E-05 0.00318309 0.0053556
0.192619 0.187131 0.0713616 0.0736882 0.0157967 0.0750365 0.168363 0.0550606 0.0654183 0.0347477 0.0607772
0.131324 0.0732548 0.0502636 0.0221702 0.0538373 0.0428552 0.0957023 0.0734155 0.0653782 0.337379 0.0544201
9.999E-05 0.0173802 0.000621949 0.00152909 0.00770889 0.0031404 0.911219 0.0262843 0.00577562 0.0159113 0.0103293
9.99101E-05 9.99101E-05 9.99101E-05 9.99101E-05 9.99101E-05 9.99101E-05 9.99101E-05 9.99101E-05 9.99101E-05 0.999001 9.99101E-05
0.0532379 0.032596 9.9991E-05 0.0247194 0.0210841 0.0186167 0.765279 0.024194 0.0248337 0.0245526 0.0107861
9.99191E-05 9.99191E-05 9.99191E-05 0.00199507 9.99191E-05 9.99191E-05 9.99191E-05 9.99191E-05 0.997106 9.99191E-05 9.99191E-05
9.99101E-05 9.99101E-05 9.99101E-05 9.99101E-05 9.99101E-05 9.99101E-05 9.99101E-05 9.99101E-05 0.999001 9.99101E-05 9.99101E-05
9.99101E-05 9.99101E-05 9.99101E-05 9.99101E-05 9.99101E-05 9.99101E-05 9.99101E-05 0.999001 9.99101E-05 9.99101E-05 9.99101E-05
0.0548663 0.0508257 0.0347348 0.0405476 0.0260815 0.024928 0.0984697 0.574413 0.0266896 0.0388522 0.0295912
0.0245574 0.00316815 0.0265637 0.00299575 0.0183861 0.848134 0.0228369 0.00255733 0.00458597 0.0297841 0.0164303
9.99101E-05 9.99101E-05 0.999001 9.99101E-05 9.99101E-05 9.99101E-05 9.99101E-05 9.99101E-05 9.99101E-05 9.99101E-05 9.99101E-05
9.99101E-05 9.99101E-05 9.99101E-05 9.99101E-05 0.999001 9.99101E-05 9.99101E-05 9.99101E-05 9.99101E-05 9.99101E-05 9.99101E-05
0.0390421 0.0199194 0.733945 0.0190881 9.9991E-05 0.0253428 0.0441341 0.0361261 0.0251456 0.0321488 0.0250083
9.99189E-05 0.885079 9.99189E-05 9.99189E-05 0.114022 9.99189E-05 9.99189E-05 9.99189E-05 9.99189E-05 9.99189E-05 9.99189E-05
0.382877 0.11339 0.0385966 0.0403233 0.0371464 0.0500331 0.132734 0.0128626 0.0632077 0.10597 0.0228593
9.99101E-05 9.99101E-05 9.99101E-05 9.99101E-05 9.99101E-05 9.99101E-05 9.99101E-05 9.99101E-05 9.99101E-05 9.99101E-05 0.999001
0.170931 0.22132 0.0692784 0.0784183 0.0183734 0.0583751 0.130922 0.0647238 0.0412394 0.083642 0.0627765
0.374359 0.11351 0.0317633 0.0310727 0.0246225 0.0534414 0.119666 0.0349726 0.0511661 0.104473 0.0609542
0.592687 0.0678145 0.0155017 0.0365231 0.00126372 0.0418711 0.111616 0.0496557 0.0340751 0.0227509 0.0262407
0.777713 0.0392869 0.0244775 0.000633913 0.00763616 0.0321463 0.0257127 0.00795888 0.0237586 0.029623 0.0310526
0.0901373 0.589506 0.0343462 0.051781 0.00664173 0.0312329 0.0516062 0.0509232 0.0300852 0.0332144 0.0305257
0.188049 0.177621 0.0716381 0.0834186 0.0104894 0.0648973 0.150793 0.0533278 0.0630948 0.0618324 0.0748385
0.0155699 0.0152551 0.0102699 0.00635975 0.00580357 0.0214839 0.0424406 0.0204054 0.0169003 0.833752 0.0117592
9.9973E-05 0.0185301 0.0175631 9.9973E-05 0.00350242 9.9973E-05 0.938674 0.00213649 0.00446474 0.00152608 0.0133034
0.00312453 0.00704334 0.0133344 9.9982E-05 9.9982E-05 0.00955568 0.0102356 0.0144542 0.00363939 0.930066 0.00834687
9.99101E-05 9.99101E-05 9.99101E-05 9.99101E-05 9.99101E-05 9.99101E-05 0.999001 9.99101E-05 9.99101E-05 9.99101E-05 9.99101E-05
9.9964E-05 0.0121173 9.9964E-05 0.00622805 0.0047512 9.9964E-05 9.9964E-05 0.00693109 0.951761 0.00856523 0.00924648
9.99101E-05 9.99101E-05 9.99101E-05 9.99101E-05 9.99101E-05 9.99101E-05 9.99101E-05 9.99101E-05 0.999001 9.99101E-05 9.99101E-05
9.99101E-05 9.99101E-05 9.99101E-05 9.99101E-05 9.99101E-05 9.99101E-05 9.99101E-05 0.999001 9.99101E-05 9.99101E-05 9.99101E-05
0.00416507 0.0220096 0.00500993 0.0135566 0.000544761 9.9991E-05 0.0224283 0.90605 0.0133913 0.00273467 0.01001
9.9928E-05 9.9928E-05 9.9928E-05 9.9928E-05 9.9928E-05 0.993178 0.00415355 9.9928E-05 9.9928E-05 9.9928E-05 0.00186897
9.99101E-05 9.99101E-05 0.999001 9.99101E-05 9.99101E-05 9.99101E-05 9.99101E-05 9.99101E-05 9.99101E-05 9.99101E-05 9.99101E-05
9.99101E-05 9.99101E-05 9.99101E-05 9.99101E-05 0.999001 9.99101E-05 9.99101E-05 9.99101E-05 9.99101E-05 9.99101E-05 9.99101E-05
9.99101E-05 9.99101E-05 0.999001 9.99101E-05 9.99101E-05 9.99101E-05 9.99101E-05 9.99101E-05 9.99101E-05 9.99101E-05 9.99101E-05
9.99189E-05 0.875485 9.99189E-05 9.99189E-05 0.123616 9.99189E-05 9.99189E-05 9.99189E-05 9.99189E-05 9.99189E-05 9.99189E-05
0.24737 0.166759 0.0800254 0.081836 0.00539293 0.0448491 0.170221 0.0465923 0.0598477 0.0393959 0.0577099
9.9937E-05 9.9937E-05 0.00810885 9.9937E-05 0.00684716 9.9937E-05 0.00524419 9.9937E-05 9.9937E-05 9.9937E-05 0.9791
0.154501 0.222618 0.0655371 0.0699387 0.020878 0.0658666 0.132344 0.0757502 0.0290125 0.0921428 0.0714112
0.297187 0.137348 0.0571455 0.0257779 0.0387834 0.0554033 0.13041 0.053223 0.0485762 0.110094 0.0460526
0.637937 0.0751265 0.00660028 0.0339767 9.9991E-05 0.039219 0.123887 0.0339606 0.0250699 0.00532492 0.0187972
0.750866 0.0675164 0.0114012 0.0208012 0.00376249 0.0184846 0.0463119 0.0156368 0.0178834 0.0378921 0.00944431
9.99101E-05 0.999001 9.99101E-05 9.99101E-05 9.99101E-05 9.99101E-05 9.99101E-05 9.99101E-05 9.99101E-05 9.99101E-05 9.99101E-05
0.215324 0.168714 0.0768498 0.0694698 0.0196887 0.0621847 0.1447 0.0685142 0.0615082 0.0530957 0.0599507
0.00390885 0.0253927 0.00766846 0.0116601 0.00295894 0.0201518 0.0249806 0.031897 0.0230962 0.82541 0.0228758
9.99101E-05 9.99101E-05 9.99101E-05 9.99101E-05 9.99101E-05 9.99101E-05 0.999001 9.99101E-05 9.99101E-05 9.99101E-05 9.99101E-05
9.99101E-05 9.99101E-05 9.99101E-05 9.99101E-05 9.99101E-05 9.99101E-05 9.99101E-05 9.99101E-05 9.99101E-05 0.999001 9.99101E-05
9.9919E-05 9.9919E-05 9.9919E-05 9.9919E-05 9.9919E-05 0.00584711 0.993254 9.9919E-05 9.9919E-05 9.9919E-05 9.9919E-05
9.9973E-05 0.0126028 0.00119505 0.00597514 0.00516419 9.9973E-05 9.9973E-05 0.000922685 0.956724 0.00867811 0.00843786
9.9937E-05 9.9937E-05 0.00601089 9.9937E-05 9.9937E-05 0.00323085 0.00169349 9.9937E-05 0.988365 9.9937E-05 9.9937E-05
9.99101E-05 9.99101E-05 9.99101E-05 9.99101E-05 9.99101E-05 9.99101E-05 9.99101E-05 0.999001 9.99101E-05 9.99101E-05 9.99101E-05
9.99101E-05 9.99101E-05 9.99101E-05 9.99101E-05 9.99101E-05 9.99101E-05 9.99101E-05 0.999001 9.99101E-05 9.99101E-05 9.99101E-05
9.9955E-05 9.9955E-05 0.00657307 9.9955E-05 0.00645234 0.970447 9.9955E-05 0.0073926 0.00819135 9.9955E-05 0.000444175
9.9964E-05 0.0110505 0.973142 9.9964E-05 0.00132163 9.9964E-05 0.00198116 0.00897919 0.00199699 9.9964E-05 0.00112861
0.0835952 0.357327 0.0371394 0.0179702 0.214983 0.0499643 0.0902425 0.045365 0.0461884 0.0500201 0.00720486
0.00159121 0.00580746 0.963096 9.9964E-05 0.0107961 0.00474056 9.9964E-05 0.00358054 9.9964E-05 9.9964E-05 0.0099884
9.9946E-05 9.9946E-05 0.00306307 9.9946E-05 0.00319485 9.9946E-05 9.9946E-05 9.9946E-05 0.00371766 0.000550081 0.988875
0.342666 0.0933431 0.0266202 0.0342458 0.0443707 0.0383156 0.113246 0.0489675 0.0703202 0.135851 0.0520539
0.148799 0.217981 0.062358 0.0734421 0.0151811 0.0614917 0.136389 0.0787316 0.0404028 0.0915174 0.073706
0.24691 0.13385 0.0659084 0.0536773 0.0519784 0.0733996 0.146693 0.0430252 0.0603774 0.0917056 0.0324756
0.655102 0.0675873 0.0069058 0.0313906 0.00944673 0.0457368 0.0931509 0.0384924 0.0300576 0.00466743 0.0174623
0.634526 0.0710691 0.0424873 0.00292345 0.0377185 0.0303734 0.0676874 0.0162815 0.0284988 0.0335198 0.0349149
9.99101E-05 9.99101E-05 9.99101E-05 0.999001 9.99101E-05 9.99101E-05 9.99101E-05 9.99101E-05 9.99101E-05 9.99101E-05 9.99101E-05
9.99101E-05 0.999001 9.99101E-05 9.99101E-05 9.99101E-05 9.99101E-05 9.99101E-05 9.99101E-05 9.99101E-05 9.99101E-05 9.99101E-05
0.241065 0.210953 0.083197 0.10483 0.00869869 0.0621653 0.150691 0.0425079 0.0239844 0.0340822 0.0378254
0.013871 0.014231 0.00237825 0.0144157 0.000522524 0.0132098 0.0445321 0.0248801 0.023979 0.832851 0.0151296
9.99101E-05 9.99101E-05 9.99101E-05 9.99101E-05 9.99101E-05 9.99101E-05 0.999001 9.99101E-05 9.99101E-05 9.99101E-05 9.99101E-05
9.99101E-05 9.99101E-05 9.99101E-05 9.99101E-05 9.99101E-05 9.99101E-05 9.99101E-05 9.99101E-05 9.99101E-05 0.999001 9.99101E-05
9.9946E-05 0.00704275 0.0016163 9.9946E-05 0.00182061 0.00282617 0.986095 9.9946E-05 9.9946E-05 9.9946E-05 9.9946E-05
9.9928E-05 0.00121096 9.9928E-05 9.9928E-05 0.00151353 9.9928E-05 9.9928E-05 9.9928E-05 0.996476 9.9928E-05 9.9928E-05
9.9964E-05 0.00913246 0.00601469 0.0125097 9.9964E-05 9.9964E-05 0.00590271 0.95842 0.000920416 9.9964E-05 0.00669976
9.99101E-05 9.99101E-05 9.99101E-05 9.99101E-05 9.99101E-05 0.999001 9.99101E-05 9.99101E-05 9.99101E-05 9.99101E-05 9.99101E-05
0.116148 0.0576609 0.0410509 0.0237025 0.017358 0.48087 0.103427 0.0687792 0.0535637 0.0143102 0.0231299
0.132641 0.230451 0.0392415 0.0389813 0.203371 0.0401564 0.12276 0.0563548 0.0620379 0.0395562 0.0344499
9.99101E-05 9.99101E-05 0.999001 9.99101E-05 9.99101E-05 9.99101E-05 9.99101E-05 9.99101E-05 9.99101E-05 9.99101E-05 9.99101E-05
9.99101E-05 9.99101E-05 9.99101E-05 9.99101E-05 0.999001 9.99101E-05 9.99101E-05 9.99101E-05 9.99101E-05 9.99101E-05 9.99101E-05
0.020458 0.0088415 0.8526 0.00639352 0.0149222 0.0142976 9.9991E-05 0.0213965 0.0260805 0.00995297 0.024957
9.99101E-05 9.99101E-05 9.99101E-05 9.99101E-05 9.99101E-05 9.99101E-05 9.99101E-05 9.99101E-05 9.99101E-05 9.99101E-05 0.999001
0.302221 0.120059 0.0472391 0.0326706 0.0381174 0.058152 0.125737 0.0567458 0.0492225 0.118344 0.0514923
0.143314 0.16787 0.0632734 0.0765292 0.045416 0.0538925 0.164622 0.0801874 0.0518114 0.0853675 0.0677164
0.307988 0.109309 0.0592395 0.0479111 0.0445991 0.054277 0.140434 0.047227 0.0476771 0.0920272 0.0493112
0.711693 0.0574467 0.0156817 0.0244247 0.0204028 0.0446881 0.0490868 0.00768418 0.0110544 0.0398147 0.0180232
0.890668 0.0217999 0.0192229 9.9973E-05 0.0100956 0.00560765 9.9973E-05 0.0116145 0.0219598 9.9973E-05 0.0187318
9.99101E-05 9.99101E-05 9.99101E-05 0.999001 9.99101E-05 9.99101E-05 9.99101E-05 9.99101E-05 9.99101E-05 9.99101E-05 9.99101E-05
0.000765313 0.839399 0.016707 0.0167116 9.9991E-05 0.0260751 0.0241802 0.0192551 0.0118397 0.0366809 0.00828595
0.234983 0.206033 0.0842875 0.104039 0.00244315 0.0591877 0.151073 0.0394056 0.0265524 0.0499249 0.042071
0.00139186 0.0183171 0.0106203 0.013732 0.0100857 0.0209034 0.0453712 0.0328492 0.0226295 0.795001 0.0290987
9.99101E-05 9.99101E-05 9.99101E-05 9.99101E-05 9.99101E-05 9.99101E-05 0.999001 9.99101E-05 9.99101E-05 9.99101E-05 9.99101E-05
9.99101E-05 9.99101E-05 9.99101E-05 9.99101E-05 9.99101E-05 9.99101E-05 9.99101E-05 9.99101E-05 9.99101E-05 0.999001 9.99101E-05
9.99101E-05 9.99101E-05 9.99101E-05 9.99101E-05 9.99101E-05 9.99101E-05 9.99101E-05 9.99101E-05 0.999001 9.99101E-05 9.99101E-05
