9.993E-05 9.993E-05 9.993E-05 9.993E-05 9.993E-05 0.999201 9.993E-05 9.993E-05 9.993E-05
9.9973E-05 0.0230498 0.00692703 0.014087 0.945882 0.00322236 0.00653185 9.9973E-05 9.9973E-05
0.00526452 0.0100863 0.00964096 0.0207675 0.943696 9.9982E-05 0.00729799 0.00304721 9.9982E-05
9.993E-05 9.993E-05 9.993E-05 9.993E-05 9.993E-05 9.993E-05 9.993E-05 0.999201 9.993E-05
9.993E-05 9.993E-05 9.993E-05 9.993E-05 9.993E-05 9.993E-05 9.993E-05 0.999201 9.993E-05
0.0326514 0.034587 0.0497782 0.0957216 0.062972 0.0594565 0.23385 0.0326099 0.398373
9.993E-05 9.993E-05 0.999201 9.993E-05 9.993E-05 9.993E-05 9.993E-05 9.993E-05 9.993E-05
9.993E-05 9.993E-05 9.993E-05 9.993E-05 9.993E-05 9.993E-05 9.993E-05 9.993E-05 0.999201
0.0861163 0.0154181 0.0374786 0.100646 0.0236315 0.0590411 0.612594 0.0268372 0.0382368
9.9955E-05 0.974735 9.9955E-05 9.9955E-05 0.00937973 0.00114756 9.9955E-05 0.0142383 9.9955E-05
0.0847311 0.0428208 0.0565957 0.116266 0.0577584 0.0704061 0.431005 0.072447 0.06797
0.086922 0.0707606 0.0679601 0.151451 0.0957523 0.0535102 0.358907 0.0442752 0.0704609
9.99459E-05 9.99459E-05 0.00764872 9.99459E-05 9.99459E-05 0.00791798 0.983834 9.99459E-05 9.99459E-05
9.993E-05 9.993E-05 9.993E-05 9.993E-05 9.993E-05 9.993E-05 0.999201 9.993E-05 9.993E-05
0.00267158 0.0382755 0.526693 0.057283 0.0234775 0.00683595 0.33152 0.0131435 9.9991E-05
9.9964E-05 0.0339679 9.9964E-05 9.9964E-05 0.0138769 9.9964E-05 0.915147 0.00572493 0.0308835
0.0108856 0.0344512 9.9982E-05 0.0114474 0.0600737 9.9982E-05 0.838318 0.0174509 0.0271736
0.0515264 0.0358061 0.0838145 0.158958 0.0500245 0.0535293 0.448482 0.058208 0.0596516
0.79535 0.0266442 0.0138781 0.0311414 0.0323486 0.0258015 0.0561428 0.0118089 0.00688415
0.0345282 0.0146102 0.0351531 0.708893 0.0460227 0.0288895 0.0594259 0.0374257 0.0350516
0.983532 9.9946E-05 0.00426966 9.9946E-05 0.0115985 9.9946E-05 9.9946E-05 9.9946E-05 9.9946E-05
0.0115306 0.000943206 9.9982E-05 0.932716 9.9982E-05 0.00646704 0.0206724 0.0204092 0.00706179
0.000801546 0.00226801 0.014903 0.0362542 9.9982E-05 0.918536 0.018514 0.00852328 9.9982E-05
9.993E-05 9.993E-05 9.993E-05 9.993E-05 0.999201 9.993E-05 9.993E-05 9.993E-05 9.993E-05
9.9982E-05 0.0139956 0.0173595 0.0218153 0.911684 0.0103611 0.0230781 0.00150678 9.9982E-05
9.993E-05 9.993E-05 9.993E-05 9.993E-05 9.993E-05 9.993E-05 9.993E-05 0.999201 9.993E-05
9.993E-05 9.993E-05 0.999201 9.993E-05 9.993E-05 9.993E-05 9.993E-05 9.993E-05 9.993E-05
9.993E-05 9.993E-05 9.993E-05 9.993E-05 9.993E-05 9.993E-05 9.993E-05 9.993E-05 0.999201
9.999E-05 0.00275664 0.924002 0.00935531 0.014622 0.0104637 0.0232652 0.00252924 0.0129055
9.993E-05 9.993E-05 9.993E-05 9.993E-05 9.993E-05 9.993E-05 9.993E-05 9.993E-05 0.999201
0.0895464 9.9991E-05 0.0297147 0.104336 0.00959381 0.0439607 0.659765 0.0296397 0.0333441
9.993E-05 0.999201 9.993E-05 9.993E-05 9.993E-05 9.993E-05 9.993E-05 9.993E-05 9.993E-05
0.0999871 0.0691237 0.0929185 0.104399 0.102752 0.0727553 0.311031 0.069769 0.0772645
9.99456E-05 9.99456E-05 0.0106162 9.99456E-05 9.99456E-05 9.99456E-05 0.988684 9.99456E-05 9.99456E-05
9.993E-05 9.993E-05 9.993E-05 9.993E-05 9.993E-05 9.993E-05 0.999201 9.993E-05 9.993E-05
0.0540873 0.0484045 0.0537798 0.143927 0.0396719 0.0518963 0.549356 0.0327503 0.0261275
0.0120112 0.0340526 9.9964E-05 9.9964E-05 0.0148723 9.9964E-05 0.930469 9.9964E-05 0.00819501
0.0611574 0.0404426 0.0451372 0.116484 0.03644 0.0317071 0.556926 0.043201 0.0685046
0.00560847 0.0195421 0.00604589 0.958643 9.9973E-05 0.00141454 9.9973E-05 9.9973E-05 0.00844565
0.999201 9.993E-05 9.993E-05 9.993E-05 9.993E-05 9.993E-05 9.993E-05 9.993E-05 9.993E-05
0.0332362 0.0144194 0.0158126 0.691939 0.0241527 0.0365129 0.112577 0.0220188 0.0493316
9.993E-05 9.993E-05 9.993E-05 9.993E-05 9.993E-05 0.999201 9.993E-05 9.993E-05 9.993E-05
0.00485193 9.9991E-05 0.000666517 0.0221908 0.000441411 0.955273 0.00800491 0.00666733 0.00180372
9.993E-05 9.993E-05 9.993E-05 9.993E-05 0.999201 9.993E-05 9.993E-05 9.993E-05 9.993E-05
0.00316241 0.0153571 0.00307124 0.0310693 0.88042 0.00659928 0.0418932 0.0065154 0.011912
9.993E-05 9.993E-05 9.993E-05 9.993E-05 9.993E-05 9.993E-05 9.993E-05 0.999201 9.993E-05
9.993E-05 9.993E-05 0.999201 9.993E-05 9.993E-05 9.993E-05 9.993E-05 9.993E-05 9.993E-05
9.999E-05 0.0296907 0.0276885 0.00665729 0.012843 0.0309158 0.309663 0.00966972 0.572772
9.993E-05 9.993E-05 0.999201 9.993E-05 9.993E-05 9.993E-05 9.993E-05 9.993E-05 9.993E-05
9.999E-05 0.0207316 0.0195245 0.00783734 0.0118762 0.0254438 0.331065 0.00550742 0.577915
0.0990349 0.0144973 0.0534192 0.100556 0.0201235 0.053362 0.579642 0.0344035 0.0449625
0.0037032 0.979474 0.00411602 9.9973E-05 0.00454152 9.9973E-05 0.000228869 0.00763638 9.9973E-05
0.0995395 0.0361128 0.0470045 0.167811 0.0344274 0.0504273 0.477543 0.0405832 0.046552
9.99789E-05 9.99789E-05 0.0171619 0.000122987 0.00126706 0.0115363 0.956788 0.0128237 9.99789E-05
0.00182866 9.99369E-05 9.99369E-05 9.99369E-05 9.99369E-05 9.99369E-05 0.997472 9.99369E-05 9.99369E-05
0.0417414 0.0635166 0.050326 0.149242 0.0474631 0.0589064 0.487461 0.0540414 0.047302
0.0153072 0.0247328 9.9973E-05 9.9973E-05 0.0263481 9.9973E-05 0.912967 0.00345429 0.0168907
0.397536 0.0439005 0.0412978 0.0787677 0.0573678 0.0549634 0.226853 0.0464245 0.0528893
0.0247164 0.0102585 0.0297399 0.851419 0.0269452 0.019343 0.0180615 0.00477175 0.0147447
0.999201 9.993E-05 9.993E-05 9.993E-05 9.993E-05 9.993E-05 9.993E-05 9.993E-05 9.993E-05
9.993E-05 9.993E-05 9.993E-05 0.999201 9.993E-05 9.993E-05 9.993E-05 9.993E-05 9.993E-05
0.00487016 9.9946E-05 9.9946E-05 9.9946E-05 0.0102756 0.984255 9.9946E-05 9.9946E-05 9.9946E-05
9.9964E-05 9.9964E-05 0.0110666 0.0203188 9.9964E-05 0.943148 0.00848042 0.0165859 9.9964E-05
9.993E-05 9.993E-05 9.993E-05 9.993E-05 0.999201 9.993E-05 9.993E-05 9.993E-05 9.993E-05
0.0412442 0.046226 0.0264133 0.0813586 0.552573 0.0352105 0.14185 0.0304631 0.044661
0.00177671 9.9982E-05 0.0135173 0.00469278 0.00363435 0.00638363 0.00648824 0.963307 9.9982E-05
9.9964E-05 0.00613968 0.971346 0.00615259 0.00206255 0.0138992 9.9964E-05 9.9964E-05 9.9964E-05
0.0111983 9.9964E-05 9.9964E-05 9.9964E-05 0.00870879 0.00333476 9.9964E-05 0.00198946 0.974369
0.0141997 0.0152491 0.847382 0.0222861 0.0294907 0.010217 0.0152745 0.0158585 0.0300423
9.9973E-05 0.0184057 0.0130494 9.9973E-05 0.00939152 0.0288474 0.328082 9.9973E-05 0.601924
0.0915982 0.0306818 0.0474551 0.100427 0.0419929 0.0518732 0.567848 0.0357978 0.0323261
9.993E-05 0.999201 9.993E-05 9.993E-05 9.993E-05 9.993E-05 9.993E-05 9.993E-05 9.993E-05
0.110133 0.0450912 0.0513942 0.0990511 0.0365155 0.0740118 0.5092 0.0480679 0.0265344
0.0231113 0.0100252 0.0418157 0.0748273 0.0224012 0.0412468 0.741346 0.0227986 0.022428
9.993E-05 9.993E-05 9.993E-05 9.993E-05 9.993E-05 9.993E-05 0.999201 9.993E-05 9.993E-05
0.0157158 0.0300297 9.9982E-05 0.0390648 0.0499261 9.9982E-05 0.811037 0.0267854 0.0272417
0.0331372 0.073388 0.0659179 0.135875 0.061234 0.0661088 0.471046 0.0583001 0.0349928
0.343226 0.0494103 0.0514722 0.0898427 0.0730266 0.0510444 0.238232 0.049238 0.0545082
0.00829156 0.012924 0.00411407 0.93386 0.0213118 0.0038863 0.00838009 9.9991E-05 0.00713254
0.999201 9.993E-05 9.993E-05 9.993E-05 9.993E-05 9.993E-05 9.993E-05 9.993E-05 9.993E-05
0.0281634 0.0172729 0.00588007 0.749695 0.0228337 0.0116207 0.1223 0.0188159 0.0234185
9.993E-05 9.993E-05 9.993E-05 9.993E-05 9.993E-05 0.999201 9.993E-05 9.993E-05 9.993E-05
9.993E-05 9.993E-05 9.993E-05 9.993E-05 9.993E-05 0.999201 9.993E-05 9.993E-05 9.993E-05
9.993E-05 9.993E-05 9.993E-05 9.993E-05 0.999201 9.993E-05 9.993E-05 9.993E-05 9.993E-05
0.0353693 0.0335557 0.0214245 0.0776945 0.569741 0.0356711 0.153692 0.0321379 0.0407141
0.0211078 0.00497711 0.0119122 0.0398121 0.0124966 0.00292555 0.0453899 0.842398 0.0189805
9.993E-05 9.993E-05 0.999201 9.993E-05 9.993E-05 9.993E-05 9.993E-05 9.993E-05 9.993E-05
9.993E-05 9.993E-05 9.993E-05 9.993E-05 9.993E-05 9.993E-05 9.993E-05 9.993E-05 0.999201
0.0141303 0.031858 0.733973 0.040114 0.0419401 0.0262419 0.0619486 0.0301809 0.0196129
9.9982E-05 0.0261791 0.0146358 0.00703906 0.0110557 0.023595 0.304587 9.9982E-05 0.612709
0.0890397 0.0118342 0.0371955 0.101224 0.0195237 0.0585555 0.609806 0.0312617 0.0415599
9.993E-05 0.999201 9.993E-05 9.993E-05 9.993E-05 9.993E-05 9.993E-05 9.993E-05 9.993E-05
0.0807524 0.0713135 0.0587757 0.123788 0.0778987 0.0456692 0.43764 0.0461293 0.0580326
0.0958654 0.0429278 0.0361941 0.114268 0.0219353 0.0433215 0.571209 0.0403909 0.0338883
0.0100698 0.0147479 0.0268676 0.091849 0.0385892 0.0323258 0.738286 0.0285101 0.0187542
0.0242998 0.0160522 0.0352608 0.0241035 9.9991E-05 0.0283795 0.848795 0.0224534 0.000556085
0.027789 0.040764 0.0337577 0.0649785 0.0646468 0.0366969 0.604369 0.0416481 0.0853497
0.0399186 0.0681325 0.0676428 0.136531 0.0456005 0.0626851 0.485512 0.0651123 0.0288649
0.826926 0.0203976 0.0133664 0.0362432 0.0229076 0.0198183 0.0433394 0.0169013 9.9991E-05
0.00340376 0.0114173 0.00660119 0.95933 9.9982E-05 0.00626151 9.9982E-05 0.00344378 0.00934228
0.924902 0.00779271 0.0136645 0.0022351 0.00719167 0.0157283 0.0172223 0.00480344 0.00646023
9.993E-05 9.993E-05 9.993E-05 0.999201 9.993E-05 9.993E-05 9.993E-05 9.993E-05 9.993E-05
0.00426007 0.00636838 9.9973E-05 9.9973E-05 0.0221503 0.948855 9.9973E-05 0.00136132 0.0167054
9.993E-05 9.993E-05 9.993E-05 9.993E-05 9.993E-05 0.999201 9.993E-05 9.993E-05 9.993E-05
9.993E-05 9.993E-05 9.993E-05 9.993E-05 0.999201 9.993E-05 9.993E-05 9.993E-05 9.993E-05
0.00107767 0.00713091 0.0144433 0.0261478 0.930571 0.00569653 0.0136407 9.9991E-05 0.00119247
9.993E-05 9.993E-05 9.993E-05 9.993E-05 9.993E-05 9.993E-05 9.993E-05 0.999201 9.993E-05
9.993E-05 9.993E-05 0.999201 9.993E-05 9.993E-05 9.993E-05 9.993E-05 9.993E-05 9.993E-05
9.993E-05 9.993E-05 9.993E-05 9.993E-05 9.993E-05 9.993E-05 9.993E-05 9.993E-05 0.999201
9.993E-05 9.993E-05 0.999201 9.993E-05 9.993E-05 9.993E-05 9.993E-05 9.993E-05 9.993E-05
9.9982E-05 0.02344 0.0146728 9.9982E-05 0.00471783 0.0179304 0.316801 0.00176123 0.620477
0.0424962 0.050325 0.083259 0.134413 0.0434222 0.0563991 0.530457 0.0356769 0.0235516
9.9964E-05 0.966299 0.0131034 0.00892677 9.9964E-05 0.00393714 9.9964E-05 0.0073334 9.9964E-05
0.095206 0.0753522 0.0538145 0.127801 0.0793777 0.0344307 0.427824 0.0460721 0.0601218
0.098791 0.024696 0.0647025 0.134962 0.0447076 0.0515443 0.463594 0.0429788 0.074024
0.00907933 0.0124913 0.0118356 0.0891456 0.0247216 0.0395946 0.788011 0.0178752 0.00724553
0.0376876 9.9982E-05 0.0235749 0.0476744 0.00957398 0.015091 0.858376 9.9982E-05 0.00782257
9.9973E-05 0.0289434 9.9973E-05 0.020301 0.0435421 9.9973E-05 0.882809 0.00639513 0.0177099
0.0549606 0.0529851 0.0797268 0.12492 0.0675722 0.054463 0.462363 0.0553515 0.0476578
0.812456 0.0136734 9.9991E-05 0.0250457 0.044757 0.0268287 0.0496145 0.014252 0.0132725
9.993E-05 9.993E-05 9.993E-05 0.999201 9.993E-05 9.993E-05 9.993E-05 9.993E-05 9.993E-05
0.999201 9.993E-05 9.993E-05 9.993E-05 9.993E-05 9.993E-05 9.993E-05 9.993E-05 9.993E-05
9.9937E-05 9.9937E-05 9.9937E-05 0.993075 9.9937E-05 9.9937E-05 9.9937E-05 0.00622584 9.9937E-05
0.010229 0.00414811 0.00119262 0.000733782 9.9991E-05 0.962722 0.00997118 0.00168421 0.0092189
9.99368E-05 9.99368E-05 9.99368E-05 9.99368E-05 9.99368E-05 0.999201 9.99368E-05 9.99368E-05 9.99368E-05
9.993E-05 9.993E-05 9.993E-05 9.993E-05 0.999201 9.993E-05 9.993E-05 9.993E-05 9.993E-05
9.993E-05 9.993E-05 9.993E-05 9.993E-05 0.999201 9.993E-05 9.993E-05 9.993E-05 9.993E-05
0.00230664 0.00138436 0.0095852 9.9982E-05 0.00983318 9.9982E-05 0.00201161 0.971756 0.00292269
0.0065991 0.00864353 0.971371 9.9973E-05 0.00299509 9.9973E-05 9.9973E-05 0.00656082 0.00353007
0.0568719 0.0128901 0.0330315 0.0877687 0.0455479 0.0541804 0.281391 0.0499581 0.37836
0.00255871 0.00432037 0.96364 0.00371323 9.9991E-05 0.00780748 0.00616491 0.0085967 0.00309826
0.00208487 0.987061 9.9973E-05 0.00150071 9.9973E-05 0.00494141 9.9973E-05 0.0036829 0.000429067
0.123233 0.0462251 0.0287051 0.113655 0.0494898 0.0689196 0.499461 0.0168272 0.0534848
0.0827206 0.0652446 0.0639538 0.123332 0.0986304 0.037428 0.416782 0.0537915 0.0581176
0.0683473 0.0352092 0.0680046 0.126691 0.0356903 0.0642019 0.463547 0.0627816 0.0755271
0.00569132 0.0134322 0.0174959 0.0733123 0.0252626 0.0372176 0.781328 0.0344692 0.0117913
0.0333683 0.0232266 0.0461479 0.0662446 0.00995056 0.0238592 0.733545 0.0318301 0.0318274
0.020692 0.026291 9.9973E-05 9.9973E-05 0.0169354 9.9973E-05 0.923226 0.00117901 0.0113767
9.9973E-05 0.0328934 9.9973E-05 0.0213099 0.0488566 9.9973E-05 0.864519 0.00323834 0.0288829
0.0309856 0.0385903 0.0800903 0.130508 0.0358432 0.0315928 0.564412 0.0534444 0.0345335
0.840674 0.0184708 9.9991E-05 0.0342009 0.0186548 0.0156611 0.0436325 0.0246863 0.00391923
9.993E-05 9.993E-05 9.993E-05 0.999201 9.993E-05 9.993E-05 9.993E-05 9.993E-05 9.993E-05
0.999201 9.993E-05 9.993E-05 9.993E-05 9.993E-05 9.993E-05 9.993E-05 9.993E-05 9.993E-05
9.9964E-05 9.9964E-05 0.00152335 0.983412 9.9964E-05 9.9964E-05 0.00135434 0.00797434 0.00533593
9.9937E-05 9.9937E-05 9.9937E-05 9.9937E-05 9.9937E-05 0.991149 9.9937E-05 9.9937E-05 0.00815143
9.9964E-05 0.0114893 0.00770317 0.0148541 0.958803 0.00675065 9.9964E-05 9.9964E-05 9.9964E-05
9.993E-05 9.993E-05 9.993E-05 9.993E-05 9.993E-05 9.993E-05 9.993E-05 0.999201 9.993E-05
0.00679119 0.0195235 0.0352902 0.0994978 0.0657771 0.0507356 0.208362 0.485866 0.0281564
0.0452268 0.0490361 0.0379911 0.10871 0.0635874 0.0610395 0.306336 0.0336943 0.294379
9.993E-05 9.993E-05 0.999201 9.993E-05 9.993E-05 9.993E-05 9.993E-05 9.993E-05 9.993E-05
9.993E-05 9.993E-05 9.993E-05 9.993E-05 9.993E-05 9.993E-05 9.993E-05 9.993E-05 0.999201
0.0223119 0.01806 0.857148 0.01654 0.0159849 0.015345 0.0342651 0.00969404 0.0106512
9.993E-05 0.999201 9.993E-05 9.993E-05 9.993E-05 9.993E-05 9.993E-05 9.993E-05 9.993E-05
0.107712 0.0402214 0.0426203 0.109867 0.0547671 0.0532121 0.487946 0.0550243 0.0486297
0.0904312 0.0592439 0.0636785 0.142065 0.0927896 0.0511971 0.382201 0.0477411 0.0706527
0.0843488 0.0339597 0.0555581 0.112557 0.0348761 0.0588989 0.502742 0.0590026 0.0580571
0.0365908 0.0120573 0.0212372 0.04875 9.9991E-05 0.00991693 0.804503 0.0387351 0.0281101
0.0026141 0.0150065 0.031315 9.9982E-05 0.00531002 0.0246388 0.908228 9.9982E-05 0.0126878
9.9955E-05 0.0368324 9.9955E-05 9.9955E-05 0.0377064 9.9955E-05 0.909843 9.9955E-05 0.0151181
0.0234726 0.0369652 0.0160108 0.0574779 0.0681778 0.0113373 0.723802 0.0219182 0.0408384
0.0383626 0.0374005 0.0752608 0.119531 0.0290162 0.0405765 0.562418 0.0553073 0.0421271
0.780302 0.0210731 0.00975894 0.040776 0.0333275 0.022534 0.0503478 0.0228295 0.0190513
9.993E-05 9.993E-05 9.993E-05 0.999201 9.993E-05 9.993E-05 9.993E-05 9.993E-05 9.993E-05
0.999201 9.993E-05 9.993E-05 9.993E-05 9.993E-05 9.993E-05 9.993E-05 9.993E-05 9.993E-05
9.993E-05 9.993E-05 9.993E-05 9.993E-05 9.993E-05 0.999201 9.993E-05 9.993E-05 9.993E-05
