9.996E-05 9.996E-05 9.996E-05 9.996E-05 0.9995 9.996E-05
0.953302 9.9982E-05 0.00806293 0.0336862 0.0047486 9.9982E-05
0.957331 9.9982E-05 0.00416705 0.0369198 0.00138174 9.9982E-05
9.996E-05 0.9995 9.996E-05 9.996E-05 9.996E-05 9.996E-05
9.996E-05 0.9995 9.996E-05 9.996E-05 9.996E-05 9.996E-05
0.063357 0.0397983 0.0646219 0.71641 0.0757193 0.0400931
9.996E-05 9.996E-05 0.9995 9.996E-05 9.996E-05 9.996E-05
9.996E-05 9.996E-05 9.996E-05 0.9995 9.996E-05 9.996E-05
0.0357619 0.063419 0.0803475 0.612119 0.0739205 0.134433
0.00828625 9.9964E-05 9.9964E-05 0.991314 9.9964E-05 9.9964E-05
0.0669164 0.0877685 0.0914005 0.556584 0.0877926 0.109538
0.0895481 0.0663948 0.0953252 0.580476 0.0516857 0.11657
0.012914 0.0588224 0.0796573 0.765035 0.0339044 0.0496669
9.999E-05 0.0446092 0.0843991 0.788496 0.0114896 0.0709064
0.0246789 0.0308306 0.557991 0.349259 0.0123841 0.0248562
0.0401674 0.0597288 0.0390313 0.80198 0.0119778 0.0471145
0.0670934 0.0695841 0.0471005 0.757026 0.00699366 0.052202
0.0781754 0.0890813 0.0937233 0.592192 0.070106 0.0767221
0.0446519 0.0263156 0.00659271 0.100131 0.0267809 0.795527
0.0630692 0.0770619 0.0616383 0.656938 0.053495 0.0877975
0.0030318 9.99778E-05 9.99778E-05 0.00800512 9.99778E-05 0.988663
0.0138389 0.0660622 0.0495285 0.776844 0.0245996 0.0691264
0.00496645 9.9991E-05 0.00996408 0.0445029 0.924868 0.0155986
0.9995 9.996E-05 9.996E-05 9.996E-05 9.996E-05 9.996E-05
0.92362 9.9982E-05 0.0194343 0.0399711 0.0167743 9.9982E-05
9.996E-05 0.9995 9.996E-05 9.996E-05 9.996E-05 9.996E-05
9.996E-05 9.996E-05 0.9995 9.996E-05 9.996E-05 9.996E-05
9.996E-05 9.996E-05 9.996E-05 0.9995 9.996E-05 9.996E-05
0.0137393 9.9991E-05 0.929267 0.0466392 0.00470553 0.00554873
0.0129565 9.9964E-05 9.9964E-05 0.986644 9.9964E-05 9.9964E-05
0.0120574 0.0684479 0.0753528 0.635997 0.0618313 0.146314
9.996E-05 9.996E-05 9.996E-05 0.9995 9.996E-05 9.996E-05
0.0848258 0.0785009 0.131691 0.527135 0.0751936 0.102654
9.999E-05 0.0648862 0.0879789 0.763245 0.0275567 0.0562329
9.999E-05 0.0346373 0.0908061 0.785292 0.0129501 0.0762142
0.0614018 0.0702315 0.0827136 0.617456 0.0697276 0.0984692
0.0364768 0.0519916 0.0372002 0.802887 0.00953163 0.0619129
0.0403277 0.078524 0.0770258 0.673489 0.0407631 0.0898706
0.03592 0.0454921 0.0531205 0.770111 0.0270369 0.0683191
9.996E-05 9.996E-05 9.996E-05 9.996E-05 9.996E-05 0.9995
0.0438716 0.0699993 0.0576687 0.673843 0.0585619 0.0960551
9.996E-05 9.996E-05 9.996E-05 9.996E-05 0.9995 9.996E-05
9.9991E-05 0.00387379 0.0114835 0.0086707 0.968139 0.00773263
0.9995 9.996E-05 9.996E-05 9.996E-05 9.996E-05 9.996E-05
0.887388 0.00266336 0.0060083 0.0871628 0.0166777 9.9991E-05
9.996E-05 0.9995 9.996E-05 9.996E-05 9.996E-05 9.996E-05
9.996E-05 9.996E-05 0.9995 9.996E-05 9.996E-05 9.996E-05
0.0158273 0.00763364 0.0141437 0.944963 0.0162169 0.00121555
9.996E-05 9.996E-05 0.9995 9.996E-05 9.996E-05 9.996E-05
0.0123734 0.0118955 0.0116325 0.936532 0.0274664 9.9991E-05
0.019011 0.0657559 0.0795967 0.617249 0.07629 0.142097
9.996E-05 9.996E-05 9.996E-05 0.9995 9.996E-05 9.996E-05
0.0363252 0.079668 0.0858831 0.586511 0.0716246 0.139988
0.00972534 0.0683101 0.0919022 0.752834 0.0294122 0.0478164
0.0110047 0.0528264 0.0734057 0.752091 0.0367416 0.0739307
0.0556725 0.0889987 0.0962805 0.614579 0.0690131 0.0754563
0.0408861 0.0491203 0.0373256 0.788996 0.000900126 0.0827717
0.0689598 0.0458411 0.0613605 0.367179 0.0525642 0.404095
0.0587939 0.0520472 0.0667257 0.705356 0.0374237 0.0796533
9.996E-05 9.996E-05 9.996E-05 9.996E-05 9.996E-05 0.9995
0.0232326 0.0387297 0.0414969 0.813322 0.0303914 0.0528277
0.005721 9.9973E-05 9.9973E-05 0.00793731 0.986042 9.9973E-05
0.00119749 0.0192846 0.0132135 0.0131519 0.952856 0.000296016
0.9995 9.996E-05 9.996E-05 9.996E-05 9.996E-05 9.996E-05
0.557679 0.0271274 0.0372469 0.286115 0.0403108 0.0515208
9.9973E-05 0.977169 9.9973E-05 0.0178105 0.00472091 9.9973E-05
0.00781619 9.9982E-05 0.98799 9.9982E-05 0.00344478 0.000549048
0.0139262 9.9964E-05 9.9964E-05 0.985674 9.9964E-05 9.9964E-05
0.0262845 0.0187931 0.861466 0.0599855 0.0151618 0.0183086
0.0101511 9.9982E-05 9.9982E-05 0.971849 0.0169151 0.000884856
0.0425242 0.0780731 0.088673 0.585527 0.0764822 0.128721
9.996E-05 9.996E-05 9.996E-05 0.9995 9.996E-05 9.996E-05
0.0527655 0.0795658 0.0784225 0.569648 0.0760865 0.143511
0.0321408 0.081709 0.0986618 0.63874 0.0640294 0.0847191
9.9991E-05 0.0485082 0.0820071 0.778292 0.0117699 0.0793232
0.079092 0.0736489 0.0410478 0.742678 0.00803064 0.0555026
0.0578889 0.0984373 0.0927799 0.60985 0.0703549 0.070689
0.0666771 0.0513194 0.076337 0.368248 0.063774 0.373644
0.0459605 0.0498956 0.0581522 0.749278 0.0230283 0.0736851
9.996E-05 9.996E-05 9.996E-05 9.996E-05 9.996E-05 0.9995
0.0437189 0.07649 0.0550895 0.70871 0.0434189 0.0725728
9.996E-05 9.996E-05 9.996E-05 9.996E-05 0.9995 9.996E-05
9.996E-05 9.996E-05 9.996E-05 9.996E-05 0.9995 9.996E-05
0.9995 9.996E-05 9.996E-05 9.996E-05 9.996E-05 9.996E-05
0.569662 0.0346388 0.0291743 0.288971 0.0300048 0.0475485
0.0228695 0.857461 0.0235633 0.0608936 0.0099168 0.025296
9.996E-05 9.996E-05 0.9995 9.996E-05 9.996E-05 9.996E-05
9.996E-05 9.996E-05 9.996E-05 0.9995 9.996E-05 9.996E-05
0.0342109 0.0253375 0.765397 0.111294 0.0355766 0.0281838
0.0018871 9.9973E-05 9.9973E-05 0.984125 0.0136875 9.9973E-05
0.0252563 0.0647576 0.0773225 0.616889 0.0714593 0.144315
9.996E-05 9.996E-05 9.996E-05 0.9995 9.996E-05 9.996E-05
0.0900009 0.0785687 0.0904556 0.592017 0.0475546 0.101403
0.0349426 0.078216 0.0665763 0.611196 0.0667769 0.142292
0.0437399 0.0979957 0.0807625 0.653424 0.053454 0.0706241
0.0151313 0.0739567 0.0870206 0.694191 0.0497309 0.0799692
0.0875163 0.0701671 0.0610773 0.684354 0.0368765 0.0600088
0.0625208 0.100552 0.0812439 0.604578 0.0795402 0.0715652
0.02852 0.0295899 0.00829338 0.0772552 0.0163926 0.839949
0.0297779 0.0469181 0.0589513 0.771562 0.0322247 0.0605659
0.0203699 0.00287569 0.0118541 0.0126572 0.0095927 0.94265
9.9991E-05 0.0744247 0.0546305 0.789856 0.0142082 0.0667805
0.0126875 9.9991E-05 0.00191234 0.0254283 0.950896 0.00897618
9.996E-05 9.996E-05 9.996E-05 9.996E-05 0.9995 9.996E-05
0.9995 9.996E-05 9.996E-05 9.996E-05 9.996E-05 9.996E-05
0.918416 0.000202383 0.00364423 0.0617356 0.00777701 0.00822443
9.996E-05 0.9995 9.996E-05 9.996E-05 9.996E-05 9.996E-05
9.996E-05 9.996E-05 0.9995 9.996E-05 9.996E-05 9.996E-05
9.996E-05 9.996E-05 9.996E-05 0.9995 9.996E-05 9.996E-05
9.996E-05 9.996E-05 0.9995 9.996E-05 9.996E-05 9.996E-05
0.00712309 9.9982E-05 0.00185943 0.980348 0.0104699 9.9982E-05
0.0576017 0.0782379 0.121531 0.597614 0.0740803 0.0709344
9.996E-05 9.996E-05 9.996E-05 0.9995 9.996E-05 9.996E-05
0.0931044 0.0795741 0.0956503 0.587236 0.0355875 0.108848
0.059219 0.0849548 0.0913204 0.584232 0.0538296 0.126444
0.027363 0.0965822 0.0673574 0.694255 0.0517084 0.0627337
0.0337657 0.0719889 0.081531 0.672377 0.0412212 0.0991164
0.063097 0.0752367 0.0294168 0.779663 0.00510208 0.0474841
0.0751525 0.0795993 0.100045 0.602564 0.0619218 0.0807178
0.0413087 0.0313567 0.00252106 0.0811486 0.0193118 0.824353
0.0461216 0.0516684 0.0489098 0.769838 0.0270372 0.0564246
9.996E-05 9.996E-05 9.996E-05 9.996E-05 9.996E-05 0.9995
9.9991E-05 0.0752241 0.0471331 0.798711 0.0193054 0.0595266
0.0110553 9.9982E-05 9.9982E-05 0.0236219 0.956005 0.00911809
9.9973E-05 0.00461199 0.000236768 9.9973E-05 0.994851 9.9973E-05
0.9995 9.996E-05 9.996E-05 9.996E-05 9.996E-05 9.996E-05
0.9995 9.996E-05 9.996E-05 9.996E-05 9.996E-05 9.996E-05
0.0129561 0.972293 0.00633868 0.0041115 0.00420065 9.9991E-05
0.00366642 0.00336173 0.981525 0.00990777 0.00143933 9.9991E-05
0.0472141 0.0606113 0.046584 0.731828 0.0512849 0.0624776
0.00506364 0.00267659 0.977171 0.0137891 0.00119947 9.9991E-05
9.996E-05 9.996E-05 9.996E-05 0.9995 9.996E-05 9.996E-05
0.0580598 0.0577329 0.0653624 0.583832 0.0684787 0.166534
0.0891884 0.0759499 0.0927599 0.581461 0.0467396 0.113901
0.0393926 0.0934914 0.0964129 0.602442 0.0656862 0.102575
0.031352 0.0931175 0.0783534 0.685592 0.060057 0.0515283
0.0166286 0.0954582 0.0954997 0.670435 0.0427823 0.0791963
0.0410034 0.0553052 0.0287839 0.786406 0.0079525 0.0805492
0.0630738 0.0602114 0.0319615 0.790586 0.00924533 0.0449224
0.0521802 0.0808117 0.118327 0.62902 0.0381551 0.0815062
0.0249859 0.0162953 9.9991E-05 0.0725715 0.0245209 0.861526
0.0272892 0.0450023 0.0501301 0.816483 0.0116607 0.0494345
9.996E-05 9.996E-05 9.996E-05 9.996E-05 9.996E-05 0.9995
9.9991E-05 0.0714111 0.0601053 0.79204 0.0176169 0.0587263
9.996E-05 9.996E-05 9.996E-05 9.996E-05 0.9995 9.996E-05
0.97015 9.9982E-05 0.00414862 0.0178419 0.00765938 9.9982E-05
9.996E-05 0.9995 9.996E-05 9.996E-05 9.996E-05 9.996E-05
0.0780595 0.50739 0.0566647 0.27677 0.0515279 0.0295881
0.0657212 0.036977 0.0531068 0.718068 0.062893 0.0632344
9.996E-05 9.996E-05 0.9995 9.996E-05 9.996E-05 9.996E-05
9.996E-05 9.996E-05 9.996E-05 0.9995 9.996E-05 9.996E-05
0.0168758 0.0103256 0.868764 0.0611162 0.0165933 0.0263247
9.996E-05 9.996E-05 9.996E-05 0.9995 9.996E-05 9.996E-05
0.0662878 0.0782788 0.0680503 0.563004 0.0643819 0.159997
0.0918462 0.0755745 0.0900979 0.575048 0.0523727 0.115061
0.0642313 0.0885716 0.0953289 0.563494 0.0678318 0.120542
0.0113193 0.0882563 0.0700073 0.709187 0.0328053 0.0884244
0.00732739 0.0507733 0.0938189 0.735859 0.0526592 0.0595617
0.0499058 0.051504 0.0407531 0.807431 9.9991E-05 0.050306
0.076305 0.0859349 0.0562121 0.686365 0.028779 0.0664043
0.0520876 0.0859876 0.124135 0.632018 0.0342169 0.0715552
0.0302089 0.0320179 0.0158639 0.101156 0.0249752 0.795778
0.0377445 0.0424477 0.0525942 0.795013 0.0217658 0.0504353
9.996E-05 9.996E-05 9.996E-05 9.996E-05 9.996E-05 0.9995
9.996E-05 9.996E-05 9.996E-05 9.996E-05 0.9995 9.996E-05
