0.999101 9.99201E-05 9.99201E-05 9.99201E-05 9.99201E-05 9.99201E-05 9.99201E-05 9.99201E-05 9.99201E-05 9.99201E-05
0.000244144 9.9964E-05 0.0239533 9.9964E-05 9.9964E-05 0.0171083 9.9964E-05 0.00692828 0.938883 0.012483
0.00412572 0.0054608 0.0406667 0.00100956 9.9973E-05 0.0105671 9.9973E-05 9.9973E-05 0.931767 0.00610371
9.99201E-05 9.99201E-05 9.99201E-05 9.99201E-05 0.999101 9.99201E-05 9.99201E-05 9.99201E-05 9.99201E-05 9.99201E-05
9.99201E-05 9.99201E-05 9.99201E-05 9.99201E-05 0.999101 9.99201E-05 9.99201E-05 9.99201E-05 9.99201E-05 9.99201E-05
0.0669908 0.318213 0.083472 0.0256835 0.0430248 0.212499 0.0908437 0.0549264 0.0630496 0.0412964
9.99201E-05 9.99201E-05 9.99201E-05 9.99201E-05 9.99201E-05 9.99201E-05 9.99201E-05 0.999101 9.99201E-05 9.99201E-05
9.99201E-05 0.999101 9.99201E-05 9.99201E-05 9.99201E-05 9.99201E-05 9.99201E-05 9.99201E-05 9.99201E-05 9.99201E-05
0.0703786 0.010635 0.0629623 0.101522 0.0305815 0.542861 0.0643693 0.050381 0.0348972 0.0314121
9.9937E-05 9.9937E-05 9.9937E-05 9.9937E-05 9.9937E-05 9.9937E-05 0.00881199 9.9937E-05 0.0130469 0.977442
0.0756947 0.028189 0.111007 0.0921365 0.0771965 0.3929 0.0604166 0.0540381 0.0702225 0.0381988
0.0502312 0.0394541 0.172204 0.101048 0.0391806 0.318501 0.0602377 0.0743866 0.0893944 0.0553619
0.0176635 0.0120197 0.0030966 0.00757733 0.00309812 0.929833 0.00839355 0.0181184 9.9982E-05 9.9982E-05
9.99201E-05 9.99201E-05 9.99201E-05 9.99201E-05 9.99201E-05 0.999101 9.99201E-05 9.99201E-05 9.99201E-05 9.99201E-05
0.0101938 9.9991E-05 0.142754 0.000837539 0.0115683 0.216157 0.035981 0.534167 0.025112 0.0231294
9.99201E-05 9.99201E-05 0.999101 9.99201E-05 9.99201E-05 9.99201E-05 9.99201E-05 9.99201E-05 9.99201E-05 9.99201E-05
0.00104012 0.000758543 0.964759 0.00109051 0.00447358 9.9991E-05 0.0156746 0.00539155 0.00637197 0.000340324
0.0613448 0.0209091 0.175888 0.0439019 0.0642252 0.41021 0.0502288 0.0735544 0.0635514 0.0361859
0.0228012 0.00855895 0.0485828 0.797843 0.0190326 0.0344158 9.9991E-05 0.00981791 0.0386691 0.0201792
0.026975 0.0320194 0.0332135 0.0417372 0.027063 0.752771 0.0160758 0.0191113 0.0387768 0.0122573
9.9964E-05 0.00865627 0.00182064 0.982395 9.9964E-05 9.9964E-05 0.0029471 9.9964E-05 0.000727725 0.00305343
0.000563244 0.00253427 9.9973E-05 0.00418026 0.0124536 0.972806 9.9973E-05 0.00695536 0.000207708 9.9973E-05
0.922948 9.9964E-05 9.9964E-05 0.00659598 0.00433383 0.0514565 9.9964E-05 0.0118655 0.00240031 9.9964E-05
9.99201E-05 9.99201E-05 9.99201E-05 9.99201E-05 9.99201E-05 9.99201E-05 9.99201E-05 9.99201E-05 0.999101 9.99201E-05
0.00541672 9.9973E-05 0.0218169 9.9973E-05 0.00242706 0.0169063 9.9973E-05 0.0280024 0.915283 0.00984763
9.99201E-05 9.99201E-05 9.99201E-05 9.99201E-05 0.999101 9.99201E-05 9.99201E-05 9.99201E-05 9.99201E-05 9.99201E-05
0.000414396 9.9928E-05 9.9928E-05 9.9928E-05 9.9928E-05 9.9928E-05 9.9928E-05 0.998786 9.9928E-05 9.9928E-05
9.99201E-05 0.999101 9.99201E-05 9.99201E-05 9.99201E-05 9.99201E-05 9.99201E-05 9.99201E-05 9.99201E-05 9.99201E-05
0.0118229 0.00288302 0.00774007 0.0106779 0.00851844 0.00153807 0.0016133 0.933078 0.00964585 0.0124824
9.9955E-05 0.975082 0.00646485 9.9955E-05 9.9955E-05 0.00265526 9.9955E-05 0.00316082 0.0121369 9.9955E-05
0.0477805 0.0293969 0.0717963 0.0944329 0.028344 0.611874 0.0539486 0.0388118 0.00428786 0.0193268
9.99201E-05 9.99201E-05 9.99201E-05 9.99201E-05 9.99201E-05 9.99201E-05 9.99201E-05 9.99201E-05 9.99201E-05 0.999101
0.108716 0.0326483 0.075502 0.1026 0.0775618 0.309714 0.0570542 0.0996048 0.0808029 0.0557963
0.00404741 0.00785745 9.9964E-05 9.9964E-05 0.0105996 0.944807 0.0110605 0.0212287 9.9964E-05 9.9964E-05
9.9928E-05 9.9928E-05 9.9928E-05 9.9928E-05 9.9928E-05 0.9925 9.9928E-05 0.0067008 9.9928E-05 9.9928E-05
0.0554466 0.00563929 0.245256 0.0584572 0.0206432 0.428147 0.039205 0.0518916 0.0463288 0.0489854
9.99201E-05 9.99201E-05 0.999101 9.99201E-05 9.99201E-05 9.99201E-05 9.99201E-05 9.99201E-05 9.99201E-05 9.99201E-05
0.0345604 0.0397499 0.489395 0.0523921 0.03883 0.216979 0.0376337 0.0397893 0.0239383 0.0267324
0.000826945 0.00285973 9.9973E-05 0.0126159 9.9973E-05 0.946519 0.00553603 9.9973E-05 0.0182107 0.0131323
9.99201E-05 9.99201E-05 9.99201E-05 0.999101 9.99201E-05 9.99201E-05 9.99201E-05 9.99201E-05 9.99201E-05 9.99201E-05
0.0327608 0.0218657 0.0482753 0.0343345 0.0329558 0.764056 0.0131413 0.00109556 0.0367794 0.0147355
0.999101 9.99201E-05 9.99201E-05 9.99201E-05 9.99201E-05 9.99201E-05 9.99201E-05 9.99201E-05 9.99201E-05 9.99201E-05
0.955126 9.9955E-05 9.9955E-05 9.9955E-05 0.00641153 0.0287556 9.9955E-05 0.0047383 9.9955E-05 0.00446861
9.99201E-05 9.99201E-05 9.99201E-05 9.99201E-05 9.99201E-05 9.99201E-05 9.99201E-05 9.99201E-05 0.999101 9.99201E-05
0.00996552 0.0118018 0.0292286 9.9982E-05 0.00452034 0.0474417 9.9982E-05 0.0115992 0.874261 0.0109817
9.99201E-05 9.99201E-05 9.99201E-05 9.99201E-05 0.999101 9.99201E-05 9.99201E-05 9.99201E-05 9.99201E-05 9.99201E-05
9.99201E-05 9.99201E-05 9.99201E-05 9.99201E-05 9.99201E-05 9.99201E-05 9.99201E-05 0.999101 9.99201E-05 9.99201E-05
9.9955E-05 9.9955E-05 9.9955E-05 0.00479414 0.00434263 9.9955E-05 0.982797 0.00218513 0.0053813 9.9955E-05
9.99201E-05 9.99201E-05 9.99201E-05 9.99201E-05 9.99201E-05 9.99201E-05 9.99201E-05 0.999101 9.99201E-05 9.99201E-05
0.00723299 9.9928E-05 9.9928E-05 9.9928E-05 9.9928E-05 9.9928E-05 0.991968 9.9928E-05 9.9928E-05 9.9928E-05
0.068239 0.0352008 0.0731231 0.0916849 0.0319591 0.538732 0.0549918 0.0484944 0.0340276 0.0235471
9.9946E-05 0.00956988 9.9946E-05 9.9946E-05 0.00485084 9.9946E-05 9.9946E-05 0.00454855 9.9946E-05 0.980431
0.0481027 0.0255388 0.0990356 0.107779 0.0490102 0.484032 0.0485308 0.051184 0.0410879 0.0456993
0.0107126 0.0192366 0.00164709 9.9982E-05 0.0174817 0.909911 0.0203663 0.0184692 9.9982E-05 0.001975
0.0130185 9.9973E-05 9.9973E-05 0.0165544 0.00397867 0.937532 0.0144162 9.9973E-05 0.00514924 0.00905151
0.0561995 0.0153308 0.198727 0.0385541 0.0585978 0.387157 0.0627124 0.0648177 0.0558925 0.0620112
9.99201E-05 9.99201E-05 0.999101 9.99201E-05 9.99201E-05 9.99201E-05 9.99201E-05 9.99201E-05 9.99201E-05 9.99201E-05
0.0453148 0.0340098 0.070907 0.401268 0.0424905 0.249009 0.0285604 0.0389901 0.0660346 0.023416
0.0107589 0.0117241 0.00746066 0.0223306 0.00820741 0.867343 0.00742859 0.00880747 0.0406182 0.0153212
9.99201E-05 9.99201E-05 9.99201E-05 0.999101 9.99201E-05 9.99201E-05 9.99201E-05 9.99201E-05 9.99201E-05 9.99201E-05
9.99279E-05 0.000959236 9.99279E-05 9.99279E-05 9.99279E-05 0.998241 9.99279E-05 9.99279E-05 9.99279E-05 9.99279E-05
0.985757 0.0097229 9.9946E-05 0.00294382 9.9946E-05 9.9946E-05 9.9946E-05 9.9946E-05 0.000976232 9.9946E-05
0.943419 9.9946E-05 9.9946E-05 9.9946E-05 0.0205259 0.0347205 9.9946E-05 0.000734852 9.9946E-05 9.9946E-05
9.99201E-05 9.99201E-05 9.99201E-05 9.99201E-05 9.99201E-05 9.99201E-05 9.99201E-05 9.99201E-05 0.999101 9.99201E-05
0.0284679 0.0310941 0.062158 0.0391561 0.0218378 0.162615 0.0252055 0.0297736 0.570782 0.0289097
0.00847512 0.00499761 0.0131509 0.00157042 0.954729 0.0160351 9.9973E-05 0.000741698 9.9973E-05 9.9973E-05
0.00591684 9.9964E-05 0.000602623 0.00689426 9.9964E-05 9.9964E-05 0.00557516 0.978528 0.0020833 9.9964E-05
0.017986 0.933302 0.00647951 0.00553281 0.00433734 0.00523616 9.9982E-05 9.9982E-05 0.0185757 0.00835023
0.0291309 0.0146691 9.9991E-05 0.0239327 0.00866831 0.0302397 0.0101823 0.845946 0.0179803 0.0191504
9.99201E-05 9.99201E-05 9.99201E-05 9.99201E-05 9.99201E-05 9.99201E-05 0.999101 9.99201E-05 9.99201E-05 9.99201E-05
0.0657984 0.0351688 0.0895376 0.105022 0.0481369 0.487919 0.0476865 0.0526148 0.038892 0.0292232
9.99201E-05 9.99201E-05 9.99201E-05 9.99201E-05 9.99201E-05 9.99201E-05 9.99201E-05 9.99201E-05 9.99201E-05 0.999101
0.0599507 0.0387787 0.0839465 0.10734 0.0496414 0.485419 0.0353669 0.0600151 0.0322206 0.0473209
0.0410405 0.024576 0.0746722 0.0293818 0.0292549 0.705259 0.00884897 0.042888 0.0282501 0.0158281
9.9928E-05 9.9928E-05 9.9928E-05 0.00420844 9.9928E-05 0.994992 9.9928E-05 9.9928E-05 9.9928E-05 9.9928E-05
0.00724385 0.00213889 0.94069 0.00198008 0.0104799 0.00526602 0.00994303 0.00646862 0.0156897 9.9991E-05
0.0695474 0.00207026 0.194958 0.0391012 0.060355 0.380761 0.0602951 0.0685765 0.0655046 0.0588311
0.0643304 0.0215758 0.0657702 0.361229 0.0420134 0.264095 0.0215118 0.052533 0.0702247 0.0367172
0.00537594 0.0142684 9.9991E-05 0.00469631 0.00265088 0.916006 0.00647226 0.0027137 0.0436031 0.00411387
9.99201E-05 9.99201E-05 9.99201E-05 0.999101 9.99201E-05 9.99201E-05 9.99201E-05 9.99201E-05 9.99201E-05 9.99201E-05
0.011226 0.0221669 0.0428423 0.0169732 0.0146347 0.844651 9.9982E-05 9.9982E-05 0.0364002 0.010906
0.994833 0.0043674 9.9928E-05 9.9928E-05 9.9928E-05 9.9928E-05 9.9928E-05 9.9928E-05 9.9928E-05 9.9928E-05
0.999101 9.99201E-05 9.99201E-05 9.99201E-05 9.99201E-05 9.99201E-05 9.99201E-05 9.99201E-05 9.99201E-05 9.99201E-05
9.99201E-05 9.99201E-05 9.99201E-05 9.99201E-05 9.99201E-05 9.99201E-05 9.99201E-05 9.99201E-05 0.999101 9.99201E-05
0.0360377 0.0289876 0.08156 0.0372272 0.0164968 0.145396 0.0222363 0.0278411 0.573125 0.0310917
0.0136617 0.0155422 0.00220742 0.0150545 0.839038 0.0594713 0.015177 0.0185654 0.0166572 0.00462513
9.99201E-05 9.99201E-05 9.99201E-05 9.99201E-05 9.99201E-05 9.99201E-05 9.99201E-05 0.999101 9.99201E-05 9.99201E-05
9.99201E-05 0.999101 9.99201E-05 9.99201E-05 9.99201E-05 9.99201E-05 9.99201E-05 9.99201E-05 9.99201E-05 9.99201E-05
0.0353855 0.013152 0.0252167 0.0278006 0.0269312 0.0439861 0.0220057 0.742518 0.037101 0.0259037
9.99201E-05 9.99201E-05 9.99201E-05 9.99201E-05 9.99201E-05 9.99201E-05 0.999101 9.99201E-05 9.99201E-05 9.99201E-05
0.0599325 0.0374712 0.0817773 0.100036 0.0350575 0.555647 0.047179 0.0444906 0.0168659 0.0215426
9.99201E-05 9.99201E-05 9.99201E-05 9.99201E-05 9.99201E-05 9.99201E-05 9.99201E-05 9.99201E-05 9.99201E-05 0.999101
0.0378826 0.0122739 0.223984 0.0842231 0.0498077 0.308088 0.0810762 0.0565728 0.0838403 0.0622519
0.0456012 0.0308413 0.0826986 0.100322 0.0402704 0.536111 0.0461033 0.0399118 0.0274237 0.050716
0.0403946 9.9991E-05 0.0742115 0.0160279 0.0401417 0.698656 0.0302683 0.0284153 0.0422062 0.0295787
0.0344307 9.9991E-05 0.0368384 0.0246372 0.0241916 0.786 0.0216053 0.0292511 0.0107035 0.0322425
0.0230738 0.0359025 0.572913 0.0350161 0.0257413 0.167292 0.0464032 0.0368398 0.040496 0.0163221
0.0576178 0.00697311 0.191914 0.0426323 0.0649481 0.386567 0.0570439 0.0737865 0.048231 0.0702856
0.0212285 9.9982E-05 0.036852 0.829723 0.0206735 0.0366624 9.9982E-05 0.00775089 0.0249428 0.0219669
9.9964E-05 0.00131505 9.9964E-05 9.9964E-05 9.9964E-05 0.932854 0.0183798 0.00967888 0.0217605 0.0156114
0.0100012 0.00668577 9.9991E-05 0.919801 0.00589855 0.0053167 0.0155731 0.0120425 0.0211735 0.00340791
9.99201E-05 9.99201E-05 9.99201E-05 9.99201E-05 9.99201E-05 0.999101 9.99201E-05 9.99201E-05 9.99201E-05 9.99201E-05
0.951178 0.00304782 0.0132415 0.00817711 9.9982E-05 9.9982E-05 0.00924429 0.00208366 0.0124253 0.000402096
0.999101 9.99201E-05 9.99201E-05 9.99201E-05 9.99201E-05 9.99201E-05 9.99201E-05 9.99201E-05 9.99201E-05 9.99201E-05
9.99201E-05 9.99201E-05 9.99201E-05 9.99201E-05 9.99201E-05 9.99201E-05 9.99201E-05 9.99201E-05 0.999101 9.99201E-05
0.00155274 9.9973E-05 0.0298656 0.000643011 9.9973E-05 0.0310826 9.9973E-05 0.00217269 0.923652 0.0107314
0.00499222 9.9928E-05 9.9928E-05 9.9928E-05 0.994208 9.9928E-05 9.9928E-05 9.9928E-05 9.9928E-05 9.9928E-05
9.99201E-05 9.99201E-05 9.99201E-05 9.99201E-05 9.99201E-05 9.99201E-05 9.99201E-05 0.999101 9.99201E-05 9.99201E-05
9.99201E-05 0.999101 9.99201E-05 9.99201E-05 9.99201E-05 9.99201E-05 9.99201E-05 9.99201E-05 9.99201E-05 9.99201E-05
9.99201E-05 9.99201E-05 9.99201E-05 9.99201E-05 9.99201E-05 9.99201E-05 9.99201E-05 0.999101 9.99201E-05 9.99201E-05
9.99201E-05 9.99201E-05 9.99201E-05 9.99201E-05 9.99201E-05 9.99201E-05 0.999101 9.99201E-05 9.99201E-05 9.99201E-05
0.0528402 0.00242135 0.2058 0.0431017 0.0437898 0.431299 0.0546404 0.0851482 0.0383212 0.0426382
0.00395726 0.00651043 9.9964E-05 9.9964E-05 9.9964E-05 0.00301866 0.0031437 0.0120839 9.9964E-05 0.970886
0.0225608 0.0113407 0.232955 0.0845303 0.0506616 0.316647 0.0734878 0.059301 0.0864002 0.0621155
0.0460945 0.0262756 0.0913767 0.0956083 0.0587393 0.450951 0.0856516 0.0633077 0.0443099 0.0376852
0.034146 0.00364135 0.0826135 0.00829584 0.0396638 0.713943 0.0388532 0.0181216 0.0326252 0.0280966
0.019654 9.9991E-05 0.0688765 0.0358788 0.0163164 0.75816 0.0285218 0.0344706 0.018945 0.0190773
9.9937E-05 9.9937E-05 0.990335 9.9937E-05 0.000437157 9.9937E-05 0.00852788 9.9937E-05 9.9937E-05 9.9937E-05
0.0711336 0.0259241 0.176709 0.0504387 0.0485892 0.399207 0.0415425 0.0870084 0.0613175 0.0381302
0.0192638 0.00316761 0.0414156 0.823937 0.0131887 0.0442093 0.00645752 0.00994024 0.0215253 0.0168954
9.9928E-05 9.9928E-05 9.9928E-05 9.9928E-05 9.9928E-05 0.993025 9.9928E-05 9.9928E-05 0.00617573 9.9928E-05
9.99201E-05 9.99201E-05 9.99201E-05 0.999101 9.99201E-05 9.99201E-05 9.99201E-05 9.99201E-05 9.99201E-05 9.99201E-05
9.99201E-05 9.99201E-05 9.99201E-05 9.99201E-05 9.99201E-05 0.999101 9.99201E-05 9.99201E-05 9.99201E-05 9.99201E-05
0.939994 0.0012568 0.0214615 0.0110645 9.9973E-05 9.9973E-05 0.00520522 9.9973E-05 0.00582089 0.0148969
0.998225 9.9928E-05 9.9928E-05 9.9928E-05 9.9928E-05 0.000975608 9.9928E-05 9.9928E-05 9.9928E-05 9.9928E-05
9.99201E-05 9.99201E-05 9.99201E-05 9.99201E-05 9.99201E-05 9.99201E-05 9.99201E-05 9.99201E-05 0.999101 9.99201E-05
9.99201E-05 9.99201E-05 9.99201E-05 9.99201E-05 9.99201E-05 9.99201E-05 9.99201E-05 9.99201E-05 0.999101 9.99201E-05
9.9946E-05 9.9946E-05 9.9946E-05 0.00574985 0.980518 9.9946E-05 0.00317252 9.9946E-05 0.00996023 9.9946E-05
9.9973E-05 0.0196173 0.0050711 9.9973E-05 0.00136656 0.0127718 0.00161736 0.958276 0.000980392 9.9973E-05
0.0481066 0.184049 0.0665761 0.053984 0.0490786 0.163639 0.328058 0.0368917 0.0504141 0.0192022
9.9973E-05 9.9973E-05 9.9973E-05 0.00147288 0.00624531 0.0112999 0.00174807 0.96324 0.00596186 0.0097319
0.00494788 0.00419905 9.9955E-05 9.9955E-05 9.9955E-05 9.9955E-05 0.00243093 0.000464658 9.9955E-05 0.987458
0.0638389 0.0417862 0.0890713 0.133632 0.0226293 0.498032 0.0355527 0.0420431 0.028334 0.0450795
0.04713 0.0184491 0.234353 0.0767376 0.0553279 0.310684 0.0686798 0.0519504 0.0786429 0.0580454
0.0674749 0.0367106 0.129189 0.074788 0.0704254 0.416981 0.0615831 0.0726977 0.0321902 0.0379597
0.031263 0.00295945 0.0777886 9.9991E-05 0.0482917 0.713068 0.0330648 0.0312142 0.0407818 0.0214686
0.0273972 0.0312996 0.0790939 0.0279114 0.0309581 0.680063 0.018963 0.0545417 0.00992347 0.0398483
9.99201E-05 9.99201E-05 0.999101 9.99201E-05 9.99201E-05 9.99201E-05 9.99201E-05 9.99201E-05 9.99201E-05 9.99201E-05
9.9946E-05 9.9946E-05 0.977617 0.000784068 9.9946E-05 9.9946E-05 0.0189105 9.9946E-05 0.00208841 9.9946E-05
0.0365798 0.00551411 0.225656 0.0427752 0.0568518 0.413386 0.0517538 0.0878367 0.0462315 0.0334148
0.0179361 0.000713696 0.0260392 0.853674 0.00992437 0.0373061 0.00228782 0.0033061 0.0324034 0.0164092
9.99201E-05 9.99201E-05 9.99201E-05 9.99201E-05 9.99201E-05 0.999101 9.99201E-05 9.99201E-05 9.99201E-05 9.99201E-05
9.99201E-05 9.99201E-05 9.99201E-05 0.999101 9.99201E-05 9.99201E-05 9.99201E-05 9.99201E-05 9.99201E-05 9.99201E-05
9.99201E-05 9.99201E-05 9.99201E-05 9.99201E-05 9.99201E-05 0.999101 9.99201E-05 9.99201E-05 9.99201E-05 9.99201E-05
0.993706 0.00549507 9.9928E-05 9.9928E-05 9.9928E-05 9.9928E-05 9.9928E-05 9.9928E-05 9.9928E-05 9.9928E-05
0.00328477 9.9964E-05 0.0146807 9.9964E-05 9.9964E-05 0.00084334 9.9964E-05 0.00185472 0.968336 0.0106003
9.99201E-05 9.99201E-05 9.99201E-05 9.99201E-05 0.999101 9.99201E-05 9.99201E-05 9.99201E-05 9.99201E-05 9.99201E-05
0.0381273 0.0180783 0.0416533 0.0128649 0.492626 0.244768 0.0243724 0.0358867 0.0652752 0.0263473
0.058364 0.158203 0.0973314 0.0388362 0.0411464 0.267966 0.192456 0.037666 0.0698233 0.0382081
9.99201E-05 9.99201E-05 9.99201E-05 9.99201E-05 9.99201E-05 9.99201E-05 9.99201E-05 0.999101 9.99201E-05 9.99201E-05
9.99201E-05 0.999101 9.99201E-05 9.99201E-05 9.99201E-05 9.99201E-05 9.99201E-05 9.99201E-05 9.99201E-05 9.99201E-05
0.0115951 0.0185264 0.0178065 0.0180916 0.0205558 0.0225807 0.00225983 0.846925 0.024038 0.0176215
9.99201E-05 9.99201E-05 9.99201E-05 9.99201E-05 9.99201E-05 9.99201E-05 9.99201E-05 9.99201E-05 9.99201E-05 0.999101
0.0502306 0.0302514 0.103554 0.121992 0.0450286 0.467307 0.0385945 0.046028 0.056788 0.0402271
0.051025 0.0415158 0.184218 0.0933937 0.0445673 0.315833 0.0559329 0.0712783 0.0826343 0.0596019
0.0577601 0.03735 0.149419 0.0941924 0.0557135 0.446713 0.0281883 0.0540442 0.0386167 0.0380026
0.0180193 0.0291977 0.0636926 0.0376911 0.0502498 0.727015 0.0106252 0.0285409 0.00244504 0.0325232
0.0238525 0.0175282 0.01921 0.00861025 9.9991E-05 0.838349 0.0221159 0.0293037 0.00802605 0.032905
9.99201E-05 9.99201E-05 0.999101 9.99201E-05 9.99201E-05 9.99201E-05 9.99201E-05 9.99201E-05 9.99201E-05 9.99201E-05
0.0162482 0.000515556 0.797327 0.032478 0.014164 0.0431104 0.0349082 0.015631 0.0239688 0.0216493
0.0322088 0.0139433 0.239007 0.029237 0.0605693 0.418042 0.0507026 0.0783131 0.0377377 0.0402395
0.0221662 0.0117686 0.0449603 0.799107 0.0255308 0.0227141 9.9991E-05 0.0166829 0.0379209 0.0190493
9.99279E-05 9.99279E-05 9.99279E-05 9.99279E-05 9.99279E-05 0.996321 9.99279E-05 9.99279E-05 0.00287965 9.99279E-05
9.99201E-05 9.99201E-05 9.99201E-05 0.999101 9.99201E-05 9.99201E-05 9.99201E-05 9.99201E-05 9.99201E-05 9.99201E-05
0.999101 9.99201E-05 9.99201E-05 9.99201E-05 9.99201E-05 9.99201E-05 9.99201E-05 9.99201E-05 9.99201E-05 9.99201E-05
