9.99201E-05 9.99201E-05 0.999101 9.99201E-05 9.99201E-05 9.99201E-05 9.99201E-05 9.99201E-05 9.99201E-05 9.99201E-05
0.0107681 0.0165691 0.00398582 9.9964E-05 9.9964E-05 9.9964E-05 0.942226 9.9964E-05 0.0217538 0.00429706
0.00787175 0.0115653 0.000943395 9.9973E-05 9.9973E-05 0.000802074 0.946457 9.9973E-05 0.029827 0.00223342
9.99201E-05 9.99201E-05 9.99201E-05 9.99201E-05 0.999101 9.99201E-05 9.99201E-05 9.99201E-05 9.99201E-05 9.99201E-05
9.99201E-05 9.99201E-05 9.99201E-05 9.99201E-05 0.999101 9.99201E-05 9.99201E-05 9.99201E-05 9.99201E-05 9.99201E-05
0.210858 0.0444203 0.0649919 0.320854 0.0456818 0.0288655 0.0614832 0.0893316 0.0810517 0.0524618
9.99201E-05 9.99201E-05 9.99201E-05 9.99201E-05 9.99201E-05 9.99201E-05 9.99201E-05 9.99201E-05 9.99201E-05 0.999101
9.99201E-05 9.99201E-05 9.99201E-05 0.999101 9.99201E-05 9.99201E-05 9.99201E-05 9.99201E-05 9.99201E-05 9.99201E-05
0.563385 0.0216216 0.0612799 0.0385187 0.0358685 0.0911965 0.0228173 0.0538166 0.0503696 0.061126
9.9937E-05 0.980814 9.9937E-05 9.9937E-05 9.9937E-05 9.9937E-05 0.0121621 0.00632427 9.9937E-05 9.9937E-05
0.437449 0.0516831 0.052038 0.0275587 0.0761257 0.089632 0.045923 0.0448702 0.115988 0.0587327
0.335163 0.0559418 0.0517553 0.040664 0.0388005 0.0877828 0.0945468 0.0608189 0.165984 0.0685426
0.927996 9.9973E-05 0.00775834 0.00508023 0.00910236 9.9973E-05 0.00521481 0.0144761 9.9973E-05 0.0300721
0.999101 9.99201E-05 9.99201E-05 9.99201E-05 9.99201E-05 9.99201E-05 9.99201E-05 9.99201E-05 9.99201E-05 9.99201E-05
0.209211 0.0274015 0.0186835 9.9991E-05 0.016533 0.00665909 0.0152254 0.039581 0.119525 0.547081
9.99201E-05 9.99201E-05 9.99201E-05 9.99201E-05 9.99201E-05 9.99201E-05 9.99201E-05 9.99201E-05 0.999101 9.99201E-05
0.0313421 9.9955E-05 9.9955E-05 9.9955E-05 0.0044863 9.9955E-05 0.0160286 0.024291 0.923352 9.9955E-05
0.424389 0.0289891 0.0600687 0.0257893 0.0570198 0.0515072 0.0666005 0.0489406 0.159737 0.0769598
0.0314163 0.0217325 0.0283563 0.00715888 0.0202978 0.787016 0.041068 0.0069947 0.0449926 0.0109671
0.750932 0.0142401 0.0265368 0.0211055 0.0367722 0.0321699 0.0439132 0.013586 0.027329 0.0334149
9.9937E-05 9.9937E-05 9.9937E-05 9.9937E-05 0.00222918 0.993693 9.9937E-05 0.00337805 9.9937E-05 9.9937E-05
0.969102 0.0011833 9.9964E-05 9.9964E-05 0.00808584 0.00978798 0.00757853 9.9964E-05 0.0038627 9.9964E-05
0.0541077 9.9982E-05 0.921068 0.000855331 0.00283026 0.00109897 0.00436793 0.00125719 9.9982E-05 0.0142149
9.99201E-05 9.99201E-05 9.99201E-05 9.99201E-05 9.99201E-05 9.99201E-05 0.999101 9.99201E-05 9.99201E-05 9.99201E-05
0.0181651 0.0219477 0.0119774 9.9964E-05 9.9964E-05 9.9964E-05 0.914595 9.9964E-05 0.0228955 0.0100198
9.99201E-05 9.99201E-05 9.99201E-05 9.99201E-05 0.999101 9.99201E-05 9.99201E-05 9.99201E-05 9.99201E-05 9.99201E-05
9.9928E-05 9.9928E-05 0.00182833 9.9928E-05 9.9928E-05 9.9928E-05 9.9928E-05 9.9928E-05 9.9928E-05 0.997372
9.99201E-05 9.99201E-05 9.99201E-05 0.999101 9.99201E-05 9.99201E-05 9.99201E-05 9.99201E-05 9.99201E-05 9.99201E-05
0.0130607 0.00216901 0.00926435 0.00191157 0.0129907 0.000224563 0.013889 0.0148265 0.0110068 0.920657
0.00233658 0.00104745 0.00303517 0.9685 9.9982E-05 0.00516598 0.0116896 0.000998466 0.007027 9.9982E-05
0.646208 0.016955 0.0470614 0.023973 0.0352364 0.0857586 0.00066057 0.0590352 0.0551866 0.0299248
9.99201E-05 0.999101 9.99201E-05 9.99201E-05 9.99201E-05 9.99201E-05 9.99201E-05 9.99201E-05 9.99201E-05 9.99201E-05
0.32878 0.0619991 0.0995344 0.0530481 0.0539781 0.0759117 0.0957265 0.0451683 0.089861 0.0959931
0.927217 9.9964E-05 0.00571027 0.0103621 0.0123457 9.9964E-05 9.9964E-05 0.0131397 9.9964E-05 0.0308254
0.999101 9.99201E-05 9.99201E-05 9.99201E-05 9.99201E-05 9.99201E-05 9.99201E-05 9.99201E-05 9.99201E-05 9.99201E-05
0.451011 0.0392102 0.0604152 0.0186777 0.0324668 0.0476048 0.0389196 0.0345309 0.227628 0.0495365
9.99201E-05 9.99201E-05 9.99201E-05 9.99201E-05 9.99201E-05 9.99201E-05 9.99201E-05 9.99201E-05 0.999101 9.99201E-05
0.242204 0.0280148 0.034924 0.0367183 0.0418848 0.0545313 0.0239218 0.0292539 0.465807 0.0427394
0.953493 0.0154218 9.9964E-05 0.0104187 9.9964E-05 0.00447078 0.0116066 0.00418902 9.9964E-05 9.9964E-05
9.99201E-05 9.99201E-05 9.99201E-05 9.99201E-05 9.99201E-05 0.999101 9.99201E-05 9.99201E-05 9.99201E-05 9.99201E-05
0.740726 0.00882816 0.0351095 0.0220542 0.0288406 0.0353161 0.0379909 0.0197178 0.0550825 0.0163344
9.99201E-05 9.99201E-05 0.999101 9.99201E-05 9.99201E-05 9.99201E-05 9.99201E-05 9.99201E-05 9.99201E-05 9.99201E-05
0.0263849 9.9955E-05 0.951963 9.9955E-05 0.0114621 0.00263991 9.9955E-05 9.9955E-05 9.9955E-05 0.00705016
9.99201E-05 9.99201E-05 9.99201E-05 9.99201E-05 9.99201E-05 9.99201E-05 0.999101 9.99201E-05 9.99201E-05 9.99201E-05
0.0338889 0.0170258 0.0172169 0.00999269 9.9991E-05 0.000536992 0.865445 0.00839272 0.0352613 0.0121393
9.99201E-05 9.99201E-05 9.99201E-05 9.99201E-05 0.999101 9.99201E-05 9.99201E-05 9.99201E-05 9.99201E-05 9.99201E-05
9.99201E-05 9.99201E-05 9.99201E-05 9.99201E-05 9.99201E-05 9.99201E-05 9.99201E-05 9.99201E-05 9.99201E-05 0.999101
0.00517472 9.9973E-05 0.00584491 9.9973E-05 9.9973E-05 0.00738025 0.000548188 0.973274 0.00277515 0.00470313
9.99201E-05 9.99201E-05 9.99201E-05 9.99201E-05 9.99201E-05 9.99201E-05 9.99201E-05 9.99201E-05 9.99201E-05 0.999101
9.9937E-05 9.9937E-05 0.00351373 9.9937E-05 0.000294677 9.9937E-05 9.9937E-05 0.995492 9.9937E-05 9.9937E-05
0.591904 0.015164 0.0561111 0.0357915 0.0295978 0.0882247 0.0226008 0.0496961 0.0459576 0.0649527
9.9964E-05 0.981256 9.9964E-05 0.00149181 0.00424115 9.9964E-05 0.00721822 0.000258735 9.9964E-05 0.00513466
0.493922 0.0469216 0.0501532 0.0269897 0.0543215 0.112337 0.0422008 0.0417403 0.0811902 0.0502238
0.903542 0.00430767 0.0147914 0.0139961 0.0259569 0.000909584 0.00438147 0.009016 0.00163444 0.0214645
0.945455 9.9982E-05 0.00245663 0.00555451 0.00222657 0.0146372 0.0084983 0.0184341 9.9982E-05 0.00253777
0.392994 0.0628187 0.0634409 0.0126969 0.0646541 0.039976 0.04849 0.0722956 0.183585 0.0590489
9.99201E-05 9.99201E-05 9.99201E-05 9.99201E-05 9.99201E-05 9.99201E-05 9.99201E-05 9.99201E-05 0.999101 9.99201E-05
0.274558 0.036683 0.0453375 0.0266556 0.0438141 0.404504 0.0593421 0.00648175 0.0545038 0.04812
0.826855 0.0232007 0.00657006 0.0218591 0.0116979 0.0164158 0.0463766 0.0174561 0.0157515 0.0138171
9.99201E-05 9.99201E-05 9.99201E-05 9.99201E-05 9.99201E-05 0.999101 9.99201E-05 9.99201E-05 9.99201E-05 9.99201E-05
0.999101 9.99201E-05 9.99201E-05 9.99201E-05 9.99201E-05 9.99201E-05 9.99201E-05 9.99201E-05 9.99201E-05 9.99201E-05
9.9955E-05 0.00173083 0.984622 9.9955E-05 9.9955E-05 9.9955E-05 0.0109812 0.00145433 0.000711659 9.9955E-05
0.0360828 0.00120435 0.950318 9.9955E-05 0.010263 9.9955E-05 9.9955E-05 9.9955E-05 9.9955E-05 0.00163188
9.99201E-05 9.99201E-05 9.99201E-05 9.99201E-05 9.99201E-05 9.99201E-05 0.999101 9.99201E-05 9.99201E-05 9.99201E-05
0.161814 0.0317406 0.0238647 0.0381392 0.0335167 0.0369414 0.556745 0.0180039 0.0700106 0.0292233
0.0156854 9.9964E-05 0.00627833 0.00322269 0.961983 9.9964E-05 9.9964E-05 9.9964E-05 0.0085653 0.00386571
9.9964E-05 0.0127075 0.00578004 0.000430746 9.9964E-05 0.00822295 9.9964E-05 0.00318164 9.9964E-05 0.969277
9.9973E-05 0.0117398 0.00501814 0.941662 0.00570995 0.0180447 0.0164837 9.9973E-05 0.0010423 9.9973E-05
0.0579055 0.0135792 0.0133131 0.00103926 0.00460662 0.0116695 0.0287792 0.0178153 0.00368325 0.847609
9.99201E-05 9.99201E-05 9.99201E-05 9.99201E-05 9.99201E-05 9.99201E-05 9.99201E-05 0.999101 9.99201E-05 9.99201E-05
0.523344 0.030166 0.0707842 0.0399075 0.0360685 0.10369 0.0274087 0.0387681 0.0792687 0.0505952
9.99201E-05 0.999101 9.99201E-05 9.99201E-05 9.99201E-05 9.99201E-05 9.99201E-05 9.99201E-05 9.99201E-05 9.99201E-05
0.534863 0.047444 0.0455246 0.0218549 0.0467298 0.0960727 0.0579705 0.0286326 0.0761907 0.0447174
0.696155 0.0132323 0.0472364 0.0230243 0.0342545 0.0433742 0.0218749 0.0166574 0.0630635 0.041127
0.998131 9.9928E-05 9.9928E-05 9.9928E-05 9.9928E-05 9.9928E-05 9.9928E-05 0.00107007 9.9928E-05 9.9928E-05
0.0406064 0.00117185 0.00126142 9.9991E-05 0.0186008 0.00810718 0.0171306 0.0183824 0.894392 0.000247865
0.42778 0.0534985 0.0647098 0.00504751 0.0660877 0.0403145 0.0597426 0.0610123 0.16742 0.0543874
0.286487 0.0523316 0.0604717 0.0363335 0.0488794 0.341592 0.0576267 0.0274414 0.0385975 0.0502394
0.909406 0.0191646 0.0048735 0.0165297 0.00104223 0.0136601 0.0231112 9.9991E-05 0.000997642 0.0111153
9.99201E-05 9.99201E-05 9.99201E-05 9.99201E-05 9.99201E-05 0.999101 9.99201E-05 9.99201E-05 9.99201E-05 9.99201E-05
0.816826 0.013272 0.015152 0.0060723 0.021516 0.038713 0.0321263 9.9991E-05 0.0561226 9.9991E-05
9.99281E-05 9.99281E-05 0.997831 9.99281E-05 9.99281E-05 9.99281E-05 9.99281E-05 9.99281E-05 0.00136948 9.99281E-05
9.99201E-05 9.99201E-05 0.999101 9.99201E-05 9.99201E-05 9.99201E-05 9.99201E-05 9.99201E-05 9.99201E-05 9.99201E-05
9.99201E-05 9.99201E-05 9.99201E-05 9.99201E-05 9.99201E-05 9.99201E-05 0.999101 9.99201E-05 9.99201E-05 9.99201E-05
0.149862 0.0308922 0.0277202 0.0376083 0.0212923 0.0298409 0.575168 0.0164172 0.07612 0.0350782
0.0474083 0.0139076 0.00838377 0.0138732 0.843566 0.0210306 0.0109416 0.0117116 0.0056766 0.0235003
9.99201E-05 9.99201E-05 9.99201E-05 9.99201E-05 9.99201E-05 9.99201E-05 9.99201E-05 9.99201E-05 9.99201E-05 0.999101
9.99201E-05 9.99201E-05 9.99201E-05 0.999101 9.99201E-05 9.99201E-05 9.99201E-05 9.99201E-05 9.99201E-05 9.99201E-05
0.0542146 0.0257757 0.0350948 0.0238408 0.0200979 0.0294353 0.0359924 0.0169338 0.0157257 0.742889
9.99201E-05 9.99201E-05 9.99201E-05 9.99201E-05 9.99201E-05 9.99201E-05 9.99201E-05 0.999101 9.99201E-05 9.99201E-05
0.620279 0.0192266 0.0540217 0.0321846 0.0261737 0.103897 0.0108156 0.0436183 0.0494954 0.0402879
9.99201E-05 0.999101 9.99201E-05 9.99201E-05 9.99201E-05 9.99201E-05 9.99201E-05 9.99201E-05 9.99201E-05 9.99201E-05
0.330842 0.0574318 0.0409535 0.0122286 0.0509698 0.0886236 0.0748668 0.0863173 0.189175 0.0685917
0.573423 0.0547465 0.0461972 0.0277446 0.0480235 0.098282 0.0281272 0.0305354 0.062301 0.0306199
0.706006 0.0199667 0.0346558 0.00231667 0.0415433 0.0155965 0.036773 0.0464078 0.0690887 0.0276454
0.776611 0.0226692 0.0304289 0.00963613 0.0253331 0.0304067 0.00786142 0.0261726 0.0370275 0.0338539
0.155341 0.0346575 0.0315652 0.0396933 0.0289885 0.0214546 0.0531512 0.060579 0.535787 0.038783
0.414673 0.0600241 0.0642652 0.0176307 0.0716458 0.0359505 0.046373 0.0503239 0.171505 0.0676078
0.0573258 0.024767 0.0120526 0.00430726 0.0143388 0.824286 0.0275367 9.9991E-05 0.0329419 0.00234331
0.947437 0.0212164 0.00258291 0.00171782 9.9982E-05 0.00444344 0.0041828 0.0150984 9.9982E-05 0.00312175
0.0253209 0.000535985 9.9973E-05 0.00948999 0.00210429 0.943087 9.9973E-05 9.9973E-05 0.00845263 0.0107092
0.999101 9.99201E-05 9.99201E-05 9.99201E-05 9.99201E-05 9.99201E-05 9.99201E-05 9.99201E-05 9.99201E-05 9.99201E-05
9.9973E-05 0.0097497 0.947881 0.00737983 9.9973E-05 0.00900512 0.00509477 0.00286614 0.0177232 9.9973E-05
9.99201E-05 9.99201E-05 0.999101 9.99201E-05 9.99201E-05 9.99201E-05 9.99201E-05 9.99201E-05 9.99201E-05 9.99201E-05
9.99201E-05 9.99201E-05 9.99201E-05 9.99201E-05 9.99201E-05 9.99201E-05 0.999101 9.99201E-05 9.99201E-05 9.99201E-05
0.0190151 0.0185029 0.00734049 0.00705041 9.9982E-05 9.9982E-05 0.90983 0.00620331 0.0219543 0.0099031
9.9937E-05 9.9937E-05 0.00321103 0.00062573 0.995464 9.9937E-05 9.9937E-05 9.9937E-05 9.9937E-05 9.9937E-05
9.99201E-05 9.99201E-05 9.99201E-05 9.99201E-05 9.99201E-05 9.99201E-05 9.99201E-05 9.99201E-05 9.99201E-05 0.999101
9.99201E-05 9.99201E-05 9.99201E-05 0.999101 9.99201E-05 9.99201E-05 9.99201E-05 9.99201E-05 9.99201E-05 9.99201E-05
9.99201E-05 9.99201E-05 9.99201E-05 9.99201E-05 9.99201E-05 9.99201E-05 9.99201E-05 9.99201E-05 9.99201E-05 0.999101
9.99201E-05 9.99201E-05 9.99201E-05 9.99201E-05 9.99201E-05 9.99201E-05 9.99201E-05 0.999101 9.99201E-05 9.99201E-05
0.44665 0.0470798 0.0553582 0.00173522 0.0448339 0.0452905 0.0404503 0.0472035 0.18302 0.0883792
9.9964E-05 0.965744 0.00733097 0.00229091 9.9964E-05 9.9964E-05 9.9964E-05 0.00215184 0.00475029 0.0173322
0.323407 0.0654589 0.0425407 0.00648544 0.0533786 0.0935609 0.0719804 0.0892052 0.190746 0.0632369
0.514771 0.0282358 0.0478437 0.0218228 0.0456838 0.0991296 0.0505105 0.0628005 0.0782381 0.0509643
0.733332 0.0205345 0.0326699 9.99996E-05 0.0365432 0.0110801 0.0211806 0.0439448 0.0872708 0.0133437
0.796564 0.0151494 0.0137496 9.9991E-05 0.0130955 0.0481278 0.0147931 0.0228393 0.0477108 0.0278701
0.0286198 0.00394879 9.9964E-05 9.9964E-05 0.0016284 9.9964E-05 0.00226179 0.0215008 0.941641 9.9964E-05
0.405638 0.0484436 0.0657796 0.0225784 0.0480432 0.0630455 0.0653285 0.0290874 0.167459 0.0845969
0.0365942 0.0127134 0.0148617 0.0153826 0.0301444 0.807749 0.0399317 0.00673591 0.0313152 0.00457176
0.991841 9.99279E-05 9.99279E-05 9.99279E-05 9.99279E-05 9.99279E-05 0.00735941 9.99279E-05 9.99279E-05 9.99279E-05
9.99201E-05 9.99201E-05 9.99201E-05 9.99201E-05 9.99201E-05 0.999101 9.99201E-05 9.99201E-05 9.99201E-05 9.99201E-05
0.997526 9.9928E-05 9.9928E-05 9.9928E-05 0.00167502 9.9928E-05 9.9928E-05 9.9928E-05 9.9928E-05 9.9928E-05
9.9973E-05 0.00433143 0.955315 0.00148228 9.9973E-05 0.0199468 0.00169706 0.00862178 0.0083057 9.9973E-05
0.00295144 9.9937E-05 0.990471 9.9937E-05 0.00587807 9.9937E-05 9.9937E-05 9.9937E-05 9.9937E-05 9.9937E-05
9.99201E-05 9.99201E-05 9.99201E-05 9.99201E-05 9.99201E-05 9.99201E-05 0.999101 9.99201E-05 9.99201E-05 9.99201E-05
9.99201E-05 9.99201E-05 9.99201E-05 9.99201E-05 9.99201E-05 9.99201E-05 0.999101 9.99201E-05 9.99201E-05 9.99201E-05
0.00287968 0.00193868 9.9973E-05 0.00174559 0.973431 0.00474026 0.00750606 0.0074586 9.9973E-05 9.9973E-05
0.00220415 0.000277249 9.9973E-05 0.00463616 0.00304329 9.9973E-05 0.00336577 0.00665164 9.9973E-05 0.979522
0.202149 0.0101918 0.0456663 0.17907 0.0459206 0.0486258 0.0412801 0.317605 0.0721541 0.037337
9.9982E-05 0.0080132 9.9982E-05 0.00316303 0.00326524 0.000445679 0.0105747 0.0104308 0.000630594 0.963277
0.00926417 0.982269 0.00435137 9.9946E-05 9.9946E-05 9.9946E-05 0.00351619 9.9946E-05 9.9946E-05 9.9946E-05
0.518153 0.0527158 0.0642182 0.03623 0.030373 0.119287 0.031027 0.0341669 0.0799219 0.0339069
0.302457 0.0759767 0.0478314 0.00724037 0.0545304 0.0912703 0.0791918 0.0825567 0.190639 0.0683071
0.450616 0.0281912 0.0631282 0.0388865 0.0656685 0.0836631 0.0312169 0.0643542 0.111735 0.0625397
0.745059 0.0145631 0.0392332 0.00630086 0.0368935 0.00118888 0.0280655 0.0334244 0.0710467 0.0242245
0.701038 0.0223848 0.0326632 0.0425735 0.0348202 0.0422384 0.00668285 0.0170415 0.0467404 0.053817
9.99201E-05 9.99201E-05 9.99201E-05 9.99201E-05 9.99201E-05 9.99201E-05 9.99201E-05 9.99201E-05 0.999101 9.99201E-05
0.0215382 9.9946E-05 9.9946E-05 9.9946E-05 9.9946E-05 9.9946E-05 0.0111695 0.0264424 0.94025 9.9946E-05
0.447899 0.0286233 0.0349682 9.9991E-05 0.0630493 0.0288165 0.0363651 0.0578319 0.215833 0.0865139
0.0347701 0.0167981 0.0236659 0.00876554 0.0188397 0.847115 0.0282459 9.9982E-05 0.0215999 9.9982E-05
0.999101 9.99201E-05 9.99201E-05 9.99201E-05 9.99201E-05 9.99201E-05 9.99201E-05 9.99201E-05 9.99201E-05 9.99201E-05
9.99201E-05 9.99201E-05 9.99201E-05 9.99201E-05 9.99201E-05 0.999101 9.99201E-05 9.99201E-05 9.99201E-05 9.99201E-05
0.993788 9.9928E-05 9.9928E-05 9.9928E-05 0.00541305 9.9928E-05 9.9928E-05 9.9928E-05 9.9928E-05 9.9928E-05
9.9937E-05 9.9937E-05 0.994486 0.00131815 9.9937E-05 9.9937E-05 9.9937E-05 9.9937E-05 0.00349605 9.9937E-05
9.9955E-05 0.0153237 0.00493324 9.9955E-05 9.9955E-05 9.9955E-05 0.956498 9.9955E-05 0.0163606 0.006385
9.99201E-05 9.99201E-05 9.99201E-05 9.99201E-05 0.999101 9.99201E-05 9.99201E-05 9.99201E-05 9.99201E-05 9.99201E-05
0.241368 0.020428 0.0453963 0.017883 0.485559 0.0128898 0.057468 0.0264001 0.0480812 0.0445266
0.283238 0.0338904 0.061834 0.160941 0.040763 0.0474609 0.0494665 0.191799 0.0922716 0.0383352
9.99201E-05 9.99201E-05 9.99201E-05 9.99201E-05 9.99201E-05 9.99201E-05 9.99201E-05 9.99201E-05 9.99201E-05 0.999101
9.99201E-05 9.99201E-05 9.99201E-05 0.999101 9.99201E-05 9.99201E-05 9.99201E-05 9.99201E-05 9.99201E-05 9.99201E-05
0.0275272 0.0182257 0.0143459 0.0201307 0.0011256 0.0165217 0.019742 0.00738274 0.0195879 0.85541
9.99201E-05 0.999101 9.99201E-05 9.99201E-05 9.99201E-05 9.99201E-05 9.99201E-05 9.99201E-05 9.99201E-05 9.99201E-05
0.491178 0.0336713 0.0475861 0.029814 0.045776 0.118786 0.0506789 0.0369473 0.0995348 0.0460279
0.344874 0.0614732 0.0455605 0.0406906 0.0384331 0.0886659 0.0859078 0.0558172 0.169833 0.0687442
0.480156 0.041554 0.0572236 0.051596 0.0541682 0.0838968 0.0348569 0.021387 0.113459 0.0617025
0.745424 0.0199932 0.0115215 0.0366875 0.049476 0.0407117 9.9991E-05 0.0168873 0.0533121 0.0258863
0.8537 0.0264907 0.0299459 0.0101609 0.00306969 0.0054351 0.0030687 0.0288233 0.00636475 0.0329407
9.99201E-05 9.99201E-05 9.99201E-05 9.99201E-05 9.99201E-05 9.99201E-05 9.99201E-05 9.99201E-05 0.999101 9.99201E-05
0.0684392 0.0153803 0.0311939 0.0102344 0.0255461 0.0293749 0.0247362 0.020843 0.750894 0.0233585
0.447076 0.0243609 0.0354793 0.00948072 0.054832 0.0376504 0.0234832 0.0559604 0.228672 0.0830053
0.0606993 0.0314328 0.0215968 0.00586581 0.0291756 0.784043 0.0361745 9.9991E-05 0.0186604 0.012252
0.991063 9.99279E-05 9.99279E-05 9.99279E-05 9.99279E-05 9.99279E-05 0.00813758 9.99279E-05 9.99279E-05 9.99279E-05
9.99201E-05 9.99201E-05 9.99201E-05 9.99201E-05 9.99201E-05 0.999101 9.99201E-05 9.99201E-05 9.99201E-05 9.99201E-05
9.99201E-05 9.99201E-05 0.999101 9.99201E-05 9.99201E-05 9.99201E-05 9.99201E-05 9.99201E-05 9.99201E-05 9.99201E-05
