0.999201 9.993E-05 9.993E-05 9.993E-05 9.993E-05 9.993E-05 9.993E-05 9.993E-05 9.993E-05
0.000940898 0.94792 9.9973E-05 0.0177029 0.00134234 9.9973E-05 0.0130155 9.9973E-05 0.0187783
0.00343966 0.950179 9.99765E-05 0.00759346 9.99765E-05 0.00506853 0.00735589 9.99765E-05 0.0260633
9.993E-05 9.993E-05 0.999201 9.993E-05 9.993E-05 9.993E-05 9.993E-05 9.993E-05 9.993E-05
9.993E-05 9.993E-05 0.999201 9.993E-05 9.993E-05 9.993E-05 9.993E-05 9.993E-05 9.993E-05
0.0588886 0.0597344 0.0387128 0.0356075 0.0512877 0.0320805 0.234946 0.389522 0.0992208
9.993E-05 9.993E-05 9.993E-05 9.993E-05 0.999201 9.993E-05 9.993E-05 9.993E-05 9.993E-05
9.993E-05 9.993E-05 9.993E-05 9.993E-05 9.993E-05 9.993E-05 9.993E-05 0.999201 9.993E-05
0.0566774 0.0257846 0.0215542 0.0171956 0.0547179 0.0995338 0.595592 0.0444757 0.084469
9.9964E-05 0.00917857 9.9964E-05 0.981733 0.00313577 0.00423061 9.9964E-05 9.9964E-05 0.00132187
0.0640234 0.0717835 0.067794 0.0572184 0.0606622 0.0783217 0.418631 0.0516672 0.129898
0.0495982 0.0997764 0.0416936 0.0554169 0.0639308 0.090134 0.37628 0.0744985 0.148671
0.00922843 9.99459E-05 9.99459E-05 9.99459E-05 0.00224764 9.99459E-05 0.987924 9.99459E-05 9.99459E-05
9.993E-05 9.993E-05 9.993E-05 9.993E-05 9.993E-05 9.993E-05 0.999201 9.993E-05 9.993E-05
0.0142915 0.0216397 0.00960288 0.0365757 0.533435 9.9991E-05 0.319799 0.00638215 0.0581736
9.9982E-05 0.0308268 0.0118697 0.0451364 9.9982E-05 0.00603455 0.861542 0.0364576 0.00793286
9.9982E-05 0.0658857 0.0132878 0.0370128 9.9982E-05 0.00890881 0.83912 0.0202777 0.0153076
0.0540627 0.0722278 0.062848 0.028615 0.0714066 0.042412 0.45584 0.0546766 0.157912
0.0405513 0.0403978 0.0207206 0.0350336 0.00826522 0.793641 0.027281 0.0111489 0.0229604
0.0426087 0.0431502 0.0207932 0.0202646 0.0261491 0.0615353 0.0527491 0.0315673 0.701183
9.9955E-05 0.00867725 9.9955E-05 9.9955E-05 0.00290594 0.987444 9.9955E-05 0.000473008 9.9955E-05
0.00481854 9.9982E-05 0.0103295 9.9982E-05 0.000338285 0.0113907 0.0298096 0.00202486 0.941089
0.916578 0.00855798 0.00562008 0.00757025 0.0171238 9.9982E-05 0.0138891 9.9982E-05 0.0304612
9.993E-05 0.999201 9.993E-05 9.993E-05 9.993E-05 9.993E-05 9.993E-05 9.993E-05 9.993E-05
0.00309311 0.919993 0.00146928 0.0169544 0.0149232 9.9982E-05 0.0111366 9.9982E-05 0.03223
9.993E-05 9.993E-05 0.999201 9.993E-05 9.993E-05 9.993E-05 9.993E-05 9.993E-05 9.993E-05
9.993E-05 9.993E-05 9.993E-05 9.993E-05 0.999201 9.993E-05 9.993E-05 9.993E-05 9.993E-05
9.993E-05 9.993E-05 9.993E-05 9.993E-05 9.993E-05 9.993E-05 9.993E-05 0.999201 9.993E-05
0.00791467 0.0114201 0.00885349 0.00975137 0.926576 9.9991E-05 0.0222749 0.00684455 0.00626528
9.993E-05 9.993E-05 9.993E-05 9.993E-05 9.993E-05 9.993E-05 9.993E-05 0.999201 9.993E-05
0.0426547 0.00233858 0.030511 9.9991E-05 0.0326051 0.0963279 0.661799 0.0545287 0.0791349
9.993E-05 9.993E-05 9.993E-05 0.999201 9.993E-05 9.993E-05 9.993E-05 9.993E-05 9.993E-05
0.0924303 0.0888112 0.0628084 0.0512207 0.0909053 0.0864315 0.330469 0.071211 0.125713
9.99369E-05 9.99369E-05 9.99369E-05 9.99369E-05 0.000852845 9.99369E-05 0.998448 9.99369E-05 9.99369E-05
9.993E-05 9.993E-05 9.993E-05 9.993E-05 9.993E-05 9.993E-05 0.999201 9.993E-05 9.993E-05
0.0513878 0.0532559 0.0314297 0.040876 0.0479407 0.0538868 0.54859 0.0296231 0.14301
9.9982E-05 0.0236152 0.0142309 0.0502212 9.9982E-05 0.0137558 0.856905 0.0274489 0.0136231
0.029732 0.033763 0.0404672 0.0554811 0.0426843 0.0519554 0.559266 0.0732 0.113451
0.00942826 9.9964E-05 9.9964E-05 0.0113895 9.9964E-05 0.00889099 9.9964E-05 0.00802649 0.961865
9.993E-05 9.993E-05 9.993E-05 9.993E-05 9.993E-05 0.999201 9.993E-05 9.993E-05 9.993E-05
0.0377836 0.025826 0.0263135 0.0195528 0.0105733 0.0335088 0.123693 0.0365169 0.686233
0.999201 9.993E-05 9.993E-05 9.993E-05 9.993E-05 9.993E-05 9.993E-05 9.993E-05 9.993E-05
0.949843 9.9973E-05 9.9973E-05 0.00193 0.00786176 0.00587517 0.0173547 9.9973E-05 0.0168357
9.993E-05 0.999201 9.993E-05 9.993E-05 9.993E-05 9.993E-05 9.993E-05 9.993E-05 9.993E-05
0.0114321 0.880733 0.00625801 0.0196527 0.00772956 0.00367191 0.0290742 0.0177436 0.0237053
9.993E-05 9.993E-05 0.999201 9.993E-05 9.993E-05 9.993E-05 9.993E-05 9.993E-05 9.993E-05
9.993E-05 9.993E-05 9.993E-05 9.993E-05 0.999201 9.993E-05 9.993E-05 9.993E-05 9.993E-05
0.0225656 0.0122694 0.013109 0.0263633 0.0128236 0.0038902 0.314599 0.570259 0.02412
9.993E-05 9.993E-05 9.993E-05 9.993E-05 0.999201 9.993E-05 9.993E-05 9.993E-05 9.993E-05
0.0312063 0.0151148 0.0151355 0.0234574 0.015999 9.9991E-05 0.315175 0.579457 0.00435428
0.0595854 0.0195838 0.0236275 0.00681703 0.0455472 0.0928851 0.619609 0.0522446 0.0801006
0.0011656 9.9973E-05 0.00870651 0.978727 0.00121178 0.00543508 9.9973E-05 0.00445419 9.9973E-05
0.0501546 0.0290491 0.056864 0.036519 0.0413632 0.100792 0.472995 0.0505463 0.161717
0.0126511 9.9964E-05 0.00487883 9.9964E-05 0.00383409 9.9964E-05 0.973118 0.0051179 9.9964E-05
0.00119767 9.99369E-05 9.99369E-05 9.99369E-05 9.99369E-05 9.99369E-05 0.998103 9.99369E-05 9.99369E-05
0.0554316 0.0542397 0.0491974 0.0633599 0.0592388 0.0414023 0.485076 0.052915 0.139139
9.9982E-05 0.0290231 0.0052003 0.0484808 9.9982E-05 0.0220721 0.851732 0.0264112 0.0168809
0.0452726 0.0586059 0.0469265 0.0361496 0.0388894 0.387679 0.251986 0.0551748 0.0793165
0.0139593 0.0295495 0.0141819 0.019992 0.01972 0.0235198 0.0348288 0.0185933 0.825655
9.993E-05 9.993E-05 9.993E-05 9.993E-05 9.993E-05 0.999201 9.993E-05 9.993E-05 9.993E-05
9.993E-05 9.993E-05 9.993E-05 9.993E-05 9.993E-05 9.993E-05 9.993E-05 9.993E-05 0.999201
0.980297 0.00689326 9.9964E-05 0.002112 9.9964E-05 0.00299567 9.9964E-05 0.00730198 9.9964E-05
0.947647 9.9955E-05 0.00863746 9.9955E-05 9.9955E-05 9.9955E-05 0.0100454 9.9955E-05 0.0331708
9.993E-05 0.999201 9.993E-05 9.993E-05 9.993E-05 9.993E-05 9.993E-05 9.993E-05 9.993E-05
0.0354116 0.558878 0.0261597 0.0440394 0.0276147 0.0470329 0.139483 0.0541734 0.0672073
0.00236201 0.00714143 0.967363 9.9982E-05 0.00239482 0.00447979 0.0138228 0.002236 9.9982E-05
0.00677448 9.9982E-05 0.00086849 0.00652668 0.975199 0.00144569 9.9982E-05 0.00539315 0.00359248
0.000881977 0.0108196 9.9973E-05 0.00027404 0.00143778 0.00712233 9.9973E-05 0.979164 9.9973E-05
0.0195031 0.0207694 0.0064317 0.0209485 0.853846 0.0152597 0.0210904 0.0206443 0.0215074
0.0249146 0.0118462 0.00298859 0.0183861 0.00966763 0.00429109 0.309319 0.610798 0.00778919
0.0622603 0.025762 0.0367084 0.0284474 0.0467294 0.100244 0.545865 0.0489334 0.10505
9.993E-05 9.993E-05 9.993E-05 0.999201 9.993E-05 9.993E-05 9.993E-05 9.993E-05 9.993E-05
0.0610667 0.0514239 0.0355965 0.0447151 0.0457186 0.107816 0.510001 0.0398598 0.103802
0.0406822 0.0151314 0.0303612 0.00623242 0.0413082 0.0357623 0.738431 0.0255665 0.0665244
9.993E-05 9.993E-05 9.993E-05 9.993E-05 9.993E-05 9.993E-05 0.999201 9.993E-05 9.993E-05
9.9982E-05 0.0625986 0.0159582 0.0380902 9.9982E-05 0.0154102 0.815538 0.0196408 0.0325638
0.0693042 0.0621011 0.0574605 0.056418 0.0539753 0.0364436 0.469167 0.0493658 0.145764
0.0530869 0.0678753 0.0280288 0.0372255 0.0443748 0.356959 0.25898 0.047301 0.106169
0.0148863 0.0190778 9.9982E-05 0.00443837 9.9982E-05 0.0093849 0.00622721 0.0236075 0.922178
9.993E-05 9.993E-05 9.993E-05 9.993E-05 9.993E-05 0.999201 9.993E-05 9.993E-05 9.993E-05
0.0230064 0.0264494 0.0190086 0.0106734 0.0044907 0.0183189 0.121411 0.0248056 0.751836
0.999201 9.993E-05 9.993E-05 9.993E-05 9.993E-05 9.993E-05 9.993E-05 9.993E-05 9.993E-05
0.999201 9.993E-05 9.993E-05 9.993E-05 9.993E-05 9.993E-05 9.993E-05 9.993E-05 9.993E-05
9.993E-05 0.999201 9.993E-05 9.993E-05 9.993E-05 9.993E-05 9.993E-05 9.993E-05 9.993E-05
0.0372819 0.569633 0.0241793 0.0358289 0.0244517 0.0422958 0.151642 0.044821 0.069866
0.0114956 0.00559135 0.843507 0.0118945 0.0035962 0.0398625 0.0402517 0.0100513 0.0337502
9.993E-05 9.993E-05 9.993E-05 9.993E-05 0.999201 9.993E-05 9.993E-05 9.993E-05 9.993E-05
9.993E-05 9.993E-05 9.993E-05 9.993E-05 9.993E-05 9.993E-05 9.993E-05 0.999201 9.993E-05
0.044421 0.0323927 0.0255585 0.018467 0.747797 0.0275943 0.0474697 0.0248551 0.0314443
0.0189521 0.00651786 0.00438956 0.0199364 0.0123624 9.9982E-05 0.31765 0.619992 9.9982E-05
0.0584717 0.0268147 0.0265506 0.013919 0.0315999 0.101238 0.601664 0.0528801 0.086863
9.993E-05 9.993E-05 9.993E-05 0.999201 9.993E-05 9.993E-05 9.993E-05 9.993E-05 9.993E-05
0.0367909 0.087094 0.0471964 0.0644298 0.0522101 0.0831787 0.434167 0.0616645 0.133268
0.0534896 0.0332892 0.0391146 0.0443435 0.0270948 0.107875 0.556748 0.0376222 0.100423
0.0324299 0.0262636 0.0361924 0.0195489 0.028132 0.0116509 0.767012 9.9991E-05 0.0786699
0.0266961 0.00548554 0.0197254 0.0137336 0.0302657 0.0277165 0.856266 0.00854032 0.0115711
0.027278 0.0794187 0.0412101 0.0327523 0.0275774 0.0291875 0.62867 0.0726334 0.0612724
0.0597797 0.0567691 0.0691708 0.0594375 0.0578413 0.0363792 0.474498 0.0419607 0.144164
0.0130693 0.0328161 0.018471 0.023065 0.0057192 0.831627 0.0420934 0.00467772 0.0284613
0.00459911 0.00431031 9.9973E-05 0.0108055 0.015576 9.9973E-05 9.9973E-05 0.0137487 0.95066
0.00461772 0.00356001 0.00547862 0.00776845 0.0108502 0.937324 0.00825667 0.0146213 0.0075226
9.9937E-05 9.9937E-05 0.00102013 9.9937E-05 9.9937E-05 9.9937E-05 9.9937E-05 9.9937E-05 0.99828
0.956073 0.0134451 9.9973E-05 0.00459839 9.9973E-05 0.00910307 9.9973E-05 0.00945067 0.00702963
0.999201 9.993E-05 9.993E-05 9.993E-05 9.993E-05 9.993E-05 9.993E-05 9.993E-05 9.993E-05
9.993E-05 0.999201 9.993E-05 9.993E-05 9.993E-05 9.993E-05 9.993E-05 9.993E-05 9.993E-05
0.0104336 0.910421 9.9982E-05 0.0170587 0.00774895 9.9982E-05 0.0283908 0.00167929 0.0240676
9.993E-05 9.993E-05 0.999201 9.993E-05 9.993E-05 9.993E-05 9.993E-05 9.993E-05 9.993E-05
9.993E-05 9.993E-05 9.993E-05 9.993E-05 0.999201 9.993E-05 9.993E-05 9.993E-05 9.993E-05
9.993E-05 9.993E-05 9.993E-05 9.993E-05 9.993E-05 9.993E-05 9.993E-05 0.999201 9.993E-05
9.993E-05 9.993E-05 9.993E-05 9.993E-05 0.999201 9.993E-05 9.993E-05 9.993E-05 9.993E-05
0.0231619 0.00948527 0.00453763 0.0238878 0.00572818 9.9982E-05 0.320561 0.612438 9.9982E-05
0.059399 0.0495708 0.0415534 0.0466648 0.0753847 0.032228 0.534673 0.0132517 0.147275
9.9964E-05 9.9964E-05 0.000820836 0.976587 0.0114565 9.9964E-05 0.00565395 0.00508171 9.9964E-05
0.0309409 0.0814525 0.059318 0.0762869 0.0545885 0.0854527 0.42536 0.0630797 0.123521
0.043531 0.0446292 0.0458112 0.0292809 0.0537994 0.100696 0.477691 0.0674698 0.137091
0.0297194 0.0183626 0.0385744 0.0141023 0.0120374 0.00974318 0.802726 0.00789224 0.0668428
0.0204628 0.0182244 0.00445839 9.9982E-05 0.0281803 0.0357834 0.854375 9.9982E-05 0.0383161
9.9973E-05 0.0455938 0.0176837 0.0294011 9.9973E-05 9.9973E-05 0.862284 0.0236564 0.0210806
0.0724411 0.0736953 0.0529815 0.0488028 0.0592967 0.0426116 0.473544 0.0404086 0.136219
0.0186831 0.0407198 0.0204345 0.0212412 0.00666905 0.807895 0.0452316 0.0186622 0.0204636
9.993E-05 9.993E-05 9.993E-05 9.993E-05 9.993E-05 9.993E-05 9.993E-05 9.993E-05 0.999201
9.993E-05 9.993E-05 9.993E-05 9.993E-05 9.993E-05 0.999201 9.993E-05 9.993E-05 9.993E-05
9.993E-05 9.993E-05 9.993E-05 9.993E-05 9.993E-05 9.993E-05 9.993E-05 9.993E-05 0.999201
0.953316 9.9964E-05 9.9964E-05 0.00617034 9.9964E-05 0.0213798 0.00562661 0.0131078 9.9964E-05
0.98999 9.9946E-05 0.00782606 9.9946E-05 0.00158404 9.9946E-05 9.9946E-05 9.9946E-05 9.9946E-05
9.993E-05 0.999201 9.993E-05 9.993E-05 9.993E-05 9.993E-05 9.993E-05 9.993E-05 9.993E-05
9.993E-05 0.999201 9.993E-05 9.993E-05 9.993E-05 9.993E-05 9.993E-05 9.993E-05 9.993E-05
0.00727943 0.00860665 0.96298 0.00493571 9.9982E-05 0.00147073 0.0118668 0.00266087 9.9982E-05
9.9955E-05 0.000439784 0.00529008 9.9955E-05 0.974484 9.9955E-05 9.9955E-05 0.0192866 9.9955E-05
0.0533162 0.0415333 0.0484379 0.0210296 0.0397622 0.0472765 0.265619 0.38314 0.0998851
9.99648E-05 0.00582461 9.99648E-05 0.0111315 0.963242 9.99648E-05 0.0110805 9.99648E-05 0.00832146
0.00342414 0.00165723 9.9973E-05 0.982914 0.0040546 9.9973E-05 9.9973E-05 0.00343814 0.00421214
0.0612325 0.0380304 0.0212371 0.0335644 0.032126 0.127153 0.506732 0.0584271 0.121498
0.0442964 0.0870068 0.040859 0.0767811 0.0577085 0.0870848 0.418346 0.0529078 0.13501
0.0579424 0.0246883 0.0672178 0.0469708 0.0695831 0.0704751 0.475692 0.0782266 0.109204
0.0321132 0.0194191 0.0348552 0.0127639 0.0262541 9.9991E-05 0.802743 0.0129248 0.0588264
0.0291674 9.9991E-05 0.0312024 0.0253714 0.0473865 0.0278895 0.746608 0.0374862 0.0547887
9.9982E-05 0.0332268 0.0128485 0.0398744 9.9982E-05 0.0333599 0.845668 0.0199708 0.0148518
9.9982E-05 0.0480783 0.0127311 0.0353405 9.9982E-05 0.00414034 0.843088 0.0308826 0.0255393
0.0266164 0.046987 0.0528727 0.0339279 0.0830167 0.0221357 0.584482 0.0240614 0.1259
0.0224985 0.0292858 0.0188984 0.0185776 0.0102133 0.851463 0.0321632 0.00255854 0.0143419
9.993E-05 9.993E-05 9.993E-05 9.993E-05 9.993E-05 9.993E-05 9.993E-05 9.993E-05 0.999201
9.993E-05 9.993E-05 9.993E-05 9.993E-05 9.993E-05 0.999201 9.993E-05 9.993E-05 9.993E-05
9.9955E-05 9.9955E-05 0.00801129 0.000542246 9.9955E-05 9.9955E-05 0.0068513 9.9955E-05 0.984095
0.999172 9.9937E-05 9.9937E-05 9.9937E-05 9.9937E-05 9.9937E-05 9.9937E-05 0.000128371 9.9937E-05
0.00256048 0.961305 9.9973E-05 0.00773712 0.000770849 9.9973E-05 0.008817 9.9973E-05 0.01851
9.993E-05 9.993E-05 0.999201 9.993E-05 9.993E-05 9.993E-05 9.993E-05 9.993E-05 9.993E-05
0.0542904 0.0648539 0.484666 0.00937952 0.0427826 0.0195739 0.200214 0.0348197 0.0894197
0.0633895 0.0574754 0.0321641 0.0413471 0.0362527 0.052208 0.313259 0.291393 0.112512
9.993E-05 9.993E-05 9.993E-05 9.993E-05 0.999201 9.993E-05 9.993E-05 9.993E-05 9.993E-05
9.993E-05 9.993E-05 9.993E-05 9.993E-05 9.993E-05 9.993E-05 9.993E-05 0.999201 9.993E-05
0.0136067 0.0375239 0.00705917 0.0070633 0.860675 0.0294801 0.0223893 0.022103 9.9991E-05
9.993E-05 9.993E-05 9.993E-05 0.999201 9.993E-05 9.993E-05 9.993E-05 9.993E-05 9.993E-05
0.0506034 0.0577661 0.0340382 0.035847 0.0368213 0.12442 0.507322 0.0518688 0.101313
0.0433655 0.0982708 0.051839 0.0648087 0.0634314 0.09095 0.366153 0.0743083 0.146873
0.0623152 0.0474581 0.0344097 0.0421035 0.0560394 0.0860145 0.506877 0.049296 0.115487
0.0114947 0.00904844 0.0375208 0.00391983 0.0190297 0.0369929 0.800836 0.0393503 0.0418079
0.0276346 0.00188264 0.00282481 0.0168613 0.0173027 9.9982E-05 0.915382 0.0179114 9.9982E-05
9.9973E-05 0.0361159 0.00381933 0.0478861 9.9973E-05 0.0105877 0.866482 0.0348087 9.9973E-05
0.00179072 0.0703367 0.0229494 0.0393827 0.00980949 0.0399459 0.739697 0.0487128 0.0273756
0.0339289 0.0530485 0.0578527 0.0508271 0.0745085 0.0219201 0.571475 0.0329506 0.103488
0.0260912 0.0343156 0.0185194 0.0305176 0.0138989 0.785031 0.0559228 0.0204582 0.015245
9.993E-05 9.993E-05 9.993E-05 9.993E-05 9.993E-05 9.993E-05 9.993E-05 9.993E-05 0.999201
9.993E-05 9.993E-05 9.993E-05 9.993E-05 9.993E-05 0.999201 9.993E-05 9.993E-05 9.993E-05
0.999201 9.993E-05 9.993E-05 9.993E-05 9.993E-05 9.993E-05 9.993E-05 9.993E-05 9.993E-05
