9.997E-05 9.997E-05 9.997E-05 9.997E-05 0.9996
9.999E-05 0.952695 0.00803577 0.0340772 0.00509197
0.00674926 0.956303 0.0132138 0.0122078 0.0115257
9.997E-05 9.997E-05 9.997E-05 0.9996 9.997E-05
9.997E-05 9.997E-05 9.997E-05 0.9996 9.997E-05
0.045075 0.0897853 0.0631325 0.733993 0.068014
9.997E-05 9.997E-05 0.9996 9.997E-05 9.997E-05
0.000758995 0.0427325 9.9982E-05 0.956309 9.9982E-05
0.12171 0.0549241 0.0908619 0.65823 0.0742745
9.9982E-05 0.0467964 0.00296086 0.950043 9.9982E-05
0.130615 0.0766107 0.0787939 0.640511 0.0734694
0.115453 0.114451 0.0899387 0.621242 0.0589149
0.0494158 0.0280692 0.0838727 0.801502 0.0371406
0.0748086 0.00628795 0.0844788 0.80531 0.0291148
0.0171366 0.0306114 0.553056 0.381194 0.0180019
0.0637549 0.0707936 0.0385173 0.819718 0.00721658
0.0620544 0.0816615 0.0393214 0.812815 0.00414806
0.0774476 0.0955307 0.111409 0.64943 0.0661833
0.804112 0.040842 0.00543227 0.125104 0.0245093
0.0885143 0.0629511 0.0703008 0.71238 0.0658536
0.99352 0.00618009 9.9973E-05 9.9973E-05 9.9973E-05
0.064161 0.0321544 0.0544179 0.817736 0.0315307
9.999E-05 0.00530404 0.0108098 0.056629 0.927157
9.997E-05 0.9996 9.997E-05 9.997E-05 9.997E-05
9.9991E-05 0.927315 0.0168936 0.0422161 0.0134751
9.997E-05 9.997E-05 9.997E-05 0.9996 9.997E-05
9.997E-05 9.997E-05 0.9996 9.997E-05 9.997E-05
0.00525708 0.0487702 9.9982E-05 0.945773 9.9982E-05
0.00220266 0.00976421 0.936719 0.0408521 0.0104623
0.00542604 0.0507797 9.9982E-05 0.943594 9.9982E-05
0.14847 0.040989 0.0690814 0.689128 0.0523315
9.9982E-05 0.0206979 9.9982E-05 0.976156 0.00294613
0.127638 0.0999211 0.11072 0.548517 0.113204
0.0585961 0.0188398 0.0794953 0.808283 0.0347855
0.0756739 0.0290999 0.0830775 0.794666 0.0174823
0.0947634 0.0744869 0.074507 0.691692 0.0645503
0.070729 0.0700488 0.0309593 0.820186 0.00807644
0.102259 0.0640785 0.0702454 0.724397 0.03902
0.0663553 0.0410296 0.0510078 0.812188 0.0294193
0.9996 9.997E-05 9.997E-05 9.997E-05 9.997E-05
0.0863487 0.0574162 0.053325 0.7498 0.0531101
9.997E-05 9.997E-05 9.997E-05 9.997E-05 0.9996
0.00645975 9.9991E-05 0.00230783 0.0407569 0.950375
9.997E-05 0.9996 9.997E-05 9.997E-05 9.997E-05
0.0148873 0.879724 0.017195 0.0773191 0.0108744
9.997E-05 9.997E-05 9.997E-05 0.9996 9.997E-05
9.997E-05 9.997E-05 0.9996 9.997E-05 9.997E-05
0.0026878 0.0653448 0.0244388 0.886112 0.0214163
9.997E-05 9.997E-05 0.9996 9.997E-05 9.997E-05
0.00313623 0.0598806 0.0182473 0.883952 0.0347841
0.141111 0.0502136 0.0896751 0.648519 0.0704816
9.9982E-05 0.0352424 9.9982E-05 0.959381 0.00517687
0.139489 0.0628929 0.0730649 0.657624 0.0669298
0.0567274 0.0303208 0.0880768 0.772614 0.0522614
0.0688549 0.0288011 0.076518 0.789618 0.036208
0.0644885 0.079907 0.0948886 0.682609 0.0781066
0.0865645 0.075373 0.0387488 0.799214 9.9991E-05
0.407737 0.0793688 0.0613 0.413131 0.0384637
0.0651804 0.0501615 0.0681948 0.773907 0.0425561
0.9996 9.997E-05 9.997E-05 9.997E-05 9.997E-05
0.0565543 0.041216 0.045059 0.834824 0.0223462
9.9973E-05 0.0103392 9.9973E-05 9.9973E-05 0.989361
9.9991E-05 0.00253145 0.0118212 0.0226089 0.962938
9.997E-05 0.9996 9.997E-05 9.997E-05 9.997E-05
0.0411858 0.578177 0.0404916 0.304236 0.0359096
9.997E-05 9.997E-05 9.997E-05 0.9996 9.997E-05
0.00248295 0.00565081 0.985092 9.9991E-05 0.00667447
0.0216843 0.0776746 9.9991E-05 0.89912 0.0014207
0.0133988 0.0174198 0.857262 0.0935003 0.0184188
0.00571432 0.0459134 0.0123326 0.915507 0.020533
0.129291 0.0618759 0.0903337 0.656491 0.062009
9.9982E-05 0.027501 9.9982E-05 0.971548 0.000751158
0.13883 0.0745528 0.0851399 0.635852 0.0656248
0.0764133 0.0469504 0.0915244 0.72162 0.0634915
0.0841804 0.0155584 0.0764973 0.81287 0.0108941
0.053055 0.0886046 0.0330136 0.812183 0.0131442
0.0632558 0.0812743 0.0855347 0.691257 0.0786785
0.364716 0.0758977 0.0662735 0.427843 0.0652704
0.0613304 0.0564934 0.0620012 0.778151 0.0420238
0.9996 9.997E-05 9.997E-05 9.997E-05 9.997E-05
0.0678478 0.0680349 0.05131 0.771891 0.040916
0.000852957 9.9973E-05 9.9973E-05 9.9973E-05 0.998847
9.997E-05 9.997E-05 9.997E-05 9.997E-05 0.9996
9.997E-05 0.9996 9.997E-05 9.997E-05 9.997E-05
0.0504765 0.57308 0.047954 0.296643 0.031847
0.0173749 9.9991E-05 0.0162839 0.964228 0.00201355
9.997E-05 9.997E-05 0.9996 9.997E-05 9.997E-05
9.9973E-05 0.0568955 9.9973E-05 0.942805 9.9973E-05
0.0246 0.0381023 0.749231 0.149267 0.0388002
9.9991E-05 0.0524905 0.00917832 0.923127 0.0151038
0.138623 0.0449429 0.0668183 0.678163 0.0714529
9.9973E-05 0.0190727 9.9973E-05 0.980627 9.9973E-05
0.117889 0.0974934 0.0839444 0.65119 0.0494833
0.135849 0.0458768 0.0786023 0.683494 0.0561779
0.0641435 0.0596434 0.064561 0.762265 0.0493873
0.0773467 0.0367345 0.080625 0.761188 0.0441063
0.0756728 0.106238 0.0556989 0.71462 0.0477703
0.0773026 0.0840645 0.0824707 0.68907 0.0670923
0.846525 0.0378598 0.000827248 0.100232 0.0145568
0.0569488 0.0380104 0.069953 0.795976 0.0391123
0.946756 0.00676482 0.0109258 0.0237807 0.0117729
0.0656134 0.0126285 0.0527633 0.844718 0.024277
0.0192381 0.0166106 0.0044385 0.00136236 0.95835
9.997E-05 9.997E-05 9.997E-05 9.997E-05 0.9996
9.997E-05 0.9996 9.997E-05 9.997E-05 9.997E-05
0.00143761 0.924085 0.00899307 0.0579862 0.00749777
9.997E-05 9.997E-05 9.997E-05 0.9996 9.997E-05
9.997E-05 9.997E-05 0.9996 9.997E-05 9.997E-05
9.9973E-05 0.0502435 9.9973E-05 0.949457 9.9973E-05
9.997E-05 9.997E-05 0.9996 9.997E-05 9.997E-05
9.9991E-05 0.0467962 0.0120081 0.91926 0.0218357
0.0564594 0.0675368 0.11753 0.686909 0.0715651
9.9991E-05 0.0338361 0.0104013 0.954338 0.00132498
0.121865 0.103104 0.0876241 0.63903 0.0483765
0.140205 0.0617965 0.093433 0.645551 0.0590141
0.0547513 0.0542153 0.0562302 0.788415 0.0463886
0.0847172 0.0348388 0.0878682 0.751403 0.0411732
0.0463776 0.0821483 0.0314106 0.836854 0.00320942
0.0839894 0.0920584 0.106446 0.64901 0.0684963
0.833105 0.01861 0.00236017 0.119037 0.0268881
0.0543473 0.0550264 0.0483572 0.812992 0.0292774
0.9996 9.997E-05 9.997E-05 9.997E-05 9.997E-05
0.0729478 0.0072911 0.0516795 0.846421 0.0216602
0.0183674 0.010084 0.00185338 9.9991E-05 0.969595
9.9973E-05 9.9973E-05 9.9973E-05 0.00244017 0.99726
9.997E-05 0.9996 9.997E-05 9.997E-05 9.997E-05
9.997E-05 0.9996 9.997E-05 9.997E-05 9.997E-05
9.997E-05 9.997E-05 9.997E-05 0.9996 9.997E-05
9.9973E-05 0.0177703 0.98193 9.9973E-05 9.9973E-05
0.0701315 0.0775054 0.0437844 0.751593 0.0569859
0.000981848 0.00518395 0.957571 0.0321075 0.00415609
9.9991E-05 0.0300669 0.00389703 0.960516 0.00541971
0.154618 0.061387 0.0695841 0.629605 0.084806
0.115423 0.104819 0.0840145 0.646075 0.0496686
0.111286 0.0522588 0.0940706 0.665271 0.0771128
0.047075 0.0536741 0.0627566 0.782676 0.0538187
0.080059 0.0355134 0.0953515 0.736441 0.0526351
0.0880022 0.0723058 0.0339549 0.797189 0.00854797
0.055298 0.0845047 0.0312127 0.819238 0.00974647
0.0708901 0.0728877 0.109214 0.702429 0.0445796
0.861509 0.0298813 0.00498792 0.0886203 0.0150017
0.0552197 0.0359557 0.0443645 0.846101 0.018359
0.9996 9.997E-05 9.997E-05 9.997E-05 9.997E-05
0.0586316 0.0242509 0.0492509 0.842258 0.0256084
0.00908637 9.9973E-05 9.9973E-05 9.9973E-05 0.990614
9.9991E-05 0.968023 0.00322602 0.0152991 0.0133521
9.997E-05 9.997E-05 9.997E-05 0.9996 9.997E-05
0.0289221 0.0580297 0.0582296 0.799503 0.0553155
0.0588127 0.099245 0.053131 0.720613 0.0681981
9.997E-05 9.997E-05 0.9996 9.997E-05 9.997E-05
0.00204532 0.0491604 9.9982E-05 0.948594 9.9982E-05
0.0179819 0.0288142 0.861215 0.0738706 0.018118
9.9973E-05 0.032578 9.9973E-05 0.967122 9.9973E-05
0.160773 0.0690938 0.0717631 0.635764 0.062606
0.116417 0.103156 0.088117 0.625992 0.0663179
0.132999 0.069824 0.0765272 0.650063 0.0705864
0.091606 0.0311221 0.0777007 0.763813 0.0357578
0.0564211 0.0323916 0.0901251 0.761533 0.0595294
0.0659751 0.0732319 0.0444301 0.809758 0.00660515
0.0743275 0.0842584 0.052309 0.742557 0.0465484
0.0751884 0.0678533 0.105929 0.702183 0.0488458
0.795709 0.0315997 0.0217224 0.13031 0.0206583
0.0590695 0.0452053 0.0512087 0.814066 0.0304505
0.9996 9.997E-05 9.997E-05 9.997E-05 9.997E-05
9.997E-05 9.997E-05 9.997E-05 9.997E-05 0.9996
