9.98831E-05 9.98831E-05 0.998702 9.98831E-05 9.98831E-05 9.98831E-05 9.98831E-05 9.98831E-05 9.98831E-05 9.98831E-05 9.98831E-05 9.98831E-05 9.98831E-05 9.98831E-05
9.9946E-05 0.0018539 0.00305832 0.0116449 9.9946E-05 9.9946E-05 0.00766697 0.941466 0.0194318 9.9946E-05 9.9946E-05 0.00460586 9.9946E-05 0.0096725
0.00468661 9.9928E-05 9.9928E-05 0.0222091 9.9928E-05 9.9928E-05 0.0186636 0.931393 0.0107904 9.9928E-05 9.9928E-05 9.9928E-05 9.9928E-05 0.0114584
9.9883E-05 9.9883E-05 9.9883E-05 9.9883E-05 9.9883E-05 9.9883E-05 9.9883E-05 9.9883E-05 9.9883E-05 9.9883E-05 9.9883E-05 0.998702 9.9883E-05 9.9883E-05
9.9883E-05 9.9883E-05 9.9883E-05 9.9883E-05 9.9883E-05 9.9883E-05 9.9883E-05 9.9883E-05 9.9883E-05 9.9883E-05 9.9883E-05 0.998702 9.9883E-05 9.9883E-05
0.0194561 0.0494145 0.0581855 0.0577399 0.0843853 0.129363 0.0377577 0.0548898 0.0391533 0.312624 0.0804344 0.0320698 0.0169692 0.0275571
9.9883E-05 0.998702 9.9883E-05 9.9883E-05 9.9883E-05 9.9883E-05 9.9883E-05 9.9883E-05 9.9883E-05 9.9883E-05 9.9883E-05 9.9883E-05 9.9883E-05 9.9883E-05
9.9883E-05 9.9883E-05 9.9883E-05 9.9883E-05 9.9883E-05 9.9883E-05 9.9883E-05 9.9883E-05 9.9883E-05 0.998702 9.9883E-05 9.9883E-05 9.9883E-05 9.9883E-05
9.98829E-05 9.98829E-05 9.98829E-05 9.98829E-05 9.98829E-05 0.998702 9.98829E-05 9.98829E-05 9.98829E-05 9.98829E-05 9.98829E-05 9.98829E-05 9.98829E-05 9.98829E-05
0.00199396 9.9946E-05 0.00412659 9.9946E-05 0.00602142 0.00208791 0.00103466 0.00435755 0.97278 9.9946E-05 0.00699864 9.9946E-05 9.9946E-05 9.9946E-05
0.0594386 0.025702 0.0456456 0.0502198 0.0760584 0.448112 0.025073 0.0647474 0.0430482 0.0196796 0.0298752 0.0580612 0.027602 0.0267368
0.0794092 0.0648594 0.0474747 0.0336376 0.0585807 0.249591 0.0650195 0.0766085 0.055644 0.0365595 0.0446677 0.0402842 0.0883417 0.0593228
9.9946E-05 9.9946E-05 9.9946E-05 0.00760484 0.956147 9.9946E-05 9.9946E-05 0.00479656 0.00382247 0.00780631 0.00641675 0.0030472 0.0097591 9.9946E-05
9.98829E-05 9.98829E-05 9.98829E-05 9.98829E-05 0.998702 9.98829E-05 9.98829E-05 9.98829E-05 9.98829E-05 9.98829E-05 9.98829E-05 9.98829E-05 9.98829E-05 9.98829E-05
9.99192E-05 0.500742 9.99192E-05 9.99192E-05 9.99192E-05 0.452668 0.0185611 9.99192E-05 0.0148826 9.99192E-05 9.99192E-05 9.99192E-05 9.99192E-05 0.0122466
9.98992E-05 9.98992E-05 9.98992E-05 9.98992E-05 9.98992E-05 9.98992E-05 9.98992E-05 9.98992E-05 0.00610727 9.98992E-05 9.98992E-05 9.98992E-05 9.98992E-05 0.992694
9.98829E-05 9.98829E-05 9.98829E-05 9.98829E-05 9.98829E-05 9.98829E-05 0.998702 9.98829E-05 9.98829E-05 9.98829E-05 9.98829E-05 9.98829E-05 9.98829E-05 9.98829E-05
0.0219943 0.0548278 0.0294159 0.0831809 0.0668387 0.517722 0.0420784 0.047012 0.0235414 0.0129145 0.0265179 0.0373699 0.00794333 0.0286427
0.77849 9.9991E-05 0.0212336 0.00482576 0.0116093 0.0397148 0.0319155 0.0353222 0.0215014 0.00630262 0.00310529 0.0170448 0.0214201 0.00741507
0.0461039 0.0263241 0.0230399 0.618749 0.00413625 0.0350918 0.00675891 0.0209025 0.0147128 0.0195319 0.022646 0.0375204 0.10375 0.0207325
0.984618 0.00176621 9.9928E-05 9.9928E-05 0.00132722 9.9928E-05 9.9928E-05 0.00601601 9.9928E-05 9.9928E-05 9.9928E-05 9.9928E-05 0.00125279 0.00422055
0.00435369 9.9937E-05 0.000494905 9.9937E-05 9.9937E-05 9.9937E-05 9.9937E-05 0.00726198 0.0101097 0.000702092 0.000790573 9.9937E-05 0.975588 9.9937E-05
9.9928E-05 0.00862095 0.921139 0.0246649 0.0218907 0.0159162 9.9928E-05 9.9928E-05 9.9928E-05 9.9928E-05 9.9928E-05 0.0069687 9.9928E-05 9.9928E-05
9.9883E-05 9.9883E-05 9.9883E-05 9.9883E-05 9.9883E-05 9.9883E-05 9.9883E-05 0.998702 9.9883E-05 9.9883E-05 9.9883E-05 9.9883E-05 9.9883E-05 9.9883E-05
9.9946E-05 0.00530585 0.0124119 0.0220698 0.00259244 9.9946E-05 0.0144458 0.91412 0.0152469 9.9946E-05 9.9946E-05 9.9946E-05 9.9946E-05 0.0132074
9.9883E-05 9.9883E-05 9.9883E-05 9.9883E-05 9.9883E-05 9.9883E-05 9.9883E-05 9.9883E-05 9.9883E-05 9.9883E-05 9.9883E-05 0.998702 9.9883E-05 9.9883E-05
9.98831E-05 0.998702 9.98831E-05 9.98831E-05 9.98831E-05 9.98831E-05 9.98831E-05 9.98831E-05 9.98831E-05 9.98831E-05 9.98831E-05 9.98831E-05 9.98831E-05 9.98831E-05
9.9883E-05 9.9883E-05 9.9883E-05 9.9883E-05 9.9883E-05 9.9883E-05 9.9883E-05 9.9883E-05 9.9883E-05 0.998702 9.9883E-05 9.9883E-05 9.9883E-05 9.9883E-05
0.00474552 0.920717 0.0101022 0.00573364 0.000945455 9.9973E-05 0.012286 0.0108923 0.00852123 9.9973E-05 0.0114957 0.00888116 0.0053795 9.9973E-05
9.9946E-05 0.00069886 0.00589926 9.9946E-05 9.9946E-05 0.00659595 0.00369949 0.00906746 9.9946E-05 0.968548 9.9946E-05 0.00292526 9.9946E-05 0.00196639
9.98828E-05 9.98828E-05 9.98828E-05 9.98828E-05 9.98828E-05 0.998702 9.98828E-05 9.98828E-05 9.98828E-05 9.98828E-05 9.98828E-05 9.98828E-05 9.98828E-05 9.98828E-05
9.9883E-05 9.9883E-05 9.9883E-05 9.9883E-05 9.9883E-05 9.9883E-05 9.9883E-05 9.9883E-05 0.998702 9.9883E-05 9.9883E-05 9.9883E-05 9.9883E-05 9.9883E-05
0.0658348 0.0900377 0.082198 0.0552491 0.0943065 0.258335 0.0374206 0.0856201 0.0492719 0.0342038 0.0352048 0.0486075 0.0261684 0.0375423
9.9937E-05 0.00606813 0.00506203 9.9937E-05 0.96923 9.9937E-05 9.9937E-05 9.9937E-05 9.9937E-05 0.00913691 0.0029103 0.000681492 0.00621129 9.9937E-05
9.98829E-05 9.98829E-05 9.98829E-05 9.98829E-05 0.998702 9.98829E-05 9.98829E-05 9.98829E-05 9.98829E-05 9.98829E-05 9.98829E-05 9.98829E-05 9.98829E-05 9.98829E-05
0.0127583 0.0137346 0.025198 0.0447249 0.0412271 0.658223 0.0779035 0.0227617 0.0245976 9.9982E-05 9.9982E-05 0.0141072 0.0104936 0.0540707
9.9883E-05 9.9883E-05 9.9883E-05 9.9883E-05 9.9883E-05 9.9883E-05 9.9883E-05 9.9883E-05 9.9883E-05 9.9883E-05 9.9883E-05 9.9883E-05 9.9883E-05 0.998702
0.0357825 0.0358123 0.03196 0.0714769 0.0386889 0.138607 0.433598 0.0169196 0.0219803 0.0450053 0.023304 0.0331383 0.0274017 0.0463261
9.98829E-05 9.98829E-05 9.98829E-05 0.998702 9.98829E-05 9.98829E-05 9.98829E-05 9.98829E-05 9.98829E-05 9.98829E-05 9.98829E-05 9.98829E-05 9.98829E-05 9.98829E-05
0.998702 9.98829E-05 9.98829E-05 9.98829E-05 9.98829E-05 9.98829E-05 9.98829E-05 9.98829E-05 9.98829E-05 9.98829E-05 9.98829E-05 9.98829E-05 9.98829E-05 9.98829E-05
0.0517501 0.0127303 0.0375513 0.40177 0.0447801 0.0335104 0.0325974 0.01131 0.018923 0.0217493 0.0290622 0.0323236 0.251171 0.0207706
9.9883E-05 9.9883E-05 0.998702 9.9883E-05 9.9883E-05 9.9883E-05 9.9883E-05 9.9883E-05 9.9883E-05 9.9883E-05 9.9883E-05 9.9883E-05 9.9883E-05 9.9883E-05
9.9937E-05 0.0110343 0.946722 0.0163114 9.9937E-05 0.00972676 0.000205062 9.9937E-05 9.9937E-05 9.9937E-05 9.9937E-05 0.00618525 0.00911575 9.9937E-05
9.98829E-05 9.98829E-05 9.98829E-05 9.98829E-05 9.98829E-05 9.98829E-05 9.98829E-05 0.998702 9.98829E-05 9.98829E-05 9.98829E-05 9.98829E-05 9.98829E-05 9.98829E-05
0.00363379 0.0056492 0.0164866 0.0335797 0.00133843 0.0178031 0.00859291 0.870646 0.0180806 0.0100625 9.9991E-05 0.00471559 0.000730704 0.00858108
9.98831E-05 9.98831E-05 9.98831E-05 9.98831E-05 9.98831E-05 9.98831E-05 9.98831E-05 9.98831E-05 9.98831E-05 9.98831E-05 9.98831E-05 0.998702 9.98831E-05 9.98831E-05
9.9883E-05 0.998702 9.9883E-05 9.9883E-05 9.9883E-05 9.9883E-05 9.9883E-05 9.9883E-05 9.9883E-05 9.9883E-05 9.9883E-05 9.9883E-05 9.9883E-05 9.9883E-05
0.00228393 0.00112747 9.9946E-05 0.0041759 9.9946E-05 0.0088051 0.00726206 9.9946E-05 0.00803953 9.9946E-05 0.966465 9.9946E-05 0.00124097 9.9946E-05
9.9883E-05 0.998702 9.9883E-05 9.9883E-05 9.9883E-05 9.9883E-05 9.9883E-05 9.9883E-05 9.9883E-05 9.9883E-05 9.9883E-05 9.9883E-05 9.9883E-05 9.9883E-05
9.98921E-05 9.98921E-05 0.00207314 9.98921E-05 9.98921E-05 9.98921E-05 9.98921E-05 9.98921E-05 9.98921E-05 9.98921E-05 0.996728 9.98921E-05 9.98921E-05 9.98921E-05
9.98829E-05 9.98829E-05 9.98829E-05 9.98829E-05 9.98829E-05 0.998702 9.98829E-05 9.98829E-05 9.98829E-05 9.98829E-05 9.98829E-05 9.98829E-05 9.98829E-05 9.98829E-05
9.9919E-05 0.00754403 9.9919E-05 9.9919E-05 9.9919E-05 9.9919E-05 9.9919E-05 0.00467079 0.972145 0.011115 9.9919E-05 9.9919E-05 0.00362624 9.9919E-05
0.0546978 0.0225703 0.0288331 0.0806546 0.0657449 0.593951 0.0361761 0.0167076 0.0171093 0.0149121 0.0225101 0.0335351 0.0124976 9.9991E-05
9.9937E-05 9.9937E-05 0.011394 0.013537 0.930072 9.9937E-05 9.9937E-05 0.00925032 9.9937E-05 0.0141769 9.9937E-05 0.0153079 0.00556264 9.9937E-05
0.00765342 9.99279E-05 9.99279E-05 0.00517885 0.980284 9.99279E-05 9.99279E-05 0.00101083 9.99279E-05 0.00444919 0.000624666 9.99279E-05 9.99279E-05 9.99279E-05
9.9982E-05 0.0330822 0.0258514 0.0238404 0.00878364 0.684319 0.0414415 0.032197 0.0420286 9.9982E-05 0.0299639 0.0256947 0.0235582 0.02904
9.9883E-05 9.9883E-05 9.9883E-05 9.9883E-05 9.9883E-05 9.9883E-05 9.9883E-05 9.9883E-05 9.9883E-05 9.9883E-05 9.9883E-05 9.9883E-05 9.9883E-05 0.998702
0.36561 0.0319114 0.0290591 0.028318 0.0516675 0.29013 0.0326282 0.0492529 0.0248315 0.0310654 0.000413438 0.0278516 0.0137063 0.0235548
9.9946E-05 0.00937651 9.9946E-05 0.950233 9.9946E-05 0.00342462 9.9946E-05 0.0134026 0.0093597 0.00377011 0.00852097 0.00131289 9.9946E-05 9.9946E-05
0.998702 9.9883E-05 9.9883E-05 9.9883E-05 9.9883E-05 9.9883E-05 9.9883E-05 9.9883E-05 9.9883E-05 9.9883E-05 9.9883E-05 9.9883E-05 9.9883E-05 9.9883E-05
9.9892E-05 9.9892E-05 9.9892E-05 0.890255 9.9892E-05 9.9892E-05 9.9892E-05 9.9892E-05 9.9892E-05 9.9892E-05 9.9892E-05 9.9892E-05 0.108546 9.9892E-05
0.0119751 9.991E-05 0.980567 9.991E-05 9.991E-05 9.991E-05 9.991E-05 0.00505017 9.991E-05 9.991E-05 0.00140883 9.991E-05 9.991E-05 9.991E-05
9.9955E-05 0.00149279 0.937088 0.0104863 0.00164021 0.0163013 9.9955E-05 9.9955E-05 9.9955E-05 9.9955E-05 0.00288222 0.0149839 0.00990475 0.00472059
9.9883E-05 9.9883E-05 9.9883E-05 9.9883E-05 9.9883E-05 9.9883E-05 9.9883E-05 0.998702 9.9883E-05 9.9883E-05 9.9883E-05 9.9883E-05 9.9883E-05 9.9883E-05
0.036283 0.0271053 0.0280786 0.0276246 0.0358766 0.104736 0.0193783 0.561057 0.0311425 0.0276292 0.030677 0.0177016 0.027559 0.0251519
9.9937E-05 9.9937E-05 0.0052081 0.00714188 9.9937E-05 0.0129255 9.9937E-05 9.9937E-05 9.9937E-05 0.001353 0.0095594 0.955074 9.9937E-05 0.00803818
0.00492351 0.969064 0.00734485 9.9946E-05 9.9946E-05 9.9946E-05 0.00415439 0.00813308 0.0043595 9.9946E-05 9.9946E-05 9.9946E-05 0.000119842 0.00130093
0.0122306 0.00395442 0.00410134 9.9973E-05 9.9973E-05 0.0151091 0.00521621 0.0214014 0.00473339 0.931867 9.9973E-05 0.000719789 0.000162449 0.000204402
0.0115822 0.844942 0.0184146 0.0104419 0.00555488 0.0284987 9.9991E-05 0.0130026 0.0208929 0.0175235 0.00817326 0.0141199 0.00391867 0.00283519
9.98829E-05 9.98829E-05 9.98829E-05 9.98829E-05 9.98829E-05 9.98829E-05 9.98829E-05 9.98829E-05 9.98829E-05 9.98829E-05 0.998702 9.98829E-05 9.98829E-05 9.98829E-05
0.00129512 0.00302526 0.00310425 9.99279E-05 9.99279E-05 0.973325 9.99279E-05 9.99279E-05 9.99279E-05 0.0150289 9.99279E-05 0.00342181 9.99279E-05 9.99279E-05
9.98831E-05 9.98831E-05 9.98831E-05 9.98831E-05 9.98831E-05 9.98831E-05 9.98831E-05 9.98831E-05 0.998702 9.98831E-05 9.98831E-05 9.98831E-05 9.98831E-05 9.98831E-05
0.0456453 0.0140477 0.0231281 0.0372596 0.0898331 0.671663 0.00556934 0.0309541 0.0274102 0.0140061 0.00131553 0.0239341 0.00754233 0.00769158
0.025897 0.0305449 0.0327214 0.0774197 0.574749 0.11948 0.0270421 0.031615 0.00565298 0.0258705 9.9982E-05 0.0310634 9.9982E-05 0.0177439
9.98828E-05 9.98828E-05 9.98828E-05 9.98828E-05 0.998702 9.98828E-05 9.98828E-05 9.98828E-05 9.98828E-05 9.98828E-05 9.98828E-05 9.98828E-05 9.98828E-05 9.98828E-05
9.98829E-05 9.98829E-05 9.98829E-05 9.98829E-05 9.98829E-05 9.98829E-05 0.998702 9.98829E-05 9.98829E-05 9.98829E-05 9.98829E-05 9.98829E-05 9.98829E-05 9.98829E-05
9.9982E-05 0.0333043 0.0292458 0.0270319 0.00486102 0.698794 0.0256754 0.0275668 0.0570297 9.9982E-05 0.0213608 0.0352443 0.0183989 0.021287
0.317608 0.0354433 0.0518295 0.029346 0.045229 0.27449 0.0365323 0.0591276 0.0422039 0.0353022 0.000660773 0.0256707 0.0215071 0.0250498
9.98831E-05 9.98831E-05 9.98831E-05 0.998702 9.98831E-05 9.98831E-05 9.98831E-05 9.98831E-05 9.98831E-05 9.98831E-05 9.98831E-05 9.98831E-05 9.98831E-05 9.98831E-05
0.998702 9.9883E-05 9.9883E-05 9.9883E-05 9.9883E-05 9.9883E-05 9.9883E-05 9.9883E-05 9.9883E-05 9.9883E-05 9.9883E-05 9.9883E-05 9.9883E-05 9.9883E-05
0.0238324 0.0120857 0.0220941 0.426905 0.0358526 0.0459303 0.0422475 0.0161754 0.00918841 0.0143488 0.0103647 0.0159443 0.295642 0.0293889
0.000191627 9.99011E-05 0.997623 9.99011E-05 9.99011E-05 9.99011E-05 0.00108611 9.99011E-05 9.99011E-05 9.99011E-05 9.99011E-05 9.99011E-05 9.99011E-05 9.99011E-05
9.98831E-05 9.98831E-05 0.998702 9.98831E-05 9.98831E-05 9.98831E-05 9.98831E-05 9.98831E-05 9.98831E-05 9.98831E-05 9.98831E-05 9.98831E-05 9.98831E-05 9.98831E-05
9.9883E-05 9.9883E-05 9.9883E-05 9.9883E-05 9.9883E-05 9.9883E-05 9.9883E-05 0.998702 9.9883E-05 9.9883E-05 9.9883E-05 9.9883E-05 9.9883E-05 9.9883E-05
0.0222275 0.0287224 0.0273866 0.0454581 0.02615 0.0929469 0.0220186 0.571376 0.0297208 0.0298834 0.0199976 0.0241864 0.034793 0.0251328
0.022825 0.0147597 0.00629963 0.0271577 0.0260305 0.019188 0.00693277 0.0135851 0.0100976 0.00271189 0.00626261 0.839679 0.00437036 9.9991E-05
9.98831E-05 0.998702 9.98831E-05 9.98831E-05 9.98831E-05 9.98831E-05 9.98831E-05 9.98831E-05 9.98831E-05 9.98831E-05 9.98831E-05 9.98831E-05 9.98831E-05 9.98831E-05
9.9883E-05 9.9883E-05 9.9883E-05 9.9883E-05 9.9883E-05 9.9883E-05 9.9883E-05 9.9883E-05 9.9883E-05 0.998702 9.9883E-05 9.9883E-05 9.9883E-05 9.9883E-05
0.0144739 0.730413 0.0259759 0.03338 0.0259835 0.0269658 0.00271384 0.0301875 0.0320539 0.0106654 0.0187949 0.0168247 0.0209251 0.0106427
9.9883E-05 9.9883E-05 9.9883E-05 9.9883E-05 9.9883E-05 9.9883E-05 9.9883E-05 9.9883E-05 9.9883E-05 9.9883E-05 0.998702 9.9883E-05 9.9883E-05 9.9883E-05
9.98828E-05 9.98828E-05 9.98828E-05 9.98828E-05 9.98828E-05 0.998702 9.98828E-05 9.98828E-05 9.98828E-05 9.98828E-05 9.98828E-05 9.98828E-05 9.98828E-05 9.98828E-05
9.9883E-05 9.9883E-05 9.9883E-05 9.9883E-05 9.9883E-05 9.9883E-05 9.9883E-05 9.9883E-05 0.998702 9.9883E-05 9.9883E-05 9.9883E-05 9.9883E-05 9.9883E-05
0.0659842 0.0512406 0.029021 0.00428836 0.0653684 0.310827 0.0917094 0.0690518 0.0532436 0.000946255 0.0587353 0.0336994 0.104392 0.0614921
0.0369168 9.9973E-05 0.00889056 0.00783728 0.0958113 0.794341 0.0137446 0.00302775 0.0198534 0.00782055 9.9973E-05 0.0111654 0.000291666 9.9973E-05
0.0128735 0.00918483 0.029751 0.0748899 0.506879 0.174613 0.0218052 0.0413119 0.019469 0.00242216 0.0256787 0.0350814 0.0206576 0.0253828
0.0293511 0.0183689 0.0299932 0.0185873 0.739773 0.0490947 0.0173627 0.0075186 0.0203102 0.00451434 0.0149249 0.0261021 0.0190092 0.00509009
0.0220101 0.0331857 0.0206431 0.0136369 0.0673033 0.0944008 0.533717 0.0359315 0.0268168 0.0269356 0.0281629 0.0371331 0.0258881 0.0342352
9.9982E-05 0.0203775 0.0173251 0.0349564 9.9982E-05 0.712197 0.0379905 0.0443079 0.0353336 0.00363625 0.00652903 0.0411596 0.0116518 0.0343355
0.811114 0.00380815 0.010331 0.00936428 0.000397312 0.0542041 0.0128663 0.0276386 0.0116186 0.0122709 9.9991E-05 0.0156119 0.0199807 0.0106946
9.9883E-05 9.9883E-05 9.9883E-05 0.998702 9.9883E-05 9.9883E-05 9.9883E-05 9.9883E-05 9.9883E-05 9.9883E-05 9.9883E-05 9.9883E-05 9.9883E-05 9.9883E-05
0.927279 0.0126102 0.0139602 0.00594848 0.0068908 9.9982E-05 0.00305046 0.00718621 0.00508186 0.00124838 0.00439232 9.9982E-05 0.00364253 0.00850929
9.98829E-05 9.98829E-05 9.98829E-05 9.98829E-05 9.98829E-05 9.98829E-05 9.98829E-05 9.98829E-05 9.98829E-05 9.98829E-05 9.98829E-05 9.98829E-05 0.998702 9.98829E-05
0.0017593 9.9955E-05 0.94001 0.0113592 9.9955E-05 9.9955E-05 0.002077 0.0123381 0.00695348 0.00697055 0.00977603 9.9955E-05 9.9955E-05 0.00825679
9.98831E-05 9.98831E-05 0.998702 9.98831E-05 9.98831E-05 9.98831E-05 9.98831E-05 9.98831E-05 9.98831E-05 9.98831E-05 9.98831E-05 9.98831E-05 9.98831E-05 9.98831E-05
9.98831E-05 9.98831E-05 9.98831E-05 9.98831E-05 9.98831E-05 9.98831E-05 9.98831E-05 0.998702 9.98831E-05 9.98831E-05 9.98831E-05 9.98831E-05 9.98831E-05 9.98831E-05
9.9946E-05 0.00917806 9.9946E-05 0.0171545 0.00694748 9.9946E-05 0.0269969 0.913367 0.0116194 9.9946E-05 0.00712052 9.9946E-05 9.9946E-05 0.00701696
9.98831E-05 9.98831E-05 9.98831E-05 9.98831E-05 9.98831E-05 9.98831E-05 9.98831E-05 9.98831E-05 9.98831E-05 9.98831E-05 9.98831E-05 0.998702 9.98831E-05 9.98831E-05
9.9883E-05 0.998702 9.9883E-05 9.9883E-05 9.9883E-05 9.9883E-05 9.9883E-05 9.9883E-05 9.9883E-05 9.9883E-05 9.9883E-05 9.9883E-05 9.9883E-05 9.9883E-05
9.9883E-05 9.9883E-05 9.9883E-05 9.9883E-05 9.9883E-05 9.9883E-05 9.9883E-05 9.9883E-05 9.9883E-05 0.998702 9.9883E-05 9.9883E-05 9.9883E-05 9.9883E-05
9.98831E-05 0.998702 9.98831E-05 9.98831E-05 9.98831E-05 9.98831E-05 9.98831E-05 9.98831E-05 9.98831E-05 9.98831E-05 9.98831E-05 9.98831E-05 9.98831E-05 9.98831E-05
9.9883E-05 9.9883E-05 9.9883E-05 9.9883E-05 9.9883E-05 9.9883E-05 9.9883E-05 9.9883E-05 9.9883E-05 9.9883E-05 0.998702 9.9883E-05 9.9883E-05 9.9883E-05
9.9982E-05 0.050882 0.0233574 0.0390617 0.0348257 0.704413 0.0332774 0.0205489 0.0353207 9.9982E-05 0.00871443 0.0180087 0.00562131 0.0257691
9.9964E-05 0.00534028 0.000266693 9.9964E-05 0.00433565 0.00202433 9.9964E-05 9.9964E-05 0.961819 0.00102699 0.00760245 0.00691194 0.000462403 0.00981084
0.0676597 0.0476344 0.0225751 9.9991E-05 0.0611688 0.309057 0.0967456 0.0721964 0.0594428 0.0110703 0.0668532 0.0355178 0.0997698 0.0502097
0.0606959 0.0382209 0.0275146 0.0408282 0.105699 0.521474 0.0212747 0.0309909 0.02348 0.0222859 0.0453645 0.0352939 0.0267775 9.9991E-05
0.00550778 0.0123306 0.0259334 0.0666198 0.539954 0.15811 0.0339695 0.0270931 0.0172654 0.00237809 0.0286746 0.0279368 0.0283159 0.0259111
0.0316076 0.016614 0.013911 0.0560122 0.696706 0.0791831 0.0293126 0.0171181 0.0133546 9.9991E-05 0.0198858 0.00301682 0.00326656 0.0199117
9.98801E-05 9.98801E-05 9.98801E-05 9.98801E-05 9.98801E-05 9.98801E-05 0.998702 9.98801E-05 9.98801E-05 9.98801E-05 9.98801E-05 9.98801E-05 9.98801E-05 9.98801E-05
0.00488072 0.0585711 0.0322483 0.0356421 0.0473482 0.610827 0.0452954 0.0499931 0.03989 0.00885348 0.00253914 0.0309916 0.0115225 0.0213971
0.802889 0.00269328 0.0172107 9.9991E-05 0.00686447 0.0412291 0.0256341 0.0361125 0.0114165 0.00361434 0.00538196 0.0227722 0.0120051 0.012077
9.9892E-05 9.9892E-05 9.9892E-05 0.89798 9.9892E-05 9.9892E-05 9.9892E-05 9.9892E-05 9.9892E-05 9.9892E-05 9.9892E-05 9.9892E-05 0.100821 9.9892E-05
0.998702 9.98829E-05 9.98829E-05 9.98829E-05 9.98829E-05 9.98829E-05 9.98829E-05 9.98829E-05 9.98829E-05 9.98829E-05 9.98829E-05 9.98829E-05 9.98829E-05 9.98829E-05
9.98829E-05 9.98829E-05 9.98829E-05 9.98829E-05 9.98829E-05 9.98829E-05 9.98829E-05 9.98829E-05 9.98829E-05 9.98829E-05 9.98829E-05 9.98829E-05 0.998702 9.98829E-05
0.00777612 0.00565482 0.949983 9.9964E-05 9.9964E-05 9.9964E-05 0.012473 9.9964E-05 0.00812851 0.00321941 0.00405596 0.00031737 0.00409505 0.00389655
9.98921E-05 9.98921E-05 0.996217 9.98921E-05 9.98921E-05 9.98921E-05 9.98921E-05 9.98921E-05 9.98921E-05 9.98921E-05 9.98921E-05 0.00258401 9.98921E-05 9.98921E-05
9.9883E-05 9.9883E-05 9.9883E-05 9.9883E-05 9.9883E-05 9.9883E-05 9.9883E-05 0.998702 9.9883E-05 9.9883E-05 9.9883E-05 9.9883E-05 9.9883E-05 9.9883E-05
9.9883E-05 9.9883E-05 9.9883E-05 9.9883E-05 9.9883E-05 9.9883E-05 9.9883E-05 0.998702 9.9883E-05 9.9883E-05 9.9883E-05 9.9883E-05 9.9883E-05 9.9883E-05
9.9937E-05 0.00115753 0.000557103 9.9937E-05 0.0120257 0.00572512 9.9937E-05 0.00399721 9.9937E-05 9.9937E-05 9.9937E-05 0.973827 9.9937E-05 0.00201033
0.000460675 0.964725 0.00356579 0.00747885 9.9955E-05 9.9955E-05 9.9955E-05 0.00564177 9.9955E-05 0.0035035 0.00818393 9.9955E-05 0.00337917 0.00256163
0.0462075 0.0249683 0.0431302 0.0639157 0.0537356 0.102544 0.0372679 0.045984 0.00746456 0.16961 0.306325 0.0482402 0.0289218 0.0216856
9.9955E-05 0.953023 9.9955E-05 0.00107763 0.0125925 9.9955E-05 0.0105971 0.00213868 0.00435317 0.00165991 9.9955E-05 9.9955E-05 0.0102805 0.00377737
0.00369104 0.00405783 0.00447847 9.9937E-05 9.9937E-05 0.00423878 9.9937E-05 9.9937E-05 0.98054 0.00104363 0.00125072 9.9937E-05 9.9937E-05 9.9937E-05
0.0873442 9.9982E-05 0.0482789 0.0418749 0.146667 0.550736 0.0264587 0.0232674 0.0268001 0.0305264 9.9982E-05 0.0011639 0.0023704 0.0143123
0.0639383 0.0466863 0.0274397 9.9991E-05 0.0582116 0.312334 0.0905971 0.0758917 0.0632985 0.0104365 0.0511273 0.0434172 0.100353 0.0561683
0.0380698 0.0446139 0.0439552 0.061246 0.0944296 0.482287 0.027161 0.01894 0.0206921 0.0406696 0.0405835 0.0513241 0.0070935 0.028935
9.9982E-05 0.0131283 0.0275404 0.0569088 0.554972 0.180718 0.0185583 0.0345263 0.0121489 9.9982E-05 0.0255293 0.0301409 0.0189646 0.0266644
0.0309008 0.0478205 0.0212034 0.0516872 0.580603 0.0638713 0.0442776 0.0127059 0.0236715 0.0333711 0.0206566 0.034955 0.0251236 0.00915218
9.98831E-05 9.98831E-05 9.98831E-05 9.98831E-05 9.98831E-05 9.98831E-05 9.98831E-05 9.98831E-05 9.98831E-05 9.98831E-05 9.98831E-05 9.98831E-05 9.98831E-05 0.998702
9.98829E-05 9.98829E-05 9.98829E-05 9.98829E-05 9.98829E-05 9.98829E-05 0.998702 9.98829E-05 9.98829E-05 9.98829E-05 9.98829E-05 9.98829E-05 9.98829E-05 9.98829E-05
9.9973E-05 0.0509928 9.9973E-05 0.0427303 0.0155021 0.704116 0.0452875 0.0215197 0.0164783 0.00711628 0.0166687 0.0308711 9.9973E-05 0.048417
0.837333 9.9982E-05 0.0104072 0.00570821 0.0035513 0.0277094 0.0158578 0.0331897 0.0126672 0.00275592 9.9982E-05 0.0216097 0.0197312 0.00927983
9.98919E-05 9.98919E-05 9.98919E-05 0.885343 9.98919E-05 9.98919E-05 9.98919E-05 9.98919E-05 9.98919E-05 9.98919E-05 9.98919E-05 9.98919E-05 0.113459 9.98919E-05
0.998702 9.98829E-05 9.98829E-05 9.98829E-05 9.98829E-05 9.98829E-05 9.98829E-05 9.98829E-05 9.98829E-05 9.98829E-05 9.98829E-05 9.98829E-05 9.98829E-05 9.98829E-05
9.9883E-05 9.9883E-05 9.9883E-05 9.9883E-05 9.9883E-05 9.9883E-05 9.9883E-05 9.9883E-05 9.9883E-05 9.9883E-05 9.9883E-05 9.9883E-05 0.998702 9.9883E-05
9.9911E-05 9.9911E-05 0.98975 9.9911E-05 9.9911E-05 9.9911E-05 0.00540522 9.9911E-05 9.9911E-05 0.00180934 9.9911E-05 9.9911E-05 9.9911E-05 0.00203621
9.99191E-05 9.99191E-05 9.99191E-05 0.0126755 9.99191E-05 9.99191E-05 0.0197295 0.957604 0.00640468 9.99191E-05 9.99191E-05 9.99191E-05 9.99191E-05 0.00268732
9.9883E-05 9.9883E-05 9.9883E-05 9.9883E-05 9.9883E-05 9.9883E-05 9.9883E-05 9.9883E-05 9.9883E-05 9.9883E-05 9.9883E-05 0.998702 9.9883E-05 9.9883E-05
0.00527572 0.0383799 0.0479164 0.0555269 0.0725477 0.112573 0.0228494 0.0653149 0.0197687 0.0147847 0.017482 0.477708 0.0309507 0.0189223
0.0364617 0.028708 0.0542789 0.0552472 0.109723 0.120305 0.0284793 0.0537899 0.0409934 0.164057 0.187076 0.0404209 0.0395814 0.0408783
9.9883E-05 0.998702 9.9883E-05 9.9883E-05 9.9883E-05 9.9883E-05 9.9883E-05 9.9883E-05 9.9883E-05 9.9883E-05 9.9883E-05 9.9883E-05 9.9883E-05 9.9883E-05
9.9883E-05 9.9883E-05 9.9883E-05 9.9883E-05 9.9883E-05 9.9883E-05 9.9883E-05 9.9883E-05 9.9883E-05 0.998702 9.9883E-05 9.9883E-05 9.9883E-05 9.9883E-05
0.0145229 0.854417 0.0170248 0.00208234 0.0150765 0.0124836 0.0174516 0.0146604 0.00826318 0.0164327 0.000613248 0.011588 0.00510793 0.010276
9.98831E-05 9.98831E-05 9.98831E-05 9.98831E-05 9.98831E-05 9.98831E-05 9.98831E-05 9.98831E-05 0.998702 9.98831E-05 9.98831E-05 9.98831E-05 9.98831E-05 9.98831E-05
0.0666438 0.014495 0.01598 0.038066 0.102045 0.58589 0.0330076 0.0364455 0.0212141 0.0267034 0.00829381 0.0302149 0.00940536 0.0115956
0.0776932 0.0559923 0.0409206 0.0289296 0.0613803 0.237067 0.0749249 0.0838658 0.05973 0.0401285 0.042278 0.0458428 0.0893865 0.0618608
0.0387231 0.0290685 0.0327291 0.0309833 0.13985 0.502294 0.0518327 0.0294294 0.0225271 0.0412993 9.9991E-05 0.0246146 0.027193 0.0293557
0.0382245 0.02018 0.00382543 0.0381147 0.65158 0.0962582 0.0374747 0.000508137 0.0185892 0.0355469 9.99926E-05 0.032473 0.0103996 0.0167254
9.9973E-05 0.0155946 0.026141 9.9973E-05 0.839975 0.0427368 0.00113614 0.00769113 0.0254379 0.0153923 0.014361 9.9973E-05 0.00658942 0.00464466
9.98921E-05 9.98921E-05 9.98921E-05 9.98921E-05 9.98921E-05 9.98921E-05 9.98921E-05 9.98921E-05 9.98921E-05 9.98921E-05 0.00107525 9.98921E-05 9.98921E-05 0.997726
0.0275824 0.0172894 0.017652 0.00525422 0.0106777 0.0124605 0.851166 0.0126547 0.0037447 0.0185407 0.00219044 0.0179082 0.00277931 9.9991E-05
9.9973E-05 0.0472278 0.00318971 0.0385421 0.0274547 0.699699 0.0518459 0.00740661 0.0271972 9.9973E-05 0.0192378 0.0293989 9.9973E-05 0.0485007
0.787574 0.018296 0.0215301 0.00263755 9.9991E-05 0.0441042 0.0154681 0.0220983 0.0227731 0.00865889 0.0022151 0.0240032 0.0245691 0.00597182
9.9892E-05 9.9892E-05 9.9892E-05 0.892943 9.9892E-05 9.9892E-05 9.9892E-05 9.9892E-05 9.9892E-05 9.9892E-05 9.9892E-05 9.9892E-05 0.105859 9.9892E-05
0.998702 9.98829E-05 9.98829E-05 9.98829E-05 9.98829E-05 9.98829E-05 9.98829E-05 9.98829E-05 9.98829E-05 9.98829E-05 9.98829E-05 9.98829E-05 9.98829E-05 9.98829E-05
9.98831E-05 9.98831E-05 0.998702 9.98831E-05 9.98831E-05 9.98831E-05 9.98831E-05 9.98831E-05 9.98831E-05 9.98831E-05 9.98831E-05 9.98831E-05 9.98831E-05 9.98831E-05
