9.998E-05 9.998E-05 0.9997 9.998E-05
0.9997 9.998E-05 9.998E-05 9.998E-05
0.9997 9.998E-05 9.998E-05 9.998E-05
0.994089 0.00571091 9.9982E-05 9.9982E-05
0.993425 0.0063753 9.9982E-05 9.9982E-05
0.783331 0.0804739 0.0791871 0.0570077
9.998E-05 0.9997 9.998E-05 9.998E-05
0.973713 0.000191599 9.9991E-05 0.0259949
0.664552 0.106333 0.0810088 0.148106
0.953318 0.0217867 0.0102534 0.0146421
0.67437 0.0962218 0.0860399 0.143368
0.690307 0.1023 0.0699379 0.137455
0.753582 0.106095 0.0522829 0.0880394
0.747795 0.110206 0.0277501 0.114249
0.374363 0.576919 0.0159156 0.032802
0.831042 0.0593756 0.0210913 0.0884907
0.842612 0.0582599 0.0194678 0.0796606
0.708084 0.123171 0.0756315 0.0931134
0.147497 0.0143103 0.0267097 0.811483
0.750585 0.0748712 0.0653391 0.109205
9.9982E-05 0.000241228 9.9982E-05 0.999559
0.785574 0.0823909 0.0293315 0.102704
0.049793 0.0166424 0.933465 9.9991E-05
0.9997 9.998E-05 9.998E-05 9.998E-05
0.995921 9.9982E-05 0.00387945 9.9982E-05
0.998646 9.9982E-05 0.00115359 9.9982E-05
9.998E-05 0.9997 9.998E-05 9.998E-05
0.973305 9.9982E-05 9.9982E-05 0.0264946
0.0472554 0.942473 0.00954933 0.000722616
0.967812 9.9991E-05 0.00372731 0.0283609
0.676085 0.0969563 0.0666383 0.16032
0.961343 0.0249906 0.013566 9.9991E-05
0.630112 0.117824 0.115124 0.13694
0.754457 0.118345 0.0421893 0.0850089
0.74417 0.110032 0.0322001 0.113598
0.707133 0.103635 0.0750915 0.11414
0.833153 0.0570202 0.0195171 0.09031
0.74534 0.0845661 0.0525364 0.117557
0.8097 0.0689753 0.0334456 0.0878794
9.998E-05 9.998E-05 9.998E-05 0.9997
0.746379 0.074331 0.0678077 0.111483
9.998E-05 9.998E-05 0.9997 9.998E-05
0.0200469 0.0175343 0.961573 0.000845657
0.9997 9.998E-05 9.998E-05 9.998E-05
0.9997 9.998E-05 9.998E-05 9.998E-05
0.991283 0.00851681 9.9982E-05 9.9982E-05
9.998E-05 0.9997 9.998E-05 9.998E-05
0.911606 0.0322475 0.032501 0.0236453
9.998E-05 0.9997 9.998E-05 9.998E-05
0.906621 0.02358 0.0442688 0.0255302
0.652834 0.109744 0.0838237 0.153598
0.957096 0.0224807 0.0195245 0.000898992
0.672784 0.0976022 0.0737604 0.155853
0.749968 0.101316 0.0502819 0.0984335
0.743735 0.0978239 0.045487 0.112954
0.716047 0.109447 0.0770366 0.0974703
0.838604 0.0509039 0.0175577 0.0929348
0.427289 0.0657108 0.0605591 0.446441
0.772175 0.0809532 0.0417764 0.105095
9.998E-05 9.998E-05 9.998E-05 0.9997
0.799894 0.0678205 0.0365678 0.0957174
9.9982E-05 9.9982E-05 0.994856 0.00494365
0.0282852 0.0055605 0.964128 0.00202675
0.9997 9.998E-05 9.998E-05 9.998E-05
0.90358 0.0343854 0.0245664 0.0374679
0.961335 0.0226225 0.0157265 0.000316191
0.000543728 0.98558 0.013776 9.9991E-05
0.955459 0.00237673 0.00953042 0.0326339
0.102671 0.851376 0.0216432 0.0243092
0.901126 0.0295595 0.0366627 0.0326515
0.660492 0.099634 0.0898222 0.150052
0.968243 0.0129961 0.0131195 0.00564132
0.646947 0.0979754 0.0869975 0.16808
0.719079 0.11136 0.0733776 0.096183
0.747418 0.101786 0.0243849 0.126411
0.845243 0.0537687 0.0170416 0.0839472
0.738117 0.108009 0.0690514 0.0848225
0.454106 0.0664663 0.0736345 0.405793
0.767785 0.0811256 0.0521375 0.0989519
9.998E-05 9.998E-05 9.998E-05 0.9997
0.785928 0.0657396 0.0445659 0.103766
9.998E-05 9.998E-05 0.9997 9.998E-05
9.998E-05 9.998E-05 0.9997 9.998E-05
0.9997 9.998E-05 9.998E-05 9.998E-05
0.895619 0.0395872 0.0217736 0.0430204
0.93014 0.025941 0.00854169 0.0353778
9.998E-05 0.9997 9.998E-05 9.998E-05
0.969845 9.9982E-05 9.9982E-05 0.0299551
0.178404 0.759187 0.0398904 0.0225187
0.921702 0.0222073 0.0298788 0.0262123
0.65011 0.0952566 0.090142 0.164492
0.949732 0.0214194 0.0173078 0.0115404
0.718374 0.0912688 0.0587737 0.131584
0.675437 0.08807 0.0753208 0.161172
0.753165 0.0915184 0.0691976 0.0861193
0.718086 0.116361 0.0621299 0.103423
0.785515 0.0863611 0.0493704 0.0787537
0.714397 0.112518 0.0767479 0.0963364
0.122673 0.0080161 0.0138305 0.85548
0.78586 0.090497 0.0427147 0.0809284
0.0228032 0.0178103 0.0134063 0.94598
0.780672 0.0860992 0.023049 0.11018
0.0385583 9.9991E-05 0.960565 0.000776846
9.998E-05 9.998E-05 0.9997 9.998E-05
0.9997 9.998E-05 9.998E-05 9.998E-05
0.996648 9.9982E-05 0.00315225 9.9982E-05
0.980423 0.00321701 0.011369 0.00499075
9.998E-05 0.9997 9.998E-05 9.998E-05
0.984884 9.9982E-05 9.9982E-05 0.0149156
9.998E-05 0.9997 9.998E-05 9.998E-05
0.927859 0.0300038 0.0316738 0.0104631
0.698713 0.129444 0.0710027 0.100841
0.951478 0.0410562 0.00736587 9.9991E-05
0.725673 0.0949502 0.048132 0.131245
0.688558 0.103317 0.0601146 0.14801
0.767374 0.0855749 0.0582772 0.0887743
0.708966 0.114629 0.0516666 0.124739
0.866326 0.0467916 0.0117306 0.0751519
0.710105 0.115996 0.0739343 0.0999648
0.145305 0.00107938 0.0153537 0.838262
0.809344 0.0688922 0.0379378 0.083826
9.998E-05 9.998E-05 9.998E-05 0.9997
0.779393 0.083614 0.0373945 0.0995987
0.00946769 0.0085213 0.962696 0.0193154
9.9982E-05 0.000843999 0.998956 9.9982E-05
0.9997 9.998E-05 9.998E-05 9.998E-05
0.9997 9.998E-05 9.998E-05 9.998E-05
0.977641 0.0170057 0.00525297 9.9991E-05
0.0248954 0.974298 0.000706552 9.9991E-05
0.795836 0.0611309 0.0623665 0.0806663
0.0188238 0.968913 0.00751273 0.00475091
0.947659 0.0237799 0.0201846 0.00837657
0.643358 0.0812243 0.0895044 0.185914
0.722325 0.0951036 0.053674 0.128898
0.679538 0.110652 0.0823244 0.127486
0.770277 0.0881546 0.0619636 0.0796049
0.715765 0.120347 0.056156 0.107731
0.830799 0.0465279 0.0194149 0.103258
0.843843 0.0508176 0.0166061 0.0887331
0.722243 0.133469 0.0521142 0.0921735
0.113329 0.00254052 0.0210474 0.863083
0.825819 0.064967 0.0261706 0.0830434
9.998E-05 9.998E-05 9.998E-05 0.9997
0.791035 0.082246 0.0352451 0.0914737
9.998E-05 9.998E-05 0.9997 9.998E-05
0.9997 9.998E-05 9.998E-05 9.998E-05
0.998925 9.9982E-05 9.9982E-05 0.000874726
0.861881 0.056702 0.0499943 0.031423
0.776268 0.0674054 0.0733278 0.0829986
9.998E-05 0.9997 9.998E-05 9.998E-05
0.969868 9.9991E-05 0.000476352 0.0295555
0.08834 0.864382 0.0265843 0.0206933
0.95821 0.0209071 0.00669371 0.0141891
0.669522 0.0836104 0.0759962 0.170871
0.686877 0.102269 0.0701077 0.140747
0.682333 0.096492 0.0648148 0.156361
0.732236 0.102948 0.0460787 0.118738
0.743034 0.102534 0.0620894 0.0923425
0.85326 0.0514138 0.0148207 0.0805052
0.789409 0.0723768 0.0355806 0.102634
0.736334 0.123996 0.0445972 0.0950733
0.149403 0.0195286 0.0218003 0.809268
0.814192 0.0742527 0.0281786 0.0833768
9.998E-05 9.998E-05 9.998E-05 0.9997
9.998E-05 9.998E-05 0.9997 9.998E-05
