9.99101E-05 9.99101E-05 9.99101E-05 9.99101E-05 9.99101E-05 9.99101E-05 9.99101E-05 9.99101E-05 0.999001 9.99101E-05 9.99101E-05
9.9955E-05 0.0116485 0.0113981 0.011412 9.9955E-05 9.9955E-05 0.939192 9.9955E-05 0.00361553 9.9955E-05 0.0222343
9.9937E-05 9.9937E-05 0.0257706 0.0134065 9.9937E-05 9.9937E-05 0.949768 9.9937E-05 9.9937E-05 9.9937E-05 0.0103553
0.999001 9.99101E-05 9.99101E-05 9.99101E-05 9.99101E-05 9.99101E-05 9.99101E-05 9.99101E-05 9.99101E-05 9.99101E-05 9.99101E-05
0.999001 9.99101E-05 9.99101E-05 9.99101E-05 9.99101E-05 9.99101E-05 9.99101E-05 9.99101E-05 9.99101E-05 9.99101E-05 9.99101E-05
0.0446697 0.134909 0.0871604 0.0945808 0.0816753 0.053744 0.0537087 0.0245223 0.0662591 0.318979 0.0397918
9.99101E-05 9.99101E-05 9.99101E-05 9.99101E-05 9.99101E-05 0.999001 9.99101E-05 9.99101E-05 9.99101E-05 9.99101E-05 9.99101E-05
9.99101E-05 9.99101E-05 9.99101E-05 9.99101E-05 9.99101E-05 9.99101E-05 9.99101E-05 9.99101E-05 9.99101E-05 0.999001 9.99101E-05
0.0438431 0.419013 0.066203 0.10316 0.037674 0.0510297 0.0541628 0.0973075 0.0676942 0.0343267 0.0255858
9.9946E-05 9.9946E-05 9.9946E-05 9.9946E-05 9.9946E-05 0.00174468 0.0127886 0.00037737 0.00410302 9.9946E-05 0.980387
0.0721463 0.252102 0.115023 0.12011 0.0437577 0.0624108 0.064502 0.0939629 0.072464 0.0573585 0.0461624
0.0484337 0.159505 0.18024 0.158797 0.0563555 0.0689233 0.0854074 0.0936935 0.0426608 0.0430662 0.0629177
0.00106672 0.989883 9.99369E-05 9.99369E-05 9.99369E-05 9.99369E-05 9.99369E-05 9.99369E-05 0.00597512 0.00237579 9.99369E-05
9.99101E-05 0.999001 9.99101E-05 9.99101E-05 9.99101E-05 9.99101E-05 9.99101E-05 9.99101E-05 9.99101E-05 9.99101E-05 9.99101E-05
0.00767473 0.143078 0.130199 0.0869175 0.0436739 0.533516 0.0153678 0.00553295 0.00885141 9.9991E-05 0.0250886
9.99101E-05 9.99101E-05 0.999001 9.99101E-05 9.99101E-05 9.99101E-05 9.99101E-05 9.99101E-05 9.99101E-05 9.99101E-05 9.99101E-05
0.00699956 0.0138683 0.936647 0.00483058 0.0179303 0.00968759 0.0068092 0.00164716 9.9982E-05 9.9982E-05 0.00138005
0.0619305 0.216681 0.172764 0.183132 0.0542096 0.0728525 0.0756279 0.0484914 0.0617694 0.0315726 0.0209693
0.0192352 0.00644927 0.0347839 0.0495496 9.9991E-05 0.00849598 0.0337772 0.794648 0.0258511 0.0125477 0.014562
0.0329245 0.00978379 0.0291152 0.723229 0.0289007 0.0310436 0.039898 0.0440701 0.0247265 0.0112139 0.0250945
9.9937E-05 9.9937E-05 9.9937E-05 9.9937E-05 0.00746597 0.000569289 0.00338152 0.987884 9.9937E-05 9.9937E-05 9.9937E-05
0.0102616 0.0176733 0.00330229 0.942687 9.9964E-05 9.9964E-05 9.9964E-05 0.00793 0.00337323 0.0143724 9.9964E-05
0.0088317 0.016207 0.000965078 0.0317834 9.9973E-05 0.015741 0.007187 9.9973E-05 0.914772 9.9973E-05 0.00421296
9.99101E-05 9.99101E-05 9.99101E-05 9.99101E-05 9.99101E-05 9.99101E-05 0.999001 9.99101E-05 9.99101E-05 9.99101E-05 9.99101E-05
9.9973E-05 0.0117192 0.0169111 0.01824 0.000614664 0.020613 0.912351 9.9973E-05 0.00546442 9.9973E-05 0.0137867
0.999001 9.99101E-05 9.99101E-05 9.99101E-05 9.99101E-05 9.99101E-05 9.99101E-05 9.99101E-05 9.99101E-05 9.99101E-05 9.99101E-05
9.99101E-05 9.99101E-05 9.99101E-05 9.99101E-05 9.99101E-05 0.999001 9.99101E-05 9.99101E-05 9.99101E-05 9.99101E-05 9.99101E-05
9.99101E-05 9.99101E-05 9.99101E-05 9.99101E-05 9.99101E-05 9.99101E-05 9.99101E-05 9.99101E-05 9.99101E-05 0.999001 9.99101E-05
0.00233595 0.000176249 0.00794565 0.0250012 0.00458598 0.924778 0.0126587 0.000380648 0.0059751 0.0105417 0.00562086
0.000320214 0.00302448 9.9964E-05 0.0117677 0.00590411 9.9964E-05 0.0113167 9.9964E-05 0.000911974 0.966355 9.9964E-05
0.0357381 0.474073 0.0649605 0.11076 0.0477422 0.0299321 0.0163429 0.111917 0.049448 0.040435 0.0186516
9.99101E-05 9.99101E-05 9.99101E-05 9.99101E-05 9.99101E-05 9.99101E-05 9.99101E-05 9.99101E-05 9.99101E-05 9.99101E-05 0.999001
0.0660106 0.201702 0.125128 0.107729 0.0466051 0.114214 0.0796123 0.0899163 0.0673291 0.0387199 0.0630344
9.99101E-05 0.999001 9.99101E-05 9.99101E-05 9.99101E-05 9.99101E-05 9.99101E-05 9.99101E-05 9.99101E-05 9.99101E-05 9.99101E-05
9.99101E-05 0.999001 9.99101E-05 9.99101E-05 9.99101E-05 9.99101E-05 9.99101E-05 9.99101E-05 9.99101E-05 9.99101E-05 9.99101E-05
0.0382082 0.230845 0.238589 0.180544 0.0315558 0.0507211 0.045323 0.0650771 0.0654583 0.00910067 0.0445778
9.99101E-05 9.99101E-05 0.999001 9.99101E-05 9.99101E-05 9.99101E-05 9.99101E-05 9.99101E-05 9.99101E-05 9.99101E-05 9.99101E-05
0.0415432 0.10497 0.48794 0.108286 0.0445498 0.0464296 0.0125982 0.051935 0.030126 0.0322538 0.0393682
9.9955E-05 9.9955E-05 9.9955E-05 0.959704 0.00920488 9.9955E-05 9.9955E-05 0.0117011 0.00386846 0.0041276 0.0108939
9.99101E-05 9.99101E-05 9.99101E-05 9.99101E-05 9.99101E-05 9.99101E-05 9.99101E-05 0.999001 9.99101E-05 9.99101E-05 9.99101E-05
0.0227754 0.0328433 0.0693543 0.687685 0.0211521 0.0191185 0.0298368 0.0375262 0.0404437 0.023312 0.0159526
9.99101E-05 9.99101E-05 9.99101E-05 9.99101E-05 9.99101E-05 9.99101E-05 9.99101E-05 9.99101E-05 0.999001 9.99101E-05 9.99101E-05
0.0133821 0.00470208 9.9964E-05 0.0154115 9.9964E-05 0.00713876 0.00163817 9.9964E-05 0.951563 9.9964E-05 0.0057649
9.99101E-05 9.99101E-05 9.99101E-05 9.99101E-05 9.99101E-05 9.99101E-05 0.999001 9.99101E-05 9.99101E-05 9.99101E-05 9.99101E-05
0.00349108 0.0187243 0.0192832 0.0136995 0.00706805 0.00763827 0.881084 0.00544208 0.0164675 0.0105408 0.0165613
0.999001 9.99101E-05 9.99101E-05 9.99101E-05 9.99101E-05 9.99101E-05 9.99101E-05 9.99101E-05 9.99101E-05 9.99101E-05 9.99101E-05
9.99101E-05 9.99101E-05 9.99101E-05 9.99101E-05 9.99101E-05 0.999001 9.99101E-05 9.99101E-05 9.99101E-05 9.99101E-05 9.99101E-05
0.00614866 9.9946E-05 9.9946E-05 0.00326173 0.975512 0.00627992 0.00819766 9.9946E-05 9.9946E-05 9.9946E-05 9.9946E-05
9.99101E-05 9.99101E-05 9.99101E-05 9.99101E-05 9.99101E-05 0.999001 9.99101E-05 9.99101E-05 9.99101E-05 9.99101E-05 9.99101E-05
9.9919E-05 9.9919E-05 9.9919E-05 9.9919E-05 0.99195 9.9919E-05 9.9919E-05 9.9919E-05 0.00715112 9.9919E-05 9.9919E-05
0.0395382 0.432198 0.066941 0.116312 0.0539663 0.0528472 0.0257549 0.0871058 0.0607993 0.0380757 0.0264611
0.00233436 0.000798867 9.9955E-05 9.9955E-05 9.9955E-05 0.00270587 9.9955E-05 9.9955E-05 0.0028439 0.00711751 0.9837
0.0495216 0.300353 0.0922726 0.172841 0.0397043 0.0495913 0.031704 0.120592 0.0572755 0.0366177 0.0495262
0.00769157 0.969127 9.9973E-05 0.00173154 0.00044805 0.00604484 0.00531192 9.9973E-05 0.00483269 0.00451218 9.9973E-05
9.99101E-05 0.999001 9.99101E-05 9.99101E-05 9.99101E-05 9.99101E-05 9.99101E-05 9.99101E-05 9.99101E-05 9.99101E-05 9.99101E-05
0.0704024 0.218396 0.177021 0.148962 0.0543708 0.0673539 0.0651236 0.0458918 0.0701285 0.0179008 0.0644491
9.99101E-05 9.99101E-05 0.999001 9.99101E-05 9.99101E-05 9.99101E-05 9.99101E-05 9.99101E-05 9.99101E-05 9.99101E-05 9.99101E-05
0.0383785 0.155825 0.0664772 0.0913641 0.0163837 0.0309024 0.074643 0.401831 0.050029 0.0384946 0.0356714
0.00239024 0.00345119 0.0172745 0.839336 0.015811 0.0213916 0.0315991 0.0157558 0.019037 0.0184502 0.015503
9.99101E-05 9.99101E-05 9.99101E-05 9.99101E-05 9.99101E-05 9.99101E-05 9.99101E-05 0.999001 9.99101E-05 9.99101E-05 9.99101E-05
9.99101E-05 9.99101E-05 9.99101E-05 0.999001 9.99101E-05 9.99101E-05 9.99101E-05 9.99101E-05 9.99101E-05 9.99101E-05 9.99101E-05
9.9946E-05 9.9946E-05 9.9946E-05 9.9946E-05 0.003509 9.9946E-05 0.00299177 0.000146268 0.984764 0.00798887 9.9946E-05
0.0203093 0.0134097 9.9955E-05 0.0143244 9.9955E-05 0.000140294 9.9955E-05 0.00253494 0.948782 9.9955E-05 9.9955E-05
9.99101E-05 9.99101E-05 9.99101E-05 9.99101E-05 9.99101E-05 9.99101E-05 0.999001 9.99101E-05 9.99101E-05 9.99101E-05 9.99101E-05
0.021632 0.0690112 0.0767613 0.0732322 0.025362 0.0237139 0.554095 0.040146 0.0389032 0.0434712 0.0336722
0.967721 9.9964E-05 0.00971353 9.9964E-05 9.9964E-05 0.00355414 9.9964E-05 0.00126838 0.00954847 0.00501277 0.0027823
9.9955E-05 9.9955E-05 0.00599244 9.9955E-05 9.9955E-05 0.976082 0.0011321 9.9955E-05 0.00733566 0.00816279 0.000795171
0.00459249 9.9964E-05 9.9964E-05 9.9964E-05 9.9964E-05 0.00625471 0.0161541 0.00980406 0.0111957 0.936855 0.0147444
0.0101643 0.0119401 0.00645165 0.0438408 0.00798418 0.854803 0.0168771 0.00972239 0.0127046 0.0122772 0.013235
9.99101E-05 9.99101E-05 9.99101E-05 9.99101E-05 0.999001 9.99101E-05 9.99101E-05 9.99101E-05 9.99101E-05 9.99101E-05 9.99101E-05
0.0614268 0.377813 0.0705981 0.105603 0.0537804 0.04753 0.049057 0.108964 0.0635389 0.0321434 0.0295444
9.99101E-05 9.99101E-05 9.99101E-05 9.99101E-05 9.99101E-05 9.99101E-05 9.99101E-05 9.99101E-05 9.99101E-05 9.99101E-05 0.999001
0.0460725 0.348044 0.0893946 0.104619 0.0345304 0.0398838 0.0571114 0.113385 0.0658468 0.0466911 0.0544208
0.0217004 0.647386 0.0652568 0.088626 0.00981027 0.0308151 0.0229341 0.0352484 0.0354371 0.0262401 0.0165456
9.99101E-05 0.999001 9.99101E-05 9.99101E-05 9.99101E-05 9.99101E-05 9.99101E-05 9.99101E-05 9.99101E-05 9.99101E-05 9.99101E-05
0.0147824 9.9964E-05 0.931008 0.00899085 0.0234803 9.9964E-05 0.0164735 0.0046843 9.9964E-05 0.000181076 9.9964E-05
0.0688465 0.194323 0.180511 0.175625 0.0550527 0.0660804 0.0543938 0.0559054 0.0648317 0.0180964 0.0663339
0.0467246 0.132411 0.0954074 0.101821 0.0179637 0.0465442 0.0743497 0.356446 0.0534556 0.0414125 0.0334646
9.9973E-05 9.9973E-05 0.00312127 0.911724 0.0244603 0.00480791 0.0104835 0.014498 9.9973E-05 0.0157564 0.0148483
9.99101E-05 9.99101E-05 9.99101E-05 9.99101E-05 9.99101E-05 9.99101E-05 9.99101E-05 0.999001 9.99101E-05 9.99101E-05 9.99101E-05
0.0221696 0.044233 0.0579917 0.755702 0.00931954 0.0109973 0.0222529 0.0288911 0.0175557 0.0244006 0.00648632
9.99191E-05 9.99191E-05 9.99191E-05 9.99191E-05 9.99191E-05 9.99191E-05 9.99191E-05 0.001844 0.997257 9.99191E-05 9.99191E-05
9.99101E-05 9.99101E-05 9.99101E-05 9.99101E-05 9.99101E-05 9.99101E-05 9.99101E-05 9.99101E-05 0.999001 9.99101E-05 9.99101E-05
9.99101E-05 9.99101E-05 9.99101E-05 9.99101E-05 9.99101E-05 9.99101E-05 0.999001 9.99101E-05 9.99101E-05 9.99101E-05 9.99101E-05
0.0217053 0.0728272 0.0691025 0.0849004 0.0167138 0.0306358 0.572001 0.0404322 0.0409659 0.0260851 0.024631
0.849375 0.0248029 9.9991E-05 0.0190143 0.0168356 0.0178013 0.0214209 0.0212182 0.00455844 0.00796622 0.0169075
9.99101E-05 9.99101E-05 9.99101E-05 9.99101E-05 9.99101E-05 0.999001 9.99101E-05 9.99101E-05 9.99101E-05 9.99101E-05 9.99101E-05
9.99101E-05 9.99101E-05 9.99101E-05 9.99101E-05 9.99101E-05 9.99101E-05 9.99101E-05 9.99101E-05 9.99101E-05 0.999001 9.99101E-05
0.0279986 0.0506656 0.00995702 0.0368314 0.0204297 0.746826 0.012514 0.0308319 0.0362957 0.0124195 0.0152306
9.99101E-05 9.99101E-05 9.99101E-05 9.99101E-05 0.999001 9.99101E-05 9.99101E-05 9.99101E-05 9.99101E-05 9.99101E-05 9.99101E-05
0.0364293 0.428161 0.0834164 0.112593 0.0357851 0.0388238 0.0338166 0.096853 0.0629392 0.0471507 0.0240314
9.99101E-05 9.99101E-05 9.99101E-05 9.99101E-05 9.99101E-05 9.99101E-05 9.99101E-05 9.99101E-05 9.99101E-05 9.99101E-05 0.999001
0.0577592 0.169027 0.204292 0.136325 0.0859501 0.0588945 0.0859725 0.0942742 0.0431098 0.00398673 0.0604089
0.0501212 0.391255 0.0854083 0.122143 0.0325775 0.0379089 0.0299609 0.107592 0.0559041 0.0323704 0.0547583
0.0392526 0.645046 0.0668471 0.106037 0.0229426 0.015909 0.0356948 0.0197973 0.0197209 0.000175329 0.0285783
0.0176608 0.805878 0.0278186 0.0174066 0.0147665 0.0155207 0.0132371 0.0284029 0.0288586 0.00263814 0.0278123
0.0333888 0.102297 0.558719 0.047203 0.0486705 0.0279847 0.0583189 0.029112 0.0312482 0.0348853 0.0281729
0.0717308 0.203238 0.179443 0.175346 0.0481763 0.0725907 0.0634763 0.0455052 0.0651923 0.00873857 0.0665624
0.0175196 0.00183041 0.0337509 0.0288934 9.9982E-05 9.9982E-05 0.0377474 0.832355 0.015742 0.0135455 0.018416
9.9955E-05 9.9955E-05 9.9955E-05 0.944691 0.0137454 0.0106196 9.9955E-05 0.0125252 0.00679705 9.9955E-05 0.0111218
9.9982E-05 0.00636381 9.9982E-05 0.000751932 0.00821356 0.0193084 0.0131882 0.941744 0.00612261 0.00145649 0.00265109
9.9919E-05 9.9919E-05 0.00317508 0.995926 9.9919E-05 9.9919E-05 9.9919E-05 9.9919E-05 9.9919E-05 9.9919E-05 9.9919E-05
9.9973E-05 9.9973E-05 0.0181075 9.9973E-05 0.000807444 0.00203683 0.0144269 0.0042718 0.94904 0.00128585 0.00972346
9.99101E-05 9.99101E-05 9.99101E-05 9.99101E-05 9.99101E-05 9.99101E-05 9.99101E-05 9.99101E-05 0.999001 9.99101E-05 9.99101E-05
9.99101E-05 9.99101E-05 9.99101E-05 9.99101E-05 9.99101E-05 9.99101E-05 0.999001 9.99101E-05 9.99101E-05 9.99101E-05 9.99101E-05
0.00173386 9.9973E-05 0.0236227 0.0206782 0.00280048 0.0100143 0.919314 9.9973E-05 0.00585197 9.9973E-05 0.0156842
0.999001 9.99101E-05 9.99101E-05 9.99101E-05 9.99101E-05 9.99101E-05 9.99101E-05 9.99101E-05 9.99101E-05 9.99101E-05 9.99101E-05
9.99101E-05 9.99101E-05 9.99101E-05 9.99101E-05 9.99101E-05 0.999001 9.99101E-05 9.99101E-05 9.99101E-05 9.99101E-05 9.99101E-05
9.99101E-05 9.99101E-05 9.99101E-05 9.99101E-05 9.99101E-05 9.99101E-05 9.99101E-05 9.99101E-05 9.99101E-05 0.999001 9.99101E-05
9.99101E-05 9.99101E-05 9.99101E-05 9.99101E-05 9.99101E-05 0.999001 9.99101E-05 9.99101E-05 9.99101E-05 9.99101E-05 9.99101E-05
9.99101E-05 9.99101E-05 9.99101E-05 9.99101E-05 0.999001 9.99101E-05 9.99101E-05 9.99101E-05 9.99101E-05 9.99101E-05 9.99101E-05
0.042339 0.258576 0.192387 0.174584 0.0473685 0.084661 0.0437614 0.0379067 0.0645131 9.9991E-05 0.0538039
9.9964E-05 0.000654577 0.00591487 9.9964E-05 0.00080616 0.00446458 9.9964E-05 9.9964E-05 0.00472521 0.00363104 0.979404
0.0511888 0.15952 0.206775 0.127809 0.0889407 0.0683188 0.0735825 0.100404 0.0392929 0.0063776 0.0777899
0.0617446 0.31531 0.0724831 0.148807 0.0665549 0.0526599 0.0555206 0.103194 0.0512382 0.0312736 0.0412138
0.0359904 0.644231 0.0676059 0.107361 0.0325852 0.00452454 0.0319334 0.016966 0.0317055 0.000495195 0.0266025
0.0182047 0.775171 0.0441876 0.0380456 0.0160866 0.0191412 0.0243885 0.043532 0.0148652 0.00170479 0.00467312
0.0024589 0.00546282 0.974372 9.9937E-05 0.017007 9.9937E-05 9.9937E-05 9.9937E-05 9.9937E-05 9.9937E-05 9.9937E-05
0.0554224 0.223067 0.176667 0.17231 0.0281875 0.0775356 0.0660884 0.0613128 0.0682705 0.0206883 0.0504512
0.0257396 0.00674405 0.0308839 0.0314694 0.00780631 0.00743302 0.0254082 0.816742 0.0202168 0.0116087 0.0159477
9.99101E-05 9.99101E-05 9.99101E-05 0.999001 9.99101E-05 9.99101E-05 9.99101E-05 9.99101E-05 9.99101E-05 9.99101E-05 9.99101E-05
9.99101E-05 9.99101E-05 9.99101E-05 9.99101E-05 9.99101E-05 9.99101E-05 9.99101E-05 0.999001 9.99101E-05 9.99101E-05 9.99101E-05
0.00333739 0.00991028 9.9928E-05 0.985953 9.9928E-05 9.9928E-05 9.9928E-05 9.9928E-05 9.9928E-05 9.9928E-05 9.9928E-05
0.000131076 9.9973E-05 0.00894252 9.9973E-05 0.0008441 9.9973E-05 0.00747472 0.0101104 0.953252 0.00977041 0.00917453
9.9919E-05 0.00713931 9.9919E-05 9.9919E-05 9.9919E-05 9.9919E-05 9.9919E-05 9.9919E-05 0.991961 9.9919E-05 9.9919E-05
9.99101E-05 9.99101E-05 9.99101E-05 9.99101E-05 9.99101E-05 9.99101E-05 0.999001 9.99101E-05 9.99101E-05 9.99101E-05 9.99101E-05
9.99101E-05 9.99101E-05 9.99101E-05 9.99101E-05 9.99101E-05 9.99101E-05 0.999001 9.99101E-05 9.99101E-05 9.99101E-05 9.99101E-05
0.958534 0.00239088 0.0116265 9.9946E-05 0.0126749 9.9946E-05 0.0141737 9.9946E-05 9.9946E-05 9.9946E-05 9.9946E-05
9.9937E-05 9.9937E-05 9.9937E-05 9.9937E-05 9.9937E-05 0.9726 0.00931839 9.9937E-05 9.9937E-05 0.0146238 0.00275786
0.0489323 0.0758373 0.0660041 0.104855 0.327798 0.0384003 0.0454467 0.0522149 0.0453422 0.187399 0.00776985
9.9955E-05 9.9955E-05 0.0177391 9.9955E-05 0.00712715 0.959896 0.00548728 9.9955E-05 0.000736305 9.9955E-05 0.00851405
0.00055628 9.9946E-05 9.9946E-05 0.00388847 0.00293475 9.9946E-05 0.00735425 9.9946E-05 9.9946E-05 9.9946E-05 0.984667
0.0228985 0.366268 0.075205 0.114312 0.0306468 0.0288339 0.0530176 0.145157 0.0575737 0.0594183 0.0466686
0.0589319 0.16051 0.197449 0.145645 0.082519 0.0610062 0.0820132 0.0927909 0.0398332 0.00990223 0.0693984
0.063724 0.274134 0.124165 0.143156 0.0482749 0.0705641 0.0377862 0.0776658 0.0624912 0.0540477 0.0439904
0.0370163 0.666376 0.061032 0.0883235 0.0294312 0.00440754 0.0302373 0.0167594 0.0370731 0.00113781 0.0282057
0.0337059 0.644623 0.0662849 0.0706825 0.0196437 0.0295088 0.0119993 0.031292 0.033067 0.0349179 0.0242748
9.99101E-05 9.99101E-05 0.999001 9.99101E-05 9.99101E-05 9.99101E-05 9.99101E-05 9.99101E-05 9.99101E-05 9.99101E-05 9.99101E-05
9.9937E-05 0.00840406 0.963753 9.9937E-05 0.0269975 9.9937E-05 0.000146247 9.9937E-05 9.9937E-05 9.9937E-05 9.9937E-05
0.0543282 0.259207 0.229641 0.1668 0.0478496 0.0866018 0.0380095 0.0377355 0.0319223 0.0113556 0.0365497
0.0123979 9.9973E-05 0.031017 0.0172819 9.9973E-05 9.9973E-05 0.0258764 0.852337 0.030618 0.0111114 0.0190606
9.99101E-05 9.99101E-05 9.99101E-05 0.999001 9.99101E-05 9.99101E-05 9.99101E-05 9.99101E-05 9.99101E-05 9.99101E-05 9.99101E-05
9.99101E-05 9.99101E-05 9.99101E-05 9.99101E-05 9.99101E-05 9.99101E-05 9.99101E-05 0.999001 9.99101E-05 9.99101E-05 9.99101E-05
0.00200197 0.00932958 9.9946E-05 0.978314 0.00173614 0.00801912 9.9946E-05 9.9946E-05 9.9946E-05 9.9946E-05 9.9946E-05
9.9919E-05 9.9919E-05 0.00715306 9.9919E-05 9.9919E-05 9.9919E-05 9.9919E-05 9.9919E-05 0.991948 9.9919E-05 9.9919E-05
9.9955E-05 9.9955E-05 0.0155266 0.00377159 9.9955E-05 0.003258 0.96364 9.9955E-05 0.0068768 9.9955E-05 0.00642768
0.999001 9.99101E-05 9.99101E-05 9.99101E-05 9.99101E-05 9.99101E-05 9.99101E-05 9.99101E-05 9.99101E-05 9.99101E-05 9.99101E-05
0.486704 0.117284 0.052055 0.102746 0.0208632 0.0450623 0.0626486 0.0131234 0.0438032 0.0298179 0.0258921
0.0386494 0.140985 0.101067 0.113027 0.193891 0.0354859 0.0518541 0.0508354 0.0657068 0.168379 0.0401177
9.99101E-05 9.99101E-05 9.99101E-05 9.99101E-05 9.99101E-05 0.999001 9.99101E-05 9.99101E-05 9.99101E-05 9.99101E-05 9.99101E-05
9.99101E-05 9.99101E-05 9.99101E-05 9.99101E-05 9.99101E-05 9.99101E-05 9.99101E-05 9.99101E-05 9.99101E-05 0.999001 9.99101E-05
0.0178139 0.0195383 0.0131362 9.9991E-05 0.00504623 0.857891 0.0287974 0.0183027 0.00921218 0.0106851 0.0194776
9.99101E-05 9.99101E-05 9.99101E-05 9.99101E-05 9.99101E-05 9.99101E-05 9.99101E-05 9.99101E-05 9.99101E-05 9.99101E-05 0.999001
0.0585445 0.341441 0.0931606 0.120244 0.0385385 0.0362629 0.0507356 0.135363 0.0464649 0.0373435 0.0419026
0.0531856 0.159427 0.167739 0.15469 0.0621382 0.0682133 0.0809247 0.0959586 0.0476034 0.0431262 0.0669948
0.0668064 0.314643 0.122365 0.134057 0.0112261 0.0569151 0.0437406 0.112109 0.0449374 0.0477998 0.0454008
0.0336261 0.727639 0.0739114 0.0456488 9.9991E-05 0.00666501 0.00656748 0.0321193 0.0101877 0.0445674 0.0189675
0.00180143 0.9048 9.9982E-05 9.9982E-05 0.00243063 0.00977598 0.00221335 0.000121466 0.0303257 0.0150686 0.0332627
9.99101E-05 9.99101E-05 0.999001 9.99101E-05 9.99101E-05 9.99101E-05 9.99101E-05 9.99101E-05 9.99101E-05 9.99101E-05 9.99101E-05
0.0246596 0.0318839 0.774379 0.0328626 0.0312312 0.0217378 0.0289059 0.022377 0.0125604 0.00531783 0.0140852
0.0519954 0.258976 0.233901 0.159701 0.0568292 0.0728281 0.0425869 0.0416102 0.0319538 0.00735993 0.0422583
0.0284706 0.0155927 0.034087 0.0315608 9.9991E-05 0.0137928 0.0256677 0.78587 0.0154164 0.0158971 0.0335444
9.99101E-05 9.99101E-05 9.99101E-05 0.999001 9.99101E-05 9.99101E-05 9.99101E-05 9.99101E-05 9.99101E-05 9.99101E-05 9.99101E-05
9.99101E-05 9.99101E-05 9.99101E-05 9.99101E-05 9.99101E-05 9.99101E-05 9.99101E-05 0.999001 9.99101E-05 9.99101E-05 9.99101E-05
9.99101E-05 9.99101E-05 9.99101E-05 9.99101E-05 9.99101E-05 9.99101E-05 9.99101E-05 9.99101E-05 0.999001 9.99101E-05 9.99101E-05
