9.99101E-05 9.99101E-05 0.999001 9.99101E-05 9.99101E-05 9.99101E-05 9.99101E-05 9.99101E-05 9.99101E-05 9.99101E-05 9.99101E-05
9.9973E-05 0.00162456 9.9973E-05 0.0184565 0.012988 0.00217865 0.00390143 0.00253 9.9973E-05 0.00846947 0.949551
0.00687579 0.000833952 0.00532984 0.00933873 0.0200158 0.012564 9.9973E-05 9.9973E-05 9.9973E-05 0.00728941 0.937453
9.99101E-05 0.999001 9.99101E-05 9.99101E-05 9.99101E-05 9.99101E-05 9.99101E-05 9.99101E-05 9.99101E-05 9.99101E-05 9.99101E-05
9.99101E-05 0.999001 9.99101E-05 9.99101E-05 9.99101E-05 9.99101E-05 9.99101E-05 9.99101E-05 9.99101E-05 9.99101E-05 9.99101E-05
0.029632 0.0344845 0.0640848 0.0366192 0.0549793 0.232816 0.0573483 0.0804307 0.319471 0.0341983 0.0559359
9.99101E-05 9.99101E-05 9.99101E-05 9.99101E-05 9.99101E-05 9.99101E-05 0.999001 9.99101E-05 9.99101E-05 9.99101E-05 9.99101E-05
9.99101E-05 9.99101E-05 9.99101E-05 9.99101E-05 9.99101E-05 9.99101E-05 9.99101E-05 9.99101E-05 0.999001 9.99101E-05 9.99101E-05
0.0858352 0.0314418 0.0585884 0.0178517 0.017493 0.599341 0.0452593 0.0584725 0.0157398 0.0311638 0.0388139
9.9946E-05 0.00365184 9.9946E-05 0.976155 9.9946E-05 9.9946E-05 9.9946E-05 0.00718351 9.9946E-05 0.00112694 0.0112831
0.0931134 0.0685555 0.0774159 0.0587755 0.0537963 0.415666 0.0549218 0.0537152 0.0329723 0.0471758 0.0438927
0.0960344 0.0379449 0.0546285 0.0564568 0.0947975 0.326011 0.0708825 0.0596662 0.0422248 0.0666774 0.0946755
9.9964E-05 9.9964E-05 0.00690739 9.9964E-05 0.00521279 0.928717 0.0227087 0.0242946 0.00518235 0.00657763 9.9964E-05
9.99101E-05 9.99101E-05 9.99101E-05 9.99101E-05 9.99101E-05 0.999001 9.99101E-05 9.99101E-05 9.99101E-05 9.99101E-05 9.99101E-05
0.00312957 0.0103111 0.0176016 0.0290193 0.0600551 0.218517 0.533793 0.0409176 9.9991E-05 0.0581169 0.0284385
9.99101E-05 9.99101E-05 9.99101E-05 9.99101E-05 9.99101E-05 9.99101E-05 9.99101E-05 9.99101E-05 9.99101E-05 0.999001 9.99101E-05
9.99101E-05 9.99101E-05 9.99101E-05 9.99101E-05 0.999001 9.99101E-05 9.99101E-05 9.99101E-05 9.99101E-05 9.99101E-05 9.99101E-05
0.0458082 0.0670417 0.0462455 0.0254416 0.0728804 0.43126 0.082622 0.0558791 0.0325067 0.0714387 0.0688757
0.788863 0.029863 0.0185107 0.0207484 0.0302005 0.0372231 0.0126727 0.0054144 0.00406201 0.0135119 0.0389299
0.0367241 0.0365456 0.0358039 0.0242506 9.9991E-05 0.747854 0.0158018 0.0210772 0.0147124 0.0293464 0.037784
0.982119 9.9955E-05 0.00071264 9.9955E-05 0.00327809 9.9955E-05 9.9955E-05 0.00649714 9.9955E-05 0.00294719 0.00394618
9.9964E-05 0.0166119 9.9964E-05 0.00725747 0.00632672 0.959328 9.9964E-05 0.00273266 0.00509959 0.00224358 9.9964E-05
9.9955E-05 0.0111075 0.924702 9.9955E-05 0.000807187 0.0438718 0.0176487 0.00136267 9.9955E-05 9.9955E-05 9.9955E-05
9.99101E-05 9.99101E-05 9.99101E-05 9.99101E-05 9.99101E-05 9.99101E-05 9.99101E-05 9.99101E-05 9.99101E-05 9.99101E-05 0.999001
9.9982E-05 0.000334958 0.0115157 0.012919 0.022172 0.0131243 0.00957885 9.9982E-05 0.00268992 0.0091936 0.918272
9.99101E-05 0.999001 9.99101E-05 9.99101E-05 9.99101E-05 9.99101E-05 9.99101E-05 9.99101E-05 9.99101E-05 9.99101E-05 9.99101E-05
9.99101E-05 9.99101E-05 9.99101E-05 9.99101E-05 9.99101E-05 9.99101E-05 0.999001 9.99101E-05 9.99101E-05 9.99101E-05 9.99101E-05
9.99101E-05 9.99101E-05 9.99101E-05 9.99101E-05 9.99101E-05 9.99101E-05 9.99101E-05 9.99101E-05 0.999001 9.99101E-05 9.99101E-05
9.999E-05 0.0103619 0.0147832 0.00560274 0.0190184 0.00453494 0.925239 0.00525973 0.00295765 0.00487573 0.00726704
0.00258507 0.0072351 0.00365387 9.9964E-05 0.00887842 0.00157137 9.9964E-05 9.9964E-05 0.971911 9.9964E-05 0.00376525
0.0886455 0.0245394 0.0365684 0.00130689 0.0144176 0.667551 0.0320729 0.0628182 0.0230249 0.0394404 0.00961512
9.99101E-05 9.99101E-05 9.99101E-05 0.999001 9.99101E-05 9.99101E-05 9.99101E-05 9.99101E-05 9.99101E-05 9.99101E-05 9.99101E-05
0.0855808 0.0669074 0.0896923 0.0721643 0.0212323 0.325479 0.0958032 0.0472588 0.0546122 0.0543944 0.0868751
9.9964E-05 0.00679789 0.00878919 0.00732556 9.9964E-05 0.925924 0.0239783 0.0184685 0.00831637 9.9964E-05 9.9964E-05
9.99101E-05 9.99101E-05 9.99101E-05 9.99101E-05 9.99101E-05 0.999001 9.99101E-05 9.99101E-05 9.99101E-05 9.99101E-05 9.99101E-05
0.0612233 0.0402813 0.055767 0.0395078 0.105134 0.435987 0.059846 0.0356456 0.0145022 0.103338 0.0487678
9.99101E-05 9.99101E-05 9.99101E-05 9.99101E-05 9.99101E-05 9.99101E-05 9.99101E-05 9.99101E-05 9.99101E-05 0.999001 9.99101E-05
0.0525985 0.0323424 0.0314849 0.0301565 0.43892 0.220601 0.0488911 0.0317498 0.0381429 0.0560432 0.0190695
0.00541814 9.9964E-05 9.9964E-05 0.0159844 9.9964E-05 0.944902 0.00535023 0.00335619 0.0114359 9.9964E-05 0.0131533
0.999001 9.99101E-05 9.99101E-05 9.99101E-05 9.99101E-05 9.99101E-05 9.99101E-05 9.99101E-05 9.99101E-05 9.99101E-05 9.99101E-05
0.0310978 0.0283116 0.0354007 0.00763154 0.0276682 0.775761 0.00500031 0.0160128 0.0222768 0.014109 0.0367303
9.99101E-05 9.99101E-05 0.999001 9.99101E-05 9.99101E-05 9.99101E-05 9.99101E-05 9.99101E-05 9.99101E-05 9.99101E-05 9.99101E-05
9.9946E-05 0.00713939 0.955757 0.001016 9.9946E-05 0.0346424 0.000845317 9.9946E-05 9.9946E-05 9.9946E-05 9.9946E-05
9.99101E-05 9.99101E-05 9.99101E-05 9.99101E-05 9.99101E-05 9.99101E-05 9.99101E-05 9.99101E-05 9.99101E-05 9.99101E-05 0.999001
0.00187966 0.00224577 0.0220633 0.00897098 0.0144879 0.0266339 0.0139611 0.0116484 0.0162051 0.0144574 0.867447
9.9919E-05 0.997518 9.9919E-05 9.9919E-05 9.9919E-05 9.9919E-05 0.0015828 9.9919E-05 9.9919E-05 9.9919E-05 9.9919E-05
9.99101E-05 9.99101E-05 9.99101E-05 9.99101E-05 9.99101E-05 9.99101E-05 0.999001 9.99101E-05 9.99101E-05 9.99101E-05 9.99101E-05
0.00410668 9.9928E-05 9.9928E-05 9.9928E-05 9.9928E-05 9.9928E-05 0.00718557 0.987908 9.9928E-05 9.9928E-05 9.9928E-05
9.99101E-05 9.99101E-05 9.99101E-05 9.99101E-05 9.99101E-05 9.99101E-05 0.999001 9.99101E-05 9.99101E-05 9.99101E-05 9.99101E-05
9.9937E-05 9.9937E-05 0.000275177 9.9937E-05 9.9937E-05 9.9937E-05 9.9937E-05 0.998582 9.9937E-05 0.000123499 0.000319781
0.0858962 0.0357486 0.0587754 0.0230433 0.0210121 0.583331 0.0394868 0.039869 0.0350808 0.0414609 0.0362955
9.9937E-05 9.9937E-05 9.9937E-05 0.979801 0.00352256 9.9937E-05 0.0100674 9.9937E-05 0.00590971 9.9937E-05 9.9937E-05
0.106979 0.0611092 0.0549592 0.0338646 0.0565291 0.511677 0.04628 0.0512994 0.0210554 0.0195196 0.0367277
9.9973E-05 0.0195503 0.00952076 0.00725793 9.9973E-05 0.915784 0.0195674 0.0217713 0.00567745 9.9973E-05 0.000570922
0.0181007 9.9937E-05 9.9937E-05 9.9937E-05 9.9937E-05 0.958913 0.00457765 0.0177087 9.9937E-05 9.9937E-05 9.9937E-05
0.0466875 0.0566682 0.0679235 0.067985 0.0777508 0.39446 0.0625895 0.0636297 0.03089 0.0764602 0.0549554
9.99101E-05 9.99101E-05 9.99101E-05 9.99101E-05 9.99101E-05 9.99101E-05 9.99101E-05 9.99101E-05 9.99101E-05 0.999001 9.99101E-05
0.390865 0.0502961 0.0409274 0.0395902 0.0295516 0.259598 0.0475006 0.0165007 0.0365407 0.020291 0.0683393
0.0182578 0.00779773 0.0116688 0.0193458 9.9991E-05 0.843017 0.0171143 0.0087013 0.0204626 0.00547893 0.048056
0.999001 9.99101E-05 9.99101E-05 9.99101E-05 9.99101E-05 9.99101E-05 9.99101E-05 9.99101E-05 9.99101E-05 9.99101E-05 9.99101E-05
9.99101E-05 9.99101E-05 9.99101E-05 9.99101E-05 9.99101E-05 0.999001 9.99101E-05 9.99101E-05 9.99101E-05 9.99101E-05 9.99101E-05
0.00403081 9.9946E-05 0.982933 9.9946E-05 0.00637483 9.9946E-05 9.9946E-05 9.9946E-05 0.0033209 9.9946E-05 0.00274033
9.9928E-05 0.0100582 0.951017 9.9928E-05 9.9928E-05 0.0381254 9.9928E-05 9.9928E-05 9.9928E-05 9.9928E-05 9.9928E-05
9.99101E-05 9.99101E-05 9.99101E-05 9.99101E-05 9.99101E-05 9.99101E-05 9.99101E-05 9.99101E-05 9.99101E-05 9.99101E-05 0.999001
0.0432988 0.0343496 0.0240638 0.042037 0.0313768 0.157282 0.0188507 0.0261691 0.0318142 0.0339529 0.556805
0.00533613 0.948117 9.9973E-05 9.9973E-05 0.0105616 0.0199529 0.00228124 9.9973E-05 0.00653256 0.00597897 0.000939623
0.0050937 0.000792392 9.9973E-05 0.00377776 0.00730523 9.9973E-05 0.973375 9.9973E-05 0.00327389 0.000823046 0.00525896
0.0085442 9.9973E-05 0.00453854 0.00971127 0.00503569 0.00396999 0.00748878 9.9973E-05 0.938396 9.9973E-05 0.0220155
0.0143509 0.00704075 0.0215174 0.0243251 0.00559622 0.0302339 0.846574 0.0135975 0.0168404 0.00179034 0.018133
9.99101E-05 9.99101E-05 9.99101E-05 9.99101E-05 9.99101E-05 9.99101E-05 9.99101E-05 0.999001 9.99101E-05 9.99101E-05 9.99101E-05
0.0863073 0.0368058 0.0691703 0.021403 0.0314432 0.559466 0.0499442 0.0372868 0.0263117 0.0471215 0.0347403
9.99101E-05 9.99101E-05 9.99101E-05 0.999001 9.99101E-05 9.99101E-05 9.99101E-05 9.99101E-05 9.99101E-05 9.99101E-05 9.99101E-05
0.113095 0.0382987 0.0575175 0.0381683 0.0458136 0.511291 0.0408025 0.0469312 0.0289019 0.0296663 0.0495147
0.0401535 0.0312991 0.0354057 0.0181634 0.0445035 0.70068 0.0462561 0.0068141 0.030228 0.0258522 0.0206439
9.99101E-05 9.99101E-05 9.99101E-05 9.99101E-05 9.99101E-05 0.999001 9.99101E-05 9.99101E-05 9.99101E-05 9.99101E-05 9.99101E-05
9.99101E-05 9.99101E-05 9.99101E-05 9.99101E-05 0.999001 9.99101E-05 9.99101E-05 9.99101E-05 9.99101E-05 9.99101E-05 9.99101E-05
0.0346679 0.0621193 0.0683321 0.0708351 0.0744138 0.41551 0.053706 0.069175 0.00926056 0.079195 0.0627847
0.349971 0.0484282 0.0548411 0.0469108 0.0414426 0.27374 0.0350384 0.0324274 0.0404979 0.0101642 0.0665378
0.00722369 0.0120408 0.0181693 0.01017 0.00563088 0.89975 0.00513119 9.9982E-05 0.0140721 9.9982E-05 0.0276116
0.999001 9.99101E-05 9.99101E-05 9.99101E-05 9.99101E-05 9.99101E-05 9.99101E-05 9.99101E-05 9.99101E-05 9.99101E-05 9.99101E-05
0.0156618 0.0242324 0.016457 0.0149048 0.0314944 0.819844 9.9982E-05 9.9982E-05 0.0279973 0.0230911 0.0261171
9.99191E-05 9.99191E-05 0.99766 9.99191E-05 0.00144034 9.99191E-05 9.99191E-05 9.99191E-05 9.99191E-05 9.99191E-05 9.99191E-05
9.99101E-05 9.99101E-05 0.999001 9.99101E-05 9.99101E-05 9.99101E-05 9.99101E-05 9.99101E-05 9.99101E-05 9.99101E-05 9.99101E-05
9.99101E-05 9.99101E-05 9.99101E-05 9.99101E-05 9.99101E-05 9.99101E-05 9.99101E-05 9.99101E-05 9.99101E-05 9.99101E-05 0.999001
0.0380949 0.0323335 0.035448 0.0393276 0.0241035 0.140239 0.0252163 0.0285577 0.0320533 0.0334406 0.571185
0.0110378 0.832364 0.00914474 0.0129762 0.00999725 0.0721962 0.0143378 0.0169069 0.0104781 9.9991E-05 0.0104609
9.99101E-05 9.99101E-05 9.99101E-05 9.99101E-05 9.99101E-05 9.99101E-05 0.999001 9.99101E-05 9.99101E-05 9.99101E-05 9.99101E-05
9.99101E-05 9.99101E-05 9.99101E-05 9.99101E-05 9.99101E-05 9.99101E-05 9.99101E-05 9.99101E-05 0.999001 9.99101E-05 9.99101E-05
0.0186732 0.0331894 0.0284483 0.0213771 0.00280748 0.0848746 0.729972 0.00500366 0.0242048 0.0195332 0.0319165
9.99101E-05 9.99101E-05 9.99101E-05 9.99101E-05 9.99101E-05 9.99101E-05 9.99101E-05 0.999001 9.99101E-05 9.99101E-05 9.99101E-05
0.0890981 0.0325967 0.0512875 0.0170964 0.0198431 0.612271 0.0421243 0.0472531 0.0341582 0.0246663 0.0296052
9.99101E-05 9.99101E-05 9.99101E-05 0.999001 9.99101E-05 9.99101E-05 9.99101E-05 9.99101E-05 9.99101E-05 9.99101E-05 9.99101E-05
0.0823822 0.0482462 0.0438045 0.0579054 0.109539 0.346237 0.0521625 0.0801515 0.0162174 0.0862198 0.0771341
0.103035 0.0457205 0.046593 0.0498689 0.0528238 0.553696 0.0309082 0.0405608 0.0324098 0.0187895 0.0255947
0.035912 0.0472598 0.0328805 0.0224812 0.0224687 0.714172 0.0255647 0.0367154 9.9991E-05 0.0309417 0.0315045
0.0300525 0.0243649 0.0332021 0.0180448 0.0316622 0.796722 0.0282849 0.0220264 0.0122859 0.00325397 9.9991E-05
0.0252235 0.0250578 0.0183531 0.0315691 0.555284 0.144299 0.0266926 0.0353831 0.0420797 0.0481233 0.0479348
0.043599 0.0677048 0.0657388 0.0611405 0.0807422 0.409335 0.0569773 0.0631459 0.0163022 0.0799324 0.0553818
0.828416 0.0221695 0.0189239 0.0230266 0.0235718 0.035179 0.0045742 9.9991E-05 0.00668367 0.00903193 0.0283234
0.0064285 9.9973E-05 9.9973E-05 0.0102667 0.00546338 0.927089 0.019621 0.00914761 0.00845589 9.9973E-05 0.0132281
0.926343 9.9982E-05 0.0104929 0.000322784 0.00544438 0.0207424 0.0116812 0.00643455 0.0106236 9.9982E-05 0.00771483
9.9919E-05 9.9919E-05 9.9919E-05 9.9919E-05 0.00527304 0.993828 9.9919E-05 9.9919E-05 9.9919E-05 9.9919E-05 9.9919E-05
0.0121701 9.9973E-05 0.953963 0.00118178 0.0106301 9.9973E-05 0.000971653 9.9973E-05 0.00865611 0.00740168 0.00472556
9.99101E-05 9.99101E-05 0.999001 9.99101E-05 9.99101E-05 9.99101E-05 9.99101E-05 9.99101E-05 9.99101E-05 9.99101E-05 9.99101E-05
9.99101E-05 9.99101E-05 9.99101E-05 9.99101E-05 9.99101E-05 9.99101E-05 9.99101E-05 9.99101E-05 9.99101E-05 9.99101E-05 0.999001
0.0140179 9.9991E-05 0.00575767 0.0133948 0.0209582 0.0119547 0.00608056 0.00220865 0.00229139 0.0178859 0.90535
9.9919E-05 0.997568 9.9919E-05 0.00153258 9.9919E-05 9.9919E-05 9.9919E-05 9.9919E-05 9.9919E-05 9.9919E-05 9.9919E-05
9.99101E-05 9.99101E-05 9.99101E-05 9.99101E-05 9.99101E-05 9.99101E-05 0.999001 9.99101E-05 9.99101E-05 9.99101E-05 9.99101E-05
9.99101E-05 9.99101E-05 9.99101E-05 9.99101E-05 9.99101E-05 9.99101E-05 9.99101E-05 9.99101E-05 0.999001 9.99101E-05 9.99101E-05
9.99101E-05 9.99101E-05 9.99101E-05 9.99101E-05 9.99101E-05 9.99101E-05 0.999001 9.99101E-05 9.99101E-05 9.99101E-05 9.99101E-05
9.99101E-05 9.99101E-05 9.99101E-05 9.99101E-05 9.99101E-05 9.99101E-05 9.99101E-05 0.999001 9.99101E-05 9.99101E-05 9.99101E-05
0.0558472 0.0390241 0.0624044 0.0433596 0.0771861 0.44783 0.0772646 0.0514265 9.9991E-05 0.0907944 0.0547631
9.9973E-05 0.000707496 9.9973E-05 0.966392 0.00514868 0.000128564 0.00806123 0.00848458 9.9973E-05 0.00916923 0.00160781
0.0861946 0.0424652 0.0353913 0.0601423 0.106257 0.342029 0.0626979 0.0852463 0.0269438 0.0766343 0.0759976
0.0974974 0.0509897 0.0523142 0.0241304 0.0497306 0.511313 0.0509388 0.0736802 0.034498 0.0133318 0.0415762
0.0212101 0.0414165 0.029599 0.0100264 0.0348773 0.741389 0.0182954 0.0516978 9.9991E-05 0.0330186 0.0183696
0.0370083 0.0185237 0.0169872 0.00456264 0.0402849 0.772989 0.0442253 0.0327383 0.000151245 0.0143264 0.018203
9.99101E-05 9.99101E-05 9.99101E-05 9.99101E-05 0.999001 9.99101E-05 9.99101E-05 9.99101E-05 9.99101E-05 9.99101E-05 9.99101E-05
0.0541592 0.0467959 0.0666275 0.0527725 0.0791109 0.402692 0.0772955 0.0522161 0.027487 0.0729307 0.0679131
0.818078 0.0249064 0.0268566 0.0234662 0.0232832 0.0204276 0.00346163 0.00442346 0.00757826 0.0181745 0.0293446
9.9919E-05 9.9919E-05 9.9919E-05 9.9919E-05 9.9919E-05 0.996332 9.9919E-05 9.9919E-05 9.9919E-05 9.9919E-05 0.00276829
0.999001 9.99101E-05 9.99101E-05 9.99101E-05 9.99101E-05 9.99101E-05 9.99101E-05 9.99101E-05 9.99101E-05 9.99101E-05 9.99101E-05
9.9919E-05 0.00968186 9.9919E-05 9.9919E-05 9.9919E-05 0.989419 9.9919E-05 9.9919E-05 9.9919E-05 9.9919E-05 9.9919E-05
0.0106376 9.9973E-05 0.960768 0.00167562 0.00105596 9.9973E-05 9.9973E-05 0.00332564 0.00840842 0.0104687 0.00336034
9.9919E-05 0.00414138 0.994959 9.9919E-05 9.9919E-05 9.9919E-05 9.9919E-05 9.9919E-05 9.9919E-05 9.9919E-05 9.9919E-05
9.99101E-05 9.99101E-05 9.99101E-05 9.99101E-05 9.99101E-05 9.99101E-05 9.99101E-05 9.99101E-05 9.99101E-05 9.99101E-05 0.999001
9.99101E-05 9.99101E-05 9.99101E-05 9.99101E-05 9.99101E-05 9.99101E-05 9.99101E-05 9.99101E-05 9.99101E-05 9.99101E-05 0.999001
9.9955E-05 0.976578 9.9955E-05 0.00349118 0.00425321 9.9955E-05 9.9955E-05 9.9955E-05 0.00514929 0.00101905 0.00900906
9.9964E-05 0.00368671 9.9964E-05 0.00331908 9.9964E-05 0.00479606 0.969969 9.9964E-05 0.00797335 0.00422039 0.00563579
0.0523903 0.0459408 0.0406893 0.00977677 0.051454 0.190184 0.0304316 0.326479 0.18344 0.0233981 0.0458159
0.00237629 0.0062929 9.9964E-05 0.0071536 0.00848794 9.9964E-05 0.967083 0.00294673 9.9964E-05 9.9964E-05 0.00525923
0.00472256 9.9937E-05 9.9937E-05 0.982043 9.9937E-05 9.9937E-05 9.9937E-05 0.00855851 9.9937E-05 9.9937E-05 0.00397617
0.134748 0.0205585 0.0566192 0.0391197 0.0465947 0.541841 0.0305555 0.0319266 0.0351241 0.0266602 0.0362524
0.0847652 0.0532456 0.0424978 0.0663221 0.109509 0.325758 0.0608105 0.0733472 0.0168579 0.0754725 0.0914146
0.0832234 0.0623367 0.0614774 0.0333957 0.0356822 0.462723 0.0684292 0.0642137 0.0444384 0.0539389 0.0301412
0.00491159 0.0453006 0.0394163 0.0175234 0.0163453 0.754248 0.0165781 0.0490546 0.0053465 0.0332283 0.0180473
0.0324099 0.0355869 0.0292655 0.0281319 0.056674 0.678391 0.0535358 0.0294538 0.038905 0.00893753 0.00870872
9.99101E-05 9.99101E-05 9.99101E-05 9.99101E-05 9.99101E-05 9.99101E-05 9.99101E-05 9.99101E-05 9.99101E-05 0.999001 9.99101E-05
9.99101E-05 9.99101E-05 9.99101E-05 9.99101E-05 0.999001 9.99101E-05 9.99101E-05 9.99101E-05 9.99101E-05 9.99101E-05 9.99101E-05
0.0378199 0.0600552 0.0375307 0.0401935 0.0864451 0.44114 0.0911279 0.0639223 0.00213738 0.0981385 0.0414892
0.85003 0.021439 0.0145032 0.0166898 0.0218173 0.0334011 0.000172112 9.9991E-05 0.00195609 0.00963764 0.0302539
9.99101E-05 9.99101E-05 9.99101E-05 9.99101E-05 9.99101E-05 0.999001 9.99101E-05 9.99101E-05 9.99101E-05 9.99101E-05 9.99101E-05
0.999001 9.99101E-05 9.99101E-05 9.99101E-05 9.99101E-05 9.99101E-05 9.99101E-05 9.99101E-05 9.99101E-05 9.99101E-05 9.99101E-05
9.9937E-05 0.00997691 9.9937E-05 9.9937E-05 0.00201421 0.984519 9.9937E-05 9.9937E-05 0.00279075 9.9937E-05 9.9937E-05
9.9928E-05 9.9928E-05 0.99454 9.9928E-05 0.000475547 9.9928E-05 9.9928E-05 9.9928E-05 0.00418471 9.9928E-05 9.9928E-05
9.9946E-05 9.9946E-05 0.00474935 0.00818243 0.0255182 9.9946E-05 9.9946E-05 9.9946E-05 9.9946E-05 0.00578413 0.955166
9.99101E-05 0.999001 9.99101E-05 9.99101E-05 9.99101E-05 9.99101E-05 9.99101E-05 9.99101E-05 9.99101E-05 9.99101E-05 9.99101E-05
0.00403202 0.489415 0.0489223 0.0180614 0.0269172 0.24799 0.0367468 0.0222722 0.0194148 0.0261902 0.0600377
0.0460736 0.0336221 0.0638747 0.029671 0.049628 0.281052 0.0371965 0.185877 0.16009 0.0492596 0.0636561
9.99101E-05 9.99101E-05 9.99101E-05 9.99101E-05 9.99101E-05 9.99101E-05 0.999001 9.99101E-05 9.99101E-05 9.99101E-05 9.99101E-05
9.99101E-05 9.99101E-05 9.99101E-05 9.99101E-05 9.99101E-05 9.99101E-05 9.99101E-05 9.99101E-05 0.999001 9.99101E-05 9.99101E-05
0.0230917 0.000191028 0.0113264 0.0133895 0.00942676 0.0403439 0.852159 0.0130411 0.0145283 0.0039068 0.0185958
9.99101E-05 9.99101E-05 9.99101E-05 0.999001 9.99101E-05 9.99101E-05 9.99101E-05 9.99101E-05 9.99101E-05 9.99101E-05 9.99101E-05
0.121176 0.0523307 0.0510061 0.0432899 0.0686402 0.468883 0.0449386 0.0405759 0.0321136 0.0171981 0.0598479
0.0939843 0.0496689 0.0488813 0.0607894 0.0915961 0.330115 0.0693707 0.0518934 0.048481 0.066481 0.0887394
0.0834682 0.0494017 0.0553334 0.0456178 0.0702028 0.494757 0.0476762 0.0150746 0.0427006 0.0472949 0.0484729
0.0472023 0.0385958 0.0142628 0.022135 0.0371367 0.74589 0.023402 0.00690328 0.0369709 0.0274011 9.9991E-05
0.00638128 0.00683609 0.027698 0.0249304 0.00955943 0.847288 0.0301222 0.0228803 0.021608 9.9991E-05 0.00259598
9.99101E-05 9.99101E-05 9.99101E-05 9.99101E-05 9.99101E-05 9.99101E-05 9.99101E-05 9.99101E-05 9.99101E-05 0.999001 9.99101E-05
0.0214819 0.0195267 0.0225318 0.00792638 0.849905 0.0144411 0.0168654 0.00364331 0.0155877 0.0013977 0.0266927
0.0431824 0.0577698 0.0328559 0.0392131 0.0893336 0.451928 0.0731251 0.0591783 0.0119251 0.106866 0.0346229
0.794381 0.0319002 0.00986545 0.0280584 0.0236259 0.0321229 0.0192766 9.9991E-05 0.0127498 0.0215643 0.0263551
9.99189E-05 9.99189E-05 9.99189E-05 9.99189E-05 9.99189E-05 0.990758 9.99189E-05 9.99189E-05 9.99189E-05 9.99189E-05 0.00834278
0.999001 9.99101E-05 9.99101E-05 9.99101E-05 9.99101E-05 9.99101E-05 9.99101E-05 9.99101E-05 9.99101E-05 9.99101E-05 9.99101E-05
9.99101E-05 9.99101E-05 0.999001 9.99101E-05 9.99101E-05 9.99101E-05 9.99101E-05 9.99101E-05 9.99101E-05 9.99101E-05 9.99101E-05
