9.995E-05 9.995E-05 9.995E-05 9.995E-05 9.995E-05 0.9994 9.995E-05
0.952285 9.9964E-05 9.9964E-05 0.0442033 9.9964E-05 0.00311222 9.9964E-05
0.956464 9.99814E-05 0.000750824 0.040673 9.99814E-05 0.00181172 9.99814E-05
9.995E-05 9.995E-05 9.995E-05 9.995E-05 9.995E-05 9.995E-05 0.9994
9.995E-05 9.995E-05 9.995E-05 9.995E-05 9.995E-05 9.995E-05 0.9994
0.0732388 0.0388791 0.067405 0.304128 0.402074 0.071207 0.0430679
9.995E-05 9.995E-05 0.9994 9.995E-05 9.995E-05 9.995E-05 9.995E-05
9.995E-05 9.995E-05 9.995E-05 9.995E-05 0.9994 9.995E-05 9.995E-05
0.0444908 0.124324 0.0784238 0.548124 0.0809063 0.0745742 0.0491571
9.995E-05 9.995E-05 9.995E-05 0.9994 9.995E-05 9.995E-05 9.995E-05
0.0654459 0.106858 0.0855102 0.493349 0.0884151 0.0718302 0.0885923
0.0999643 0.103337 0.076489 0.490747 0.112014 0.0590676 0.0583808
0.012373 0.033375 0.0652204 0.770808 0.0486953 0.0273299 0.0421988
9.99935E-05 0.0572837 0.0560692 0.837371 0.0262698 0.00457866 0.0183279
0.0306906 0.0243311 0.539839 0.346123 0.023094 0.0168186 0.0191037
0.0425631 0.0506989 0.0328047 0.741307 0.0806163 0.00492221 0.047088
0.0692768 0.0601575 0.033406 0.704076 0.0758679 9.9991E-05 0.0571157
0.0736487 0.0745054 0.0960123 0.539248 0.0761427 0.0664589 0.0739837
0.0420114 0.792963 0.0051459 0.0948468 0.0154351 0.0358494 0.013748
0.0597018 0.081925 0.0596227 0.656115 0.0415196 0.0443652 0.0567509
0.000393043 0.984427 0.0120144 9.9991E-05 0.00108092 0.00130935 0.000674948
0.0183356 0.0546192 0.0315888 0.790414 0.0410348 0.013074 0.050934
0.00327979 0.000300724 0.0155856 0.0448777 0.00438493 0.921169 0.0104022
0.9994 9.995E-05 9.995E-05 9.995E-05 9.995E-05 9.995E-05 9.995E-05
0.927573 0.00255091 0.0137047 0.0447117 9.9982E-05 0.01126 9.9982E-05
9.995E-05 9.995E-05 9.995E-05 9.995E-05 9.995E-05 9.995E-05 0.9994
9.995E-05 9.995E-05 0.9994 9.995E-05 9.995E-05 9.995E-05 9.995E-05
9.995E-05 9.995E-05 9.995E-05 9.995E-05 0.9994 9.995E-05 9.995E-05
0.0108341 0.00284729 0.922634 0.0352755 0.00750092 0.0184751 0.00243364
9.995E-05 9.995E-05 9.995E-05 9.995E-05 0.9994 9.995E-05 9.995E-05
0.00781641 0.133669 0.0706748 0.588009 0.0929089 0.0518783 0.0550441
9.995E-05 9.995E-05 9.995E-05 0.9994 9.995E-05 9.995E-05 9.995E-05
0.0972871 0.10875 0.117072 0.404777 0.0931148 0.089392 0.0896071
9.999E-05 0.0419125 0.0699589 0.766939 0.0451231 0.027147 0.0488199
9.999E-05 0.0643907 0.0582473 0.825462 0.0175215 0.00930926 0.0249697
0.0634375 0.094631 0.0625249 0.614349 0.0564898 0.0581078 0.0504595
0.0354616 0.0647179 0.0235861 0.75754 0.0622515 0.0104182 0.0460246
0.0472817 0.0834968 0.0692909 0.59273 0.10601 0.0359997 0.0651905
0.0260215 0.0533217 0.0372606 0.793532 0.0400589 0.0191629 0.0306428
9.995E-05 0.9994 9.995E-05 9.995E-05 9.995E-05 9.995E-05 9.995E-05
0.0537669 0.0753777 0.0503816 0.656121 0.0676011 0.0434653 0.0532861
9.995E-05 9.995E-05 9.995E-05 9.995E-05 9.995E-05 0.9994 9.995E-05
9.9973E-05 9.9973E-05 0.0101432 0.0302069 9.9973E-05 0.954256 0.00509405
0.9994 9.995E-05 9.995E-05 9.995E-05 9.995E-05 9.995E-05 9.995E-05
0.889417 0.00574811 0.011052 0.0623285 0.0209861 0.00669503 0.00377329
9.995E-05 9.995E-05 9.995E-05 9.995E-05 9.995E-05 9.995E-05 0.9994
9.995E-05 9.995E-05 0.9994 9.995E-05 9.995E-05 9.995E-05 9.995E-05
0.0248775 0.0227925 0.0254494 0.285785 0.591538 0.0282975 0.0212605
9.995E-05 9.995E-05 0.9994 9.995E-05 9.995E-05 9.995E-05 9.995E-05
0.0198596 9.9991E-05 0.0304875 0.283679 0.603568 0.0416776 0.0206277
0.0236132 0.113193 0.0799603 0.570604 0.0798591 0.071246 0.0615239
9.995E-05 9.995E-05 9.995E-05 0.9994 9.995E-05 9.995E-05 9.995E-05
0.0503128 0.132056 0.0684615 0.533888 0.0818356 0.0617854 0.0716606
0.0118187 0.0393913 0.0629262 0.742596 0.0634843 0.0289369 0.0508469
0.010347 0.0689575 0.0447113 0.776684 0.0416669 0.024097 0.0335359
0.0583826 0.0661639 0.0806354 0.546503 0.0890663 0.078216 0.0810332
0.0418783 0.0773109 0.0202707 0.746507 0.0723268 9.9991E-05 0.0416059
0.0620569 0.408198 0.0449321 0.330629 0.0513297 0.0489382 0.0539161
0.0596646 0.0612414 0.0417398 0.726767 0.0475864 0.0272596 0.0357415
9.995E-05 0.9994 9.995E-05 9.995E-05 9.995E-05 9.995E-05 9.995E-05
0.0178605 0.0399017 0.0240296 0.853712 0.0241889 0.0165384 0.0237694
0.011853 9.9964E-05 9.9964E-05 9.9964E-05 0.00359358 0.984154 9.9964E-05
9.9973E-05 9.9973E-05 0.00642425 0.0259196 9.9973E-05 0.946351 0.021005
0.9994 9.995E-05 9.995E-05 9.995E-05 9.995E-05 9.995E-05 9.995E-05
0.568514 0.0379723 0.037911 0.215758 0.0698338 0.0346128 0.0353982
0.00210045 9.99978E-05 0.00246232 0.0129146 0.00818794 0.00684821 0.967387
0.00605347 9.9982E-05 0.9806 0.00605956 0.00210484 0.00498263 9.9982E-05
0.0131063 9.9964E-05 9.9964E-05 9.9964E-05 0.985407 0.00108676 9.9964E-05
0.0192004 0.0143116 0.851118 0.0702222 0.0246651 0.0168955 0.00358714
0.0142928 0.00741235 0.0205528 0.270409 0.636851 0.037734 0.0127472
0.0351771 0.13374 0.0723876 0.538556 0.0926451 0.069867 0.057627
9.995E-05 9.995E-05 9.995E-05 0.9994 9.995E-05 9.995E-05 9.995E-05
0.0486453 0.136318 0.0722362 0.52623 0.0777039 0.0736389 0.0652279
0.0396402 0.0783032 0.0740935 0.627126 0.0660166 0.0535203 0.0613
9.9991E-05 0.0652844 0.0549639 0.809569 0.0414995 0.00469219 0.0238908
0.0730102 0.0578887 0.0280533 0.700488 0.0767694 0.0093283 0.0544623
0.068809 0.0615112 0.0749934 0.587096 0.0612135 0.0621367 0.0842404
0.083041 0.361597 0.0515633 0.318747 0.0577678 0.0648155 0.0624683
0.044914 0.0428991 0.0448966 0.76059 0.0487793 0.0209831 0.0369377
9.995E-05 0.9994 9.995E-05 9.995E-05 9.995E-05 9.995E-05 9.995E-05
0.0517191 0.0667772 0.0410656 0.708802 0.0535139 0.0281003 0.0500219
9.995E-05 9.995E-05 9.995E-05 9.995E-05 9.995E-05 0.9994 9.995E-05
9.995E-05 9.995E-05 9.995E-05 9.995E-05 9.995E-05 0.9994 9.995E-05
0.9994 9.995E-05 9.995E-05 9.995E-05 9.995E-05 9.995E-05 9.995E-05
0.569832 0.0372794 0.0362761 0.238058 0.0557728 0.0315376 0.0312442
0.0204759 0.0292569 0.0185541 0.0642034 0.0124962 0.0067477 0.848266
9.995E-05 9.995E-05 0.9994 9.995E-05 9.995E-05 9.995E-05 9.995E-05
9.995E-05 9.995E-05 9.995E-05 9.995E-05 0.9994 9.995E-05 9.995E-05
0.0357456 0.0280176 0.748642 0.095742 0.0313589 0.0387965 0.0216976
0.0145629 9.9991E-05 0.0279304 0.262351 0.650552 0.0323266 0.0121778
0.0306227 0.129234 0.0719794 0.555048 0.0894724 0.0651296 0.0585142
9.995E-05 9.995E-05 9.995E-05 0.9994 9.995E-05 9.995E-05 9.995E-05
0.0915977 0.109245 0.0868084 0.514458 0.0798613 0.053915 0.0641153
0.0339968 0.146185 0.0491456 0.578684 0.0741314 0.0567247 0.0611324
0.046094 0.0653845 0.0596725 0.670271 0.0439867 0.0469553 0.0676364
0.016902 0.0840889 0.0690718 0.67994 0.0481193 0.0454149 0.0564632
0.0810452 0.0590901 0.054184 0.576939 0.120582 0.0392033 0.0689566
0.0592405 0.0691046 0.0779159 0.559877 0.0690819 0.0715564 0.093224
0.0349078 0.839244 0.00426611 0.0839843 9.9991E-05 0.0182059 0.0192918
0.0295131 0.0498837 0.044042 0.777887 0.0431243 0.025464 0.0300859
0.0112777 0.939499 0.0125582 0.0246 0.00672811 0.00330116 0.00203566
9.9991E-05 0.0528841 0.0416231 0.828449 0.0216785 0.00608297 0.0491821
0.0135773 0.00426832 9.99868E-05 0.00266971 0.016408 0.962877 9.99868E-05
9.995E-05 9.995E-05 9.995E-05 9.995E-05 9.995E-05 0.9994 9.995E-05
0.9994 9.995E-05 9.995E-05 9.995E-05 9.995E-05 9.995E-05 9.995E-05
0.918262 0.000741655 0.00271646 0.0624255 0.00484003 0.00788295 0.00313187
9.995E-05 9.995E-05 9.995E-05 9.995E-05 9.995E-05 9.995E-05 0.9994
9.995E-05 9.995E-05 0.9994 9.995E-05 9.995E-05 9.995E-05 9.995E-05
9.995E-05 9.995E-05 9.995E-05 9.995E-05 0.9994 9.995E-05 9.995E-05
9.995E-05 9.995E-05 0.9994 9.995E-05 9.995E-05 9.995E-05 9.995E-05
0.0171677 9.9991E-05 0.0264278 0.273984 0.643983 0.020318 0.0180202
0.0536871 0.0666737 0.10294 0.606142 0.0432826 0.0671934 0.060081
9.995E-05 9.995E-05 9.995E-05 0.9994 9.995E-05 9.995E-05 9.995E-05
0.0926419 0.113464 0.0817789 0.52131 0.0849116 0.0426718 0.0632218
0.0565388 0.139816 0.0862812 0.496355 0.0890347 0.0518637 0.0801113
0.0376438 0.0623756 0.0556552 0.689084 0.0518119 0.0424213 0.0610087
0.0270541 0.0910136 0.0693526 0.676595 0.0565193 0.031533 0.0479329
0.0589528 0.0390385 0.0227655 0.742292 0.0761063 0.00268979 0.0581553
0.0766995 0.0714116 0.101729 0.548882 0.0622532 0.0694353 0.069589
0.0283466 0.824227 9.9991E-05 0.0848305 0.0206498 0.021348 0.0204983
0.0358279 0.0368824 0.0387478 0.825761 0.0228565 0.00855268 0.0313718
9.995E-05 0.9994 9.995E-05 9.995E-05 9.995E-05 9.995E-05 9.995E-05
9.9991E-05 0.0537268 0.0336175 0.832025 0.024478 0.0095395 0.0465135
0.0170188 0.00877589 9.9973E-05 9.9973E-05 0.0067121 0.967193 9.9973E-05
9.9955E-05 9.9955E-05 9.9955E-05 9.9955E-05 9.9955E-05 0.994987 0.00451326
0.9994 9.995E-05 9.995E-05 9.995E-05 9.995E-05 9.995E-05 9.995E-05
0.9994 9.995E-05 9.995E-05 9.995E-05 9.995E-05 9.995E-05 9.995E-05
0.0120826 9.9982E-05 0.00211412 9.9982E-05 0.00533412 0.00884867 0.971421
0.0115921 9.9973E-05 0.968732 9.9973E-05 0.0111484 9.9973E-05 0.00822726
0.0457786 0.061123 0.05966 0.30063 0.40819 0.064728 0.0598901
0.00624844 0.0019751 0.963249 0.0234367 0.00130968 9.9991E-05 0.00368087
9.995E-05 9.995E-05 9.995E-05 0.9994 9.995E-05 9.995E-05 9.995E-05
0.0415658 0.153161 0.0588258 0.557743 0.0802182 0.0600448 0.0484408
0.0953283 0.105788 0.0918123 0.520727 0.0749413 0.0513853 0.0600177
0.037922 0.10609 0.0933262 0.501852 0.11147 0.0617009 0.0876392
0.0289288 0.0488544 0.0683723 0.67902 0.0549478 0.0520626 0.0678139
0.0198658 0.0801321 0.082291 0.627285 0.0799916 0.0416969 0.0687372
0.0501451 0.077666 0.0278451 0.719636 0.0725278 0.00541448 0.0467655
0.0664128 0.0469555 0.0269479 0.714116 0.0923513 0.0108595 0.0423573
0.0471035 0.0595177 0.109231 0.595437 0.0674272 0.0460415 0.0752424
0.0229829 0.853192 9.9991E-05 0.078042 0.0110403 0.0185325 0.0161108
0.0185594 0.0395185 0.0314912 0.875148 0.0160828 9.9991E-05 0.0191001
9.995E-05 0.9994 9.995E-05 9.995E-05 9.995E-05 9.995E-05 9.995E-05
0.00159619 0.0404228 0.0506488 0.813076 0.0322454 0.0115098 0.0505007
9.9955E-05 9.9955E-05 9.9955E-05 9.9955E-05 0.00313283 0.996367 9.9955E-05
0.963894 9.9964E-05 9.9964E-05 0.0294408 9.9964E-05 0.00626569 9.9964E-05
9.995E-05 9.995E-05 9.995E-05 9.995E-05 9.995E-05 9.995E-05 0.9994
0.079335 0.0313735 0.0430978 0.252107 0.0501679 0.0487339 0.495185
0.0707607 0.0611286 0.0503069 0.381361 0.314728 0.0752163 0.0464977
9.995E-05 9.995E-05 0.9994 9.995E-05 9.995E-05 9.995E-05 9.995E-05
9.995E-05 9.995E-05 9.995E-05 9.995E-05 0.9994 9.995E-05 9.995E-05
0.025128 0.0128477 0.864729 0.0444205 0.0242388 0.0111317 0.0175045
9.995E-05 9.995E-05 9.995E-05 0.9994 9.995E-05 9.995E-05 9.995E-05
0.0568589 0.154573 0.0625069 0.513556 0.0905244 0.0572044 0.0647756
0.0962317 0.106241 0.0804436 0.488923 0.110931 0.051413 0.0658167
0.0478306 0.120871 0.0687877 0.562131 0.0818974 0.0548329 0.0636498
0.00682078 0.0842363 0.0585477 0.677234 0.0820806 0.0317631 0.0593173
0.00630057 0.0597549 0.0698625 0.71132 0.0677116 0.0490239 0.0360265
0.0516796 0.0595687 0.0286683 0.742904 0.0702942 0.00735261 0.0395327
0.0867848 0.0662615 0.0442192 0.62118 0.0748223 0.0313364 0.075396
0.0519229 0.0736409 0.095562 0.604397 0.0673432 0.0430046 0.064129
0.0270665 0.794169 0.018069 0.0938797 0.0204553 0.018188 0.0281728
0.0186752 0.0437913 0.0420471 0.841754 0.019739 0.0119698 0.0220234
9.995E-05 0.9994 9.995E-05 9.995E-05 9.995E-05 9.995E-05 9.995E-05
9.995E-05 9.995E-05 9.995E-05 9.995E-05 9.995E-05 0.9994 9.995E-05
