9.99201E-05 0.999101 9.99201E-05 9.99201E-05 9.99201E-05 9.99201E-05 9.99201E-05 9.99201E-05 9.99201E-05 9.99201E-05
0.943947 0.00622819 0.00531188 9.9964E-05 0.0186555 9.9964E-05 0.0230411 9.9964E-05 9.9964E-05 0.00241674
0.943335 0.000900549 0.016414 9.9964E-05 0.025658 0.00382649 0.00946661 9.9964E-05 9.9964E-05 9.9964E-05
9.99201E-05 9.99201E-05 9.99201E-05 9.99201E-05 9.99201E-05 9.99201E-05 9.99201E-05 9.99201E-05 0.999101 9.99201E-05
9.99201E-05 9.99201E-05 9.99201E-05 9.99201E-05 9.99201E-05 9.99201E-05 9.99201E-05 9.99201E-05 0.999101 9.99201E-05
0.0619758 0.055254 0.107945 0.402186 0.0872943 0.0232945 0.0413958 0.126327 0.0385897 0.0557384
9.99201E-05 9.99201E-05 9.99201E-05 9.99201E-05 9.99201E-05 9.99201E-05 9.99201E-05 9.99201E-05 9.99201E-05 0.999101
9.99201E-05 9.99201E-05 9.99201E-05 0.999101 9.99201E-05 9.99201E-05 9.99201E-05 9.99201E-05 9.99201E-05 9.99201E-05
0.0404663 0.0514593 0.128531 0.0681478 0.0737913 0.0948892 0.00986092 0.433233 0.0442486 0.0553719
0.0114751 9.9946E-05 9.9946E-05 9.9946E-05 9.9946E-05 0.000877566 0.981266 9.9946E-05 0.00578142 9.9946E-05
0.0485957 0.0686753 0.142035 0.0824488 0.111288 0.0949489 0.0499594 0.259481 0.0698896 0.072678
0.0917513 0.0552756 0.16706 0.0713551 0.178273 0.0898322 0.0576086 0.167869 0.042759 0.0782164
9.99369E-05 9.99369E-05 0.00935743 0.00312998 9.99369E-05 9.99369E-05 9.99369E-05 0.986813 9.99369E-05 9.99369E-05
9.99201E-05 9.99201E-05 9.99201E-05 9.99201E-05 9.99201E-05 9.99201E-05 9.99201E-05 0.999101 9.99201E-05 9.99201E-05
0.0283921 0.0105811 0.0825167 0.00622764 0.149143 9.9991E-05 0.0285726 0.138159 0.0207727 0.535535
9.99201E-05 9.99201E-05 9.99201E-05 9.99201E-05 0.999101 9.99201E-05 9.99201E-05 9.99201E-05 9.99201E-05 9.99201E-05
0.0207708 9.9946E-05 9.9946E-05 0.00272004 0.966581 9.9946E-05 9.9946E-05 9.9946E-05 0.00932858 9.9946E-05
0.0704158 0.0615621 0.185381 0.0461822 0.192955 0.0545472 0.032752 0.212092 0.0552993 0.0888138
0.0349338 0.0266432 0.0358115 0.00363675 0.0509914 0.781858 0.0317289 0.00531726 0.0207934 0.00828552
0.032953 0.0368922 0.717262 0.0232762 0.0244094 0.0510785 0.0199851 0.0241444 0.0365382 0.0334615
0.0143214 9.9946E-05 0.00554621 0.00065176 9.9946E-05 0.978881 9.9946E-05 9.9946E-05 9.9946E-05 9.9946E-05
9.9973E-05 0.00583591 0.934409 0.015385 0.00554002 0.00831222 9.9973E-05 0.0144031 0.0158146 9.9973E-05
0.00148659 0.923753 0.0142967 9.9973E-05 9.9973E-05 9.9973E-05 0.00904154 0.0294108 0.0105639 0.011148
0.999101 9.99201E-05 9.99201E-05 9.99201E-05 9.99201E-05 9.99201E-05 9.99201E-05 9.99201E-05 9.99201E-05 9.99201E-05
0.909443 0.00729777 0.00430674 9.9973E-05 0.0381994 9.9973E-05 0.0174005 0.00831397 9.9973E-05 0.0147388
9.99201E-05 9.99201E-05 9.99201E-05 9.99201E-05 9.99201E-05 9.99201E-05 9.99201E-05 9.99201E-05 0.999101 9.99201E-05
9.99201E-05 9.99201E-05 9.99201E-05 9.99201E-05 9.99201E-05 9.99201E-05 9.99201E-05 9.99201E-05 9.99201E-05 0.999101
9.99201E-05 9.99201E-05 9.99201E-05 0.999101 9.99201E-05 9.99201E-05 9.99201E-05 9.99201E-05 9.99201E-05 9.99201E-05
0.00869219 0.0177453 0.0132591 0.000967444 0.00816325 0.011838 0.00542464 9.9991E-05 0.0075618 0.926248
9.99201E-05 9.99201E-05 9.99201E-05 0.999101 9.99201E-05 9.99201E-05 9.99201E-05 9.99201E-05 9.99201E-05 9.99201E-05
0.0158078 0.0452285 0.135372 0.0669643 0.0779825 0.102596 0.00675055 0.471712 0.0433947 0.0341917
9.99201E-05 9.99201E-05 9.99201E-05 9.99201E-05 9.99201E-05 9.99201E-05 0.999101 9.99201E-05 9.99201E-05 9.99201E-05
0.104578 0.1164 0.106452 0.0642149 0.0927466 0.0972925 0.0647505 0.188514 0.0698486 0.0952038
9.99369E-05 9.99369E-05 9.99369E-05 0.00431083 9.99369E-05 9.99369E-05 9.99369E-05 0.992613 9.99369E-05 0.00237657
9.99201E-05 9.99201E-05 9.99201E-05 9.99201E-05 9.99201E-05 9.99201E-05 9.99201E-05 0.999101 9.99201E-05 9.99201E-05
0.0521979 0.0582381 0.159734 0.0341381 0.255125 0.0623059 0.0550314 0.231746 0.0405775 0.0509057
9.99201E-05 9.99201E-05 9.99201E-05 9.99201E-05 0.999101 9.99201E-05 9.99201E-05 9.99201E-05 9.99201E-05 9.99201E-05
0.0201494 0.0294175 0.121679 0.058912 0.505786 0.0539109 0.0278485 0.0985865 0.0401208 0.0435895
9.9955E-05 9.9955E-05 0.971534 0.00110519 9.9955E-05 0.00573543 0.0166421 9.9955E-05 9.9955E-05 0.00448379
9.99201E-05 9.99201E-05 9.99201E-05 9.99201E-05 9.99201E-05 0.999101 9.99201E-05 9.99201E-05 9.99201E-05 9.99201E-05
0.0399838 0.0418656 0.705852 0.0283378 0.0528127 0.0332479 0.00948349 0.040783 0.0272111 0.020423
9.99201E-05 0.999101 9.99201E-05 9.99201E-05 9.99201E-05 9.99201E-05 9.99201E-05 9.99201E-05 9.99201E-05 9.99201E-05
9.9982E-05 0.947101 0.0200197 0.00153409 9.9982E-05 0.000876557 0.000500479 0.00804377 0.0132016 0.00852339
0.999101 9.99201E-05 9.99201E-05 9.99201E-05 9.99201E-05 9.99201E-05 9.99201E-05 9.99201E-05 9.99201E-05 9.99201E-05
0.871089 0.00724094 0.0172889 0.00876614 0.0350526 9.9991E-05 0.0208279 0.0124415 0.00562743 0.0215653
9.99201E-05 9.99201E-05 9.99201E-05 9.99201E-05 9.99201E-05 9.99201E-05 9.99201E-05 9.99201E-05 0.999101 9.99201E-05
9.9928E-05 9.9928E-05 9.9928E-05 9.9928E-05 9.9928E-05 0.00299805 9.9928E-05 9.9928E-05 9.9928E-05 0.996203
0.0242469 0.0227769 0.0558705 0.568594 0.138644 9.9991E-05 0.0293318 0.119471 0.0160178 0.024947
9.99201E-05 9.99201E-05 9.99201E-05 9.99201E-05 9.99201E-05 9.99201E-05 9.99201E-05 9.99201E-05 9.99201E-05 0.999101
0.0293794 0.0387275 0.034618 0.585603 0.137114 9.9991E-05 0.0297895 0.109325 0.0151597 0.0201845
0.0304842 0.0535934 0.142842 0.0702664 0.0798582 0.0854503 0.0273382 0.418303 0.0413275 0.0505364
9.9955E-05 9.9955E-05 9.9955E-05 0.0131675 9.9955E-05 0.00116718 0.973377 9.9955E-05 0.00827356 0.00351476
0.0431179 0.0659698 0.159865 0.069877 0.100615 0.115249 0.0439382 0.303009 0.0560998 0.042259
9.99369E-05 0.0085413 9.99369E-05 0.0140435 9.99369E-05 9.99369E-05 9.99369E-05 0.976716 9.99369E-05 9.99369E-05
0.000233143 9.99279E-05 9.99279E-05 9.99279E-05 9.99279E-05 9.99279E-05 9.99279E-05 0.998967 9.99279E-05 9.99279E-05
0.0507404 0.0594786 0.168526 0.0525784 0.208425 0.035284 0.0638494 0.227408 0.0658844 0.067826
9.99201E-05 9.99201E-05 9.99201E-05 9.99201E-05 0.999101 9.99201E-05 9.99201E-05 9.99201E-05 9.99201E-05 9.99201E-05
0.0713048 0.0416099 0.0971906 0.040912 0.0571827 0.403096 0.0419649 0.156754 0.0476348 0.0423501
0.0366602 0.00786883 0.857154 0.0162016 0.0229579 0.0131405 0.02272 9.9991E-05 0.00651976 0.0166772
9.99201E-05 9.99201E-05 9.99201E-05 9.99201E-05 9.99201E-05 0.999101 9.99201E-05 9.99201E-05 9.99201E-05 9.99201E-05
9.99201E-05 9.99201E-05 0.999101 9.99201E-05 9.99201E-05 9.99201E-05 9.99201E-05 9.99201E-05 9.99201E-05 9.99201E-05
0.0148301 0.973953 9.9946E-05 0.00879535 9.9946E-05 9.9946E-05 0.00182182 9.9946E-05 9.9946E-05 9.9946E-05
9.9955E-05 0.944917 0.021856 9.9955E-05 9.9955E-05 9.9955E-05 9.9955E-05 0.0154702 0.00999999 0.00725675
0.999101 9.99201E-05 9.99201E-05 9.99201E-05 9.99201E-05 9.99201E-05 9.99201E-05 9.99201E-05 9.99201E-05 9.99201E-05
0.567305 0.0353111 0.0831174 0.0588411 0.064647 0.038366 0.0329412 0.0704243 0.0275431 0.0215038
0.00556034 0.00405837 0.00866021 0.000556219 0.0116233 9.9982E-05 0.00439533 9.9982E-05 0.9626 0.00234597
0.00368956 9.9964E-05 9.9964E-05 0.0023169 0.0124822 0.00438542 0.000311412 9.9964E-05 9.9964E-05 0.976415
0.00595805 0.000575462 9.9946E-05 0.988686 9.9946E-05 0.00418129 9.9946E-05 9.9946E-05 9.9946E-05 9.9946E-05
0.0202053 0.0231309 0.0216663 0.0153166 0.0100987 0.0141528 0.0184403 0.00450691 0.0219803 0.850502
0.0131621 0.0242472 0.0354562 0.615211 0.134124 9.9991E-05 0.0242667 0.126271 0.0116181 0.0155436
0.0327679 0.0653624 0.149594 0.0676067 0.0861062 0.0999214 0.0145817 0.385966 0.047371 0.0507231
9.99201E-05 9.99201E-05 9.99201E-05 9.99201E-05 9.99201E-05 9.99201E-05 0.999101 9.99201E-05 9.99201E-05 9.99201E-05
0.0374396 0.0699355 0.123196 0.0474334 0.0788975 0.108976 0.0517903 0.359925 0.0655584 0.0568484
0.0210079 0.0450116 0.0809751 0.0240149 0.057992 0.0353003 0.0295653 0.642426 0.0295538 0.0341538
9.99201E-05 9.99201E-05 9.99201E-05 9.99201E-05 9.99201E-05 9.99201E-05 9.99201E-05 0.999101 9.99201E-05 9.99201E-05
0.0190728 0.00388624 0.0152416 9.9964E-05 0.949285 9.9964E-05 9.9964E-05 9.9964E-05 0.00948671 0.0026279
0.0522416 0.0639665 0.167982 0.0367344 0.199394 0.0396978 0.0743447 0.22357 0.0740533 0.0680154
0.0766782 0.0645629 0.110409 0.0558235 0.0636582 0.358023 0.0493023 0.145651 0.0401323 0.0357599
0.028892 0.0107342 0.913472 0.00743539 9.9982E-05 0.016719 0.000946247 9.9982E-05 0.0099265 0.011675
9.99201E-05 9.99201E-05 9.99201E-05 9.99201E-05 9.99201E-05 0.999101 9.99201E-05 9.99201E-05 9.99201E-05 9.99201E-05
0.0275698 0.0174477 0.764162 0.0297196 0.0602033 0.0328857 9.9982E-05 0.0535402 0.0142721 9.9982E-05
9.99201E-05 0.999101 9.99201E-05 9.99201E-05 9.99201E-05 9.99201E-05 9.99201E-05 9.99201E-05 9.99201E-05 9.99201E-05
9.99201E-05 0.999101 9.99201E-05 9.99201E-05 9.99201E-05 9.99201E-05 9.99201E-05 9.99201E-05 9.99201E-05 9.99201E-05
0.999101 9.99201E-05 9.99201E-05 9.99201E-05 9.99201E-05 9.99201E-05 9.99201E-05 9.99201E-05 9.99201E-05 9.99201E-05
0.576358 0.0329829 0.0894805 0.0349295 0.0723846 0.0371314 0.0322237 0.0654456 0.0230167 0.0360473
0.0164667 0.01266 0.0346505 0.0122651 0.000255921 0.0229389 0.0212912 0.020375 0.844872 0.0142249
9.99201E-05 9.99201E-05 9.99201E-05 9.99201E-05 9.99201E-05 9.99201E-05 9.99201E-05 9.99201E-05 9.99201E-05 0.999101
9.99201E-05 9.99201E-05 9.99201E-05 0.999101 9.99201E-05 9.99201E-05 9.99201E-05 9.99201E-05 9.99201E-05 9.99201E-05
0.0322917 0.028245 0.0470424 0.0247279 0.0212925 0.0246299 0.0341813 0.036208 0.0195974 0.731784
0.0147371 0.0260625 0.0418283 0.624839 0.137981 9.9991E-05 0.030199 0.106036 0.00601639 0.0122005
0.0215275 0.0503079 0.146776 0.059614 0.0831334 0.100438 0.0290074 0.426625 0.0420048 0.0405657
9.99201E-05 9.99201E-05 9.99201E-05 9.99201E-05 9.99201E-05 9.99201E-05 0.999101 9.99201E-05 9.99201E-05 9.99201E-05
0.0832765 0.0495388 0.138464 0.0544418 0.248015 0.0851624 0.0534496 0.180498 0.05129 0.055864
0.0344895 0.04531 0.109444 0.0579807 0.0919909 0.111966 0.0529684 0.406849 0.0548797 0.0341225
0.041652 0.0266993 0.127704 0.00754391 0.0804013 0.024288 0.0199491 0.62405 0.0364678 0.011245
0.007909 0.0274523 0.0130727 0.0148561 0.0309926 0.0211716 0.0362651 0.801986 0.0222227 0.0240719
0.0505882 0.0383479 0.0479506 0.04735 0.58512 0.0240583 0.0200027 0.115764 0.0331252 0.0376934
0.0691722 0.0562133 0.167766 0.0427056 0.202299 0.0476034 0.0672924 0.213749 0.0671251 0.0660742
0.022033 0.0135563 0.0264286 0.00535891 0.0445277 0.8282 0.0192626 9.9991E-05 0.0325881 0.00794513
0.0157608 0.0114391 0.942949 9.9955E-05 9.9955E-05 9.9955E-05 0.0160763 9.9955E-05 9.9955E-05 0.0132747
0.00403808 0.011114 0.00403796 0.00774567 0.0209 0.928007 9.9991E-05 0.00514487 0.00588137 0.0130315
9.99201E-05 9.99201E-05 0.999101 9.99201E-05 9.99201E-05 9.99201E-05 9.99201E-05 9.99201E-05 9.99201E-05 9.99201E-05
0.00118586 0.945818 9.9964E-05 0.0103926 0.0176514 0.0177116 0.00684084 9.9964E-05 9.9964E-05 9.9964E-05
9.99201E-05 0.999101 9.99201E-05 9.99201E-05 9.99201E-05 9.99201E-05 9.99201E-05 9.99201E-05 9.99201E-05 9.99201E-05
0.999101 9.99201E-05 9.99201E-05 9.99201E-05 9.99201E-05 9.99201E-05 9.99201E-05 9.99201E-05 9.99201E-05 9.99201E-05
0.919708 0.0068039 0.00407897 9.9973E-05 0.0330349 9.9973E-05 0.00929068 9.9973E-05 0.0146536 0.0121303
9.99201E-05 9.99201E-05 9.99201E-05 9.99201E-05 9.99201E-05 9.99201E-05 9.99201E-05 9.99201E-05 0.999101 9.99201E-05
9.99201E-05 9.99201E-05 9.99201E-05 9.99201E-05 9.99201E-05 9.99201E-05 9.99201E-05 9.99201E-05 9.99201E-05 0.999101
9.99201E-05 9.99201E-05 9.99201E-05 0.999101 9.99201E-05 9.99201E-05 9.99201E-05 9.99201E-05 9.99201E-05 9.99201E-05
9.99201E-05 9.99201E-05 9.99201E-05 9.99201E-05 9.99201E-05 9.99201E-05 9.99201E-05 9.99201E-05 9.99201E-05 0.999101
0.0193126 0.0261467 0.0338469 0.625336 0.118511 9.9991E-05 0.0302514 0.122669 0.0153898 0.00843655
0.0496384 0.0627759 0.163845 0.0312269 0.202834 0.0506088 0.06029 0.251653 0.0458059 0.0813222
9.9973E-05 0.00585581 0.00218919 9.9973E-05 0.00684218 9.9973E-05 0.977708 0.000123069 0.00052176 0.00646049
0.0814771 0.0387053 0.131701 0.0533479 0.241267 0.0958252 0.0649431 0.174988 0.0531981 0.0645469
0.0619851 0.047737 0.151448 0.0703782 0.103143 0.0939397 0.0360664 0.316716 0.0548861 0.0637011
0.0311534 0.0365597 0.111576 0.0106694 0.0844131 0.0124018 0.0190437 0.648822 0.0381376 0.00722276
0.014776 0.0184226 0.0395461 0.0125305 0.0581316 0.0326058 0.0147236 0.776269 0.0148904 0.0181046
9.9937E-05 9.9937E-05 9.9937E-05 9.9937E-05 0.994092 9.9937E-05 9.9937E-05 0.00234351 0.00286483 9.9937E-05
0.0690865 0.0655585 0.152034 0.0445952 0.186494 0.0594125 0.0616619 0.21944 0.0674202 0.0742975
0.0314386 0.0145514 0.0163963 0.00907552 0.045614 0.81905 0.0180385 0.0104748 0.0214855 0.0138752
9.99201E-05 9.99201E-05 0.999101 9.99201E-05 9.99201E-05 9.99201E-05 9.99201E-05 9.99201E-05 9.99201E-05 9.99201E-05
9.99201E-05 9.99201E-05 9.99201E-05 9.99201E-05 9.99201E-05 0.999101 9.99201E-05 9.99201E-05 9.99201E-05 9.99201E-05
9.9937E-05 9.9937E-05 0.993628 9.9937E-05 9.9937E-05 9.9937E-05 9.9937E-05 0.00295002 0.0027229 9.9937E-05
0.00435736 0.961385 9.9964E-05 0.00411986 0.0184069 0.0107794 9.9964E-05 9.9964E-05 0.000551633 9.9964E-05
9.9937E-05 0.992393 9.9937E-05 9.9937E-05 9.9937E-05 9.9937E-05 9.9937E-05 9.9937E-05 0.00479744 0.00211047
0.999101 9.99201E-05 9.99201E-05 9.99201E-05 9.99201E-05 9.99201E-05 9.99201E-05 9.99201E-05 9.99201E-05 9.99201E-05
0.999101 9.99201E-05 9.99201E-05 9.99201E-05 9.99201E-05 9.99201E-05 9.99201E-05 9.99201E-05 9.99201E-05 9.99201E-05
0.00373056 0.00348437 9.9973E-05 0.0057407 0.0122561 0.00464556 9.9973E-05 9.9973E-05 0.966037 0.00380541
0.00736735 9.9955E-05 9.9955E-05 0.00195373 9.9955E-05 9.9955E-05 9.9955E-05 0.0070923 0.00947434 0.973612
0.0465353 0.0518395 0.105676 0.393875 0.101629 0.0593597 0.0242812 0.124028 0.0497872 0.0429883
0.011878 9.9973E-05 0.0123758 0.00783563 9.9973E-05 9.9973E-05 0.000322533 0.0102352 0.00318717 0.953866
9.9946E-05 0.00574342 0.00321259 0.00179809 9.9946E-05 9.9946E-05 0.988646 9.9946E-05 9.9946E-05 9.9946E-05
0.0379281 0.0622846 0.12985 0.0731258 0.0775381 0.129867 0.0460915 0.370945 0.03306 0.0393099
0.0844878 0.0463716 0.125646 0.0518854 0.251186 0.0801414 0.0752049 0.167508 0.0530296 0.0645394
0.027779 0.0676532 0.139927 0.0802666 0.127754 0.0970486 0.0447304 0.275288 0.0747235 0.0648294
0.0304436 0.0330061 0.0946586 0.0239301 0.0782864 0.00603331 0.0165469 0.67448 0.0367793 0.00583608
0.00801458 0.0247993 0.0620033 0.0568162 0.0505657 0.0395025 0.0383602 0.637451 0.0410364 0.0414514
9.99201E-05 9.99201E-05 9.99201E-05 9.99201E-05 0.999101 9.99201E-05 9.99201E-05 9.99201E-05 9.99201E-05 9.99201E-05
0.00441499 0.00290391 9.9946E-05 9.9946E-05 0.988932 9.9946E-05 9.9946E-05 9.9946E-05 9.9946E-05 0.00314945
0.050077 0.0341081 0.138552 0.0388232 0.251382 0.0438851 0.035406 0.257077 0.0651053 0.085584
0.028153 0.0252617 0.0251864 0.000616105 0.0192909 0.860123 0.0170219 0.00579216 0.0184552 9.9991E-05
9.99201E-05 9.99201E-05 0.999101 9.99201E-05 9.99201E-05 9.99201E-05 9.99201E-05 9.99201E-05 9.99201E-05 9.99201E-05
9.99201E-05 9.99201E-05 9.99201E-05 9.99201E-05 9.99201E-05 0.999101 9.99201E-05 9.99201E-05 9.99201E-05 9.99201E-05
9.9946E-05 9.9946E-05 0.986751 0.00254939 9.9946E-05 9.9946E-05 9.9946E-05 0.0093394 9.9946E-05 0.000760924
9.9937E-05 0.995771 9.9937E-05 9.9937E-05 9.9937E-05 0.00141284 0.00211614 9.9937E-05 9.9937E-05 9.9937E-05
0.941519 9.9946E-05 0.00839712 9.9946E-05 0.0363447 9.9946E-05 0.013139 9.9946E-05 9.9946E-05 9.9946E-05
9.99201E-05 9.99201E-05 9.99201E-05 9.99201E-05 9.99201E-05 9.99201E-05 9.99201E-05 9.99201E-05 0.999101 9.99201E-05
0.0607983 0.0485936 0.106949 0.0388698 0.0716573 0.00691655 0.0216805 0.117264 0.485112 0.0421591
0.0626914 0.068387 0.128233 0.294548 0.120702 0.045161 0.0419783 0.166432 0.0296976 0.0421691
9.99201E-05 9.99201E-05 9.99201E-05 9.99201E-05 9.99201E-05 9.99201E-05 9.99201E-05 9.99201E-05 9.99201E-05 0.999101
9.99201E-05 9.99201E-05 9.99201E-05 0.999101 9.99201E-05 9.99201E-05 9.99201E-05 9.99201E-05 9.99201E-05 9.99201E-05
0.0182768 0.0127609 0.00634414 0.0206189 0.0199352 0.0226238 0.0101415 0.0246903 0.00393669 0.860672
9.99201E-05 9.99201E-05 9.99201E-05 9.99201E-05 9.99201E-05 9.99201E-05 0.999101 9.99201E-05 9.99201E-05 9.99201E-05
0.0602743 0.0409928 0.132468 0.0615473 0.0991381 0.125011 0.0409279 0.328511 0.0640665 0.0470628
0.0969361 0.0560745 0.145794 0.0771741 0.177574 0.0920386 0.0547832 0.177942 0.054132 0.0675519
0.0457348 0.0581543 0.134251 0.0700588 0.127782 0.0987289 0.0554878 0.312525 0.0490855 0.0481919
9.9991E-05 0.00717634 0.0520116 0.0430408 0.0531383 0.0407937 0.0301403 0.716121 0.0436505 0.0138271
9.9964E-05 0.0220092 9.9964E-05 0.0322032 9.9964E-05 9.9964E-05 0.0209403 0.907148 0.0053015 0.0119983
9.99201E-05 9.99201E-05 9.99201E-05 9.99201E-05 0.999101 9.99201E-05 9.99201E-05 9.99201E-05 9.99201E-05 9.99201E-05
0.0284655 0.015301 0.0205103 0.0171822 0.803356 0.0269343 0.0162077 0.0436286 0.0161681 0.012246
0.0415688 0.0292878 0.144614 0.0391056 0.250173 0.0442908 0.051282 0.261179 0.053785 0.0847134
0.021484 0.0224818 0.0195586 0.0146563 0.0478054 0.793952 0.0203544 0.0242404 0.0246092 0.0108576
9.99201E-05 9.99201E-05 0.999101 9.99201E-05 9.99201E-05 9.99201E-05 9.99201E-05 9.99201E-05 9.99201E-05 9.99201E-05
9.99201E-05 9.99201E-05 9.99201E-05 9.99201E-05 9.99201E-05 0.999101 9.99201E-05 9.99201E-05 9.99201E-05 9.99201E-05
9.99201E-05 0.999101 9.99201E-05 9.99201E-05 9.99201E-05 9.99201E-05 9.99201E-05 9.99201E-05 9.99201E-05 9.99201E-05
