9.99201E-05 9.99201E-05 9.99201E-05 9.99201E-05 9.99201E-05 9.99201E-05 9.99201E-05 9.99201E-05 0.999101 9.99201E-05
9.9964E-05 0.00414049 9.9964E-05 0.0119719 9.9964E-05 0.0177557 0.0103478 9.9964E-05 0.00735631 0.948028
9.9964E-05 0.00196975 9.9964E-05 0.0272003 9.9964E-05 0.0161271 0.00221376 9.9964E-05 0.00776357 0.944326
9.99201E-05 9.99201E-05 9.99201E-05 9.99201E-05 9.99201E-05 9.99201E-05 9.99201E-05 0.999101 9.99201E-05 9.99201E-05
9.99201E-05 9.99201E-05 9.99201E-05 9.99201E-05 9.99201E-05 9.99201E-05 9.99201E-05 0.999101 9.99201E-05 9.99201E-05
0.119943 0.0545839 0.393069 0.0989638 0.0267826 0.0982079 0.0408673 0.0456591 0.0643419 0.0575812
9.99201E-05 0.999101 9.99201E-05 9.99201E-05 9.99201E-05 9.99201E-05 9.99201E-05 9.99201E-05 9.99201E-05 9.99201E-05
9.99201E-05 9.99201E-05 0.999101 9.99201E-05 9.99201E-05 9.99201E-05 9.99201E-05 9.99201E-05 9.99201E-05 9.99201E-05
0.433092 0.0514452 0.0598621 0.126875 0.0926198 0.0759948 0.0234462 0.0434293 0.0605108 0.0327247
9.9955E-05 9.9955E-05 0.00049889 9.9955E-05 0.000920296 9.9955E-05 0.979254 0.00332584 9.9955E-05 0.015501
0.263708 0.0645468 0.0694723 0.139391 0.0866245 0.111793 0.0417583 0.0730711 0.0689607 0.0806744
0.160412 0.0759335 0.0751823 0.171826 0.0886527 0.186121 0.0564502 0.0425751 0.0588919 0.0839564
0.992775 0.00428938 0.00223623 9.99369E-05 9.99369E-05 9.99369E-05 9.99369E-05 9.99369E-05 9.99369E-05 9.99369E-05
0.999101 9.99201E-05 9.99201E-05 9.99201E-05 9.99201E-05 9.99201E-05 9.99201E-05 9.99201E-05 9.99201E-05 9.99201E-05
0.150033 0.533943 0.0116114 0.0776175 9.9991E-05 0.15485 0.0354408 0.0102693 0.0172419 0.00889381
9.99201E-05 9.99201E-05 9.99201E-05 9.99201E-05 9.99201E-05 0.999101 9.99201E-05 9.99201E-05 9.99201E-05 9.99201E-05
0.0127257 9.9955E-05 9.9955E-05 9.9955E-05 9.9955E-05 0.969437 9.9955E-05 0.00391299 0.00616866 0.0072561
0.220801 0.072529 0.0583869 0.193077 0.0383885 0.19592 0.0243444 0.0579557 0.0746387 0.0639596
0.0101857 0.0149215 9.9991E-05 0.0362077 0.79866 0.0384473 0.023517 0.0172224 0.0317587 0.0289796
0.00999399 0.0331624 0.0244127 0.728288 0.0424964 0.0370499 0.0130914 0.0335998 0.0317015 0.0462042
0.00689846 0.00804701 0.00391521 9.9973E-05 0.978573 0.000628154 0.000842423 0.000795681 9.9973E-05 9.9973E-05
0.0207348 0.00393105 0.00511246 0.936273 0.010297 9.9973E-05 9.9973E-05 0.0133488 0.0100032 9.9973E-05
0.0207923 0.0146361 9.9973E-05 0.0325632 9.9973E-05 9.9973E-05 0.00313751 0.00703767 0.916933 0.00460013
9.99201E-05 9.99201E-05 9.99201E-05 9.99201E-05 9.99201E-05 9.99201E-05 9.99201E-05 9.99201E-05 9.99201E-05 0.999101
9.9964E-05 0.0138181 9.9964E-05 0.0198171 9.9964E-05 0.0302822 0.0165673 9.9964E-05 0.00563114 0.913484
9.99201E-05 9.99201E-05 9.99201E-05 9.99201E-05 9.99201E-05 9.99201E-05 9.99201E-05 0.999101 9.99201E-05 9.99201E-05
9.99201E-05 0.999101 9.99201E-05 9.99201E-05 9.99201E-05 9.99201E-05 9.99201E-05 9.99201E-05 9.99201E-05 9.99201E-05
9.99201E-05 9.99201E-05 0.999101 9.99201E-05 9.99201E-05 9.99201E-05 9.99201E-05 9.99201E-05 9.99201E-05 9.99201E-05
0.00843665 0.925431 0.00585042 0.00610012 0.00306175 0.021623 0.0128752 0.000208151 0.00420626 0.0122078
9.99201E-05 9.99201E-05 0.999101 9.99201E-05 9.99201E-05 9.99201E-05 9.99201E-05 9.99201E-05 9.99201E-05 9.99201E-05
0.468698 0.031872 0.0593406 0.142306 0.103567 0.0869128 0.00315031 0.0334786 0.0472392 0.023436
9.99201E-05 9.99201E-05 9.99201E-05 9.99201E-05 9.99201E-05 9.99201E-05 0.999101 9.99201E-05 9.99201E-05 9.99201E-05
0.195147 0.105204 0.0758975 0.136937 0.0844293 0.132859 0.0503861 0.0482716 0.0880336 0.0828353
0.999101 9.99201E-05 9.99201E-05 9.99201E-05 9.99201E-05 9.99201E-05 9.99201E-05 9.99201E-05 9.99201E-05 9.99201E-05
0.999101 9.99201E-05 9.99201E-05 9.99201E-05 9.99201E-05 9.99201E-05 9.99201E-05 9.99201E-05 9.99201E-05 9.99201E-05
0.247346 0.0499375 0.0336453 0.164463 0.0575829 0.271169 0.0412799 0.0350438 0.0557379 0.0437945
9.99201E-05 9.99201E-05 9.99201E-05 9.99201E-05 9.99201E-05 0.999101 9.99201E-05 9.99201E-05 9.99201E-05 9.99201E-05
0.101678 0.0490882 0.0561453 0.119195 0.0579923 0.506283 0.0217004 0.0404257 0.0327167 0.014776
9.9946E-05 9.9946E-05 0.0154984 0.9556 0.00852726 9.9946E-05 0.0197742 9.9946E-05 9.9946E-05 9.9946E-05
9.99201E-05 9.99201E-05 9.99201E-05 9.99201E-05 0.999101 9.99201E-05 9.99201E-05 9.99201E-05 9.99201E-05 9.99201E-05
0.0563115 0.0167766 0.0386834 0.694068 0.0365824 0.059124 0.0105326 0.0243644 0.0379249 0.0256326
9.99201E-05 9.99201E-05 9.99201E-05 9.99201E-05 9.99201E-05 9.99201E-05 9.99201E-05 9.99201E-05 0.999101 9.99201E-05
0.0138076 0.00959139 9.9973E-05 0.015638 0.00123892 0.00134912 9.9973E-05 0.0137868 0.944288 9.9973E-05
9.99201E-05 9.99201E-05 9.99201E-05 9.99201E-05 9.99201E-05 9.99201E-05 9.99201E-05 9.99201E-05 9.99201E-05 0.999101
0.00627671 0.0148173 0.0177826 0.0279989 0.00467692 0.0265523 0.00902002 0.00898201 0.0200378 0.863856
9.99201E-05 9.99201E-05 9.99201E-05 9.99201E-05 9.99201E-05 9.99201E-05 9.99201E-05 0.999101 9.99201E-05 9.99201E-05
9.99201E-05 0.999101 9.99201E-05 9.99201E-05 9.99201E-05 9.99201E-05 9.99201E-05 9.99201E-05 9.99201E-05 9.99201E-05
0.133191 0.0261447 0.549429 0.0420868 9.9991E-05 0.126644 0.0365421 0.0208707 0.0360181 0.0289736
9.99201E-05 0.999101 9.99201E-05 9.99201E-05 9.99201E-05 9.99201E-05 9.99201E-05 9.99201E-05 9.99201E-05 9.99201E-05
0.139996 0.0263874 0.565792 0.0417751 9.9991E-05 0.132884 0.0298598 0.0141421 0.0305042 0.0185597
0.406268 0.0489019 0.0658891 0.138701 0.0997733 0.0744523 0.0224536 0.043071 0.0623889 0.0381018
9.9955E-05 0.00350866 0.0116757 9.9955E-05 9.9955E-05 9.9955E-05 0.976822 0.00629148 9.9955E-05 0.00120221
0.313593 0.0508375 0.0606368 0.183163 0.102873 0.0825692 0.0482313 0.0525273 0.0671855 0.0383838
0.979705 9.99549E-05 0.0142077 9.99549E-05 9.99549E-05 9.99549E-05 0.00115478 0.00275459 0.00167834 9.99549E-05
0.999101 9.99201E-05 9.99201E-05 9.99201E-05 9.99201E-05 9.99201E-05 9.99201E-05 9.99201E-05 9.99201E-05 9.99201E-05
0.205768 0.0648345 0.0632896 0.147499 0.0547807 0.208079 0.0684599 0.065903 0.0635752 0.0578117
9.99201E-05 9.99201E-05 9.99201E-05 9.99201E-05 9.99201E-05 0.999101 9.99201E-05 9.99201E-05 9.99201E-05 9.99201E-05
0.17278 0.0474756 0.0524749 0.0790831 0.394358 0.075984 0.0439882 0.0377797 0.0345057 0.06157
0.00451917 0.0195606 0.0233224 0.846252 0.0175706 0.0202126 0.0137658 9.9991E-05 0.0234515 0.0312456
9.99201E-05 9.99201E-05 9.99201E-05 9.99201E-05 0.999101 9.99201E-05 9.99201E-05 9.99201E-05 9.99201E-05 9.99201E-05
9.99201E-05 9.99201E-05 9.99201E-05 0.999101 9.99201E-05 9.99201E-05 9.99201E-05 9.99201E-05 9.99201E-05 9.99201E-05
9.9946E-05 9.9946E-05 9.9946E-05 9.9946E-05 0.00540491 9.9946E-05 0.00165774 9.9946E-05 0.986739 0.00559841
0.00664818 0.0117047 9.9955E-05 0.0205628 9.9955E-05 9.9955E-05 9.9955E-05 0.00840283 0.952182 9.9955E-05
9.99201E-05 9.99201E-05 9.99201E-05 9.99201E-05 9.99201E-05 9.99201E-05 9.99201E-05 9.99201E-05 9.99201E-05 0.999101
0.0676995 0.0256765 0.0629825 0.0931574 0.0335088 0.0673379 0.0402276 0.0145923 0.0325226 0.562295
9.9973E-05 0.00828326 0.00428099 0.00423701 9.9973E-05 0.0171308 9.9973E-05 0.954005 0.0109385 0.00082498
9.9955E-05 0.973474 9.9955E-05 0.0118968 0.0020096 9.9955E-05 9.9955E-05 9.9955E-05 0.00862644 0.00349298
9.9955E-05 0.00352134 0.975721 9.9955E-05 0.0120332 9.9955E-05 0.00131627 9.9955E-05 9.9955E-05 0.00690856
0.0146817 0.842807 0.0320599 0.0344901 0.022132 0.00247933 0.0120039 0.0057455 0.0148653 0.0187357
0.142349 0.0225671 0.60055 0.0259847 0.00284129 0.140787 0.0214282 0.0095247 0.0201854 0.0137828
0.389791 0.0603941 0.0634644 0.131739 0.0964667 0.0769483 0.0365034 0.0454853 0.0582893 0.0409187
9.99201E-05 9.99201E-05 9.99201E-05 9.99201E-05 9.99201E-05 9.99201E-05 0.999101 9.99201E-05 9.99201E-05 9.99201E-05
0.335908 0.0522575 0.0522542 0.129016 0.108139 0.104791 0.0472659 0.0533308 0.0701815 0.0468563
0.648963 0.0387067 0.0281049 0.0851739 0.0327677 0.0533524 0.0188449 0.034764 0.0324227 0.0268996
0.999101 9.99201E-05 9.99201E-05 9.99201E-05 9.99201E-05 9.99201E-05 9.99201E-05 9.99201E-05 9.99201E-05 9.99201E-05
0.0163202 9.99564E-05 0.00307208 0.0176857 9.99564E-05 0.951761 9.99564E-05 9.99564E-05 9.99564E-05 0.0106612
0.22024 0.0620208 0.0541672 0.170585 0.0276913 0.191766 0.0631107 0.0729054 0.0699799 0.0675347
0.167102 0.0400987 0.0496289 0.12175 0.351778 0.0740454 0.0396265 0.0445192 0.044374 0.0670774
9.999E-05 0.00522157 0.0157236 0.914848 0.00468634 0.00862175 0.00955083 0.00944565 0.00433671 0.0274655
9.99201E-05 9.99201E-05 9.99201E-05 9.99201E-05 0.999101 9.99201E-05 9.99201E-05 9.99201E-05 9.99201E-05 9.99201E-05
0.0550169 0.00729837 0.0159733 0.773236 0.0226042 0.0559773 0.000246723 0.02596 0.0161571 0.0275297
9.9928E-05 9.9928E-05 9.9928E-05 9.9928E-05 9.9928E-05 0.00236007 9.9928E-05 9.9928E-05 0.996841 9.9928E-05
9.99201E-05 9.99201E-05 9.99201E-05 9.99201E-05 9.99201E-05 9.99201E-05 9.99201E-05 9.99201E-05 0.999101 9.99201E-05
9.99201E-05 9.99201E-05 9.99201E-05 9.99201E-05 9.99201E-05 9.99201E-05 9.99201E-05 9.99201E-05 9.99201E-05 0.999101
0.0600609 0.0245857 0.0387709 0.0933656 0.0308532 0.0824729 0.0421956 0.027505 0.0368327 0.563357
0.0231348 0.025973 0.00982156 0.0243645 0.0331442 0.00554742 0.0100597 0.837429 0.0122995 0.0182261
9.99201E-05 0.999101 9.99201E-05 9.99201E-05 9.99201E-05 9.99201E-05 9.99201E-05 9.99201E-05 9.99201E-05 9.99201E-05
9.99201E-05 9.99201E-05 0.999101 9.99201E-05 9.99201E-05 9.99201E-05 9.99201E-05 9.99201E-05 9.99201E-05 9.99201E-05
0.027319 0.737135 0.0189103 0.0380004 0.0268717 0.0353972 0.0257406 0.0220461 0.0285027 0.0400772
0.143966 0.0194838 0.596367 0.0318696 9.9991E-05 0.136376 0.0286335 0.00619655 0.0273601 0.00964682
0.431298 0.0458224 0.0687866 0.133194 0.103547 0.0712083 0.0182607 0.0431677 0.0598281 0.0248871
9.99201E-05 9.99201E-05 9.99201E-05 9.99201E-05 9.99201E-05 9.99201E-05 0.999101 9.99201E-05 9.99201E-05 9.99201E-05
0.165206 0.0595965 0.052507 0.164917 0.0794228 0.248263 0.0536797 0.05477 0.0405786 0.0810602
0.402924 0.0365522 0.0499818 0.126824 0.0982989 0.0946442 0.0535524 0.0474724 0.062143 0.027607
0.63194 0.0133696 0.00799511 0.115743 0.0202144 0.0755558 0.0242689 0.0386951 0.0289337 0.0432844
0.801827 0.0200105 0.0244477 0.0405098 0.014909 0.0187022 0.0227422 0.0227529 0.0252959 0.00880275
0.102788 0.0337833 0.059836 0.0632414 0.0250019 0.590945 0.0156839 0.0236671 0.033099 0.0519536
0.211111 0.0622962 0.0483789 0.180253 0.0316254 0.212464 0.0617341 0.0773688 0.0619335 0.0528343
0.00474364 0.00127049 0.00383127 0.0265317 0.835205 0.0433945 0.0167266 0.0227144 0.0184497 0.0271327
9.9973E-05 0.0122187 9.9973E-05 0.951663 0.00512286 9.9973E-05 0.0176718 0.00430394 0.00348628 0.00523365
0.0016952 0.0165939 0.00359753 0.00424333 0.937614 0.00616152 0.00338746 0.00189264 0.0137181 0.0110962
9.99201E-05 9.99201E-05 9.99201E-05 0.999101 9.99201E-05 9.99201E-05 9.99201E-05 9.99201E-05 9.99201E-05 9.99201E-05
9.9964E-05 9.9964E-05 0.00405983 9.9964E-05 0.0118064 0.0139535 0.00372457 9.9964E-05 0.956763 0.00929256
9.99201E-05 9.99201E-05 9.99201E-05 9.99201E-05 9.99201E-05 9.99201E-05 9.99201E-05 9.99201E-05 0.999101 9.99201E-05
9.99201E-05 9.99201E-05 9.99201E-05 9.99201E-05 9.99201E-05 9.99201E-05 9.99201E-05 9.99201E-05 9.99201E-05 0.999101
9.9982E-05 0.0113907 9.9982E-05 0.0201011 0.00304009 0.0278416 0.0156362 0.00132115 0.00976059 0.910709
9.99201E-05 9.99201E-05 9.99201E-05 9.99201E-05 9.99201E-05 9.99201E-05 9.99201E-05 0.999101 9.99201E-05 9.99201E-05
9.99201E-05 0.999101 9.99201E-05 9.99201E-05 9.99201E-05 9.99201E-05 9.99201E-05 9.99201E-05 9.99201E-05 9.99201E-05
9.99201E-05 9.99201E-05 0.999101 9.99201E-05 9.99201E-05 9.99201E-05 9.99201E-05 9.99201E-05 9.99201E-05 9.99201E-05
9.99201E-05 0.999101 9.99201E-05 9.99201E-05 9.99201E-05 9.99201E-05 9.99201E-05 9.99201E-05 9.99201E-05 9.99201E-05
0.147846 0.0183016 0.605884 0.0148704 9.9991E-05 0.122535 0.0392318 0.0142942 0.0243545 0.0125828
0.268526 0.0923865 0.0173893 0.162061 0.0345297 0.217765 0.0622811 0.0442989 0.0605272 0.0402352
0.00339606 0.00302653 0.00593716 0.00128743 9.9982E-05 0.00534579 0.977235 0.00141567 0.00215602 9.9982E-05
0.159366 0.0589597 0.0491535 0.155977 0.094854 0.248248 0.0655589 0.045793 0.0376864 0.0844036
0.317819 0.0602007 0.0720169 0.148154 0.109079 0.0996235 0.0353196 0.0513048 0.0561151 0.0503674
0.667184 0.0115564 0.0164197 0.0980644 0.0137764 0.0855491 0.017567 0.0389982 0.0280284 0.0228567
0.789528 0.0143499 0.0221224 0.0380029 0.0348928 0.05754 0.00830431 0.0124421 0.00499275 0.0178245
0.00380188 9.9928E-05 9.9928E-05 9.9928E-05 9.9928E-05 0.995399 9.9928E-05 9.9928E-05 9.9928E-05 9.9928E-05
0.22789 0.0785839 0.0490193 0.16483 0.0451519 0.190755 0.0591207 0.0451729 0.0681712 0.0713051
0.00298427 0.00167829 0.0071791 0.0328013 0.822168 0.0455551 0.0203502 0.0216064 0.0254636 0.0202141
9.99201E-05 9.99201E-05 9.99201E-05 0.999101 9.99201E-05 9.99201E-05 9.99201E-05 9.99201E-05 9.99201E-05 9.99201E-05
9.99201E-05 9.99201E-05 9.99201E-05 9.99201E-05 0.999101 9.99201E-05 9.99201E-05 9.99201E-05 9.99201E-05 9.99201E-05
9.9928E-05 9.9928E-05 9.9928E-05 0.997453 9.9928E-05 9.9928E-05 9.9928E-05 0.001748 9.9928E-05 9.9928E-05
9.9964E-05 0.00365852 0.00225886 9.9964E-05 0.0124941 0.0197379 0.00214397 9.9964E-05 0.959307 9.9964E-05
0.000793854 9.9946E-05 9.9946E-05 0.000811066 9.9946E-05 9.9946E-05 9.9946E-05 0.0017096 0.996086 9.9946E-05
9.99201E-05 9.99201E-05 9.99201E-05 9.99201E-05 9.99201E-05 9.99201E-05 9.99201E-05 9.99201E-05 9.99201E-05 0.999101
9.99201E-05 9.99201E-05 9.99201E-05 9.99201E-05 9.99201E-05 9.99201E-05 9.99201E-05 9.99201E-05 9.99201E-05 0.999101
9.9955E-05 9.9955E-05 0.0112469 9.9955E-05 0.00171328 9.9955E-05 0.00422478 0.974182 9.9955E-05 0.00813281
9.99397E-05 0.975488 0.0164003 9.99397E-05 9.99397E-05 0.00741254 9.99397E-05 9.99397E-05 9.99397E-05 9.99397E-05
0.110558 0.040462 0.388876 0.107414 0.0559757 0.127504 0.0188065 0.0528911 0.0509974 0.0465161
0.00431245 0.965864 0.0121456 0.00247018 9.9973E-05 9.9973E-05 0.00740747 0.00291274 9.9973E-05 0.0045876
9.9973E-05 0.000817418 9.9973E-05 0.00195188 0.00390575 9.9973E-05 0.986245 0.000254102 0.00319738 0.003329
0.391396 0.0279411 0.0596313 0.127924 0.119292 0.0980642 0.046644 0.0280832 0.0629675 0.0380559
0.154491 0.0638849 0.0521361 0.150117 0.0831168 0.2451 0.0634686 0.0560203 0.0521706 0.0794949
0.292893 0.0633435 0.0770308 0.134314 0.0894261 0.131827 0.0457396 0.0692092 0.0650412 0.031176
0.666096 0.0153361 0.0221549 0.0830719 9.9991E-05 0.072873 0.0243903 0.0469806 0.0370754 0.0319219
0.662162 0.0291538 0.0588315 0.0547678 0.0355595 0.0618118 0.0320108 0.0258205 0.0269705 0.0129115
9.99201E-05 9.99201E-05 9.99201E-05 9.99201E-05 9.99201E-05 0.999101 9.99201E-05 9.99201E-05 9.99201E-05 9.99201E-05
9.9928E-05 9.9928E-05 0.000953117 9.9928E-05 9.9928E-05 0.998247 9.9928E-05 9.9928E-05 9.9928E-05 9.9928E-05
0.250848 0.0859002 0.0320159 0.160539 0.033106 0.26516 0.0353952 0.05566 0.0430244 0.0383506
9.9982E-05 0.000999329 9.9982E-05 0.0223434 0.860725 0.0350133 0.0233837 0.0156901 0.0193339 0.0223115
9.99201E-05 9.99201E-05 9.99201E-05 0.999101 9.99201E-05 9.99201E-05 9.99201E-05 9.99201E-05 9.99201E-05 9.99201E-05
9.99201E-05 9.99201E-05 9.99201E-05 9.99201E-05 0.999101 9.99201E-05 9.99201E-05 9.99201E-05 9.99201E-05 9.99201E-05
0.00270617 0.010273 9.9946E-05 0.971397 9.9946E-05 9.9946E-05 9.9946E-05 0.015024 9.9946E-05 9.9946E-05
9.9937E-05 9.9937E-05 9.9937E-05 9.9937E-05 0.00509592 0.0014149 9.9937E-05 9.9937E-05 0.99279 9.9937E-05
9.9964E-05 0.00252196 9.9964E-05 9.9964E-05 9.9964E-05 0.031375 0.00795488 0.00262693 0.00220165 0.95292
9.99201E-05 9.99201E-05 9.99201E-05 9.99201E-05 9.99201E-05 9.99201E-05 9.99201E-05 0.999101 9.99201E-05 9.99201E-05
0.127667 0.0464313 0.0329494 0.0925797 0.0193734 0.0767901 0.0102315 0.481463 0.0461292 0.0663859
0.156615 0.0454619 0.296639 0.124129 0.0480797 0.131492 0.0377161 0.0357032 0.0612687 0.0628952
9.99201E-05 0.999101 9.99201E-05 9.99201E-05 9.99201E-05 9.99201E-05 9.99201E-05 9.99201E-05 9.99201E-05 9.99201E-05
9.99201E-05 9.99201E-05 0.999101 9.99201E-05 9.99201E-05 9.99201E-05 9.99201E-05 9.99201E-05 9.99201E-05 9.99201E-05
0.0154185 0.860908 0.0272567 9.9991E-05 0.0152694 0.0117939 0.0130082 0.00896817 0.0202146 0.0270626
9.99201E-05 9.99201E-05 9.99201E-05 9.99201E-05 9.99201E-05 9.99201E-05 0.999101 9.99201E-05 9.99201E-05 9.99201E-05
0.32866 0.04324 0.0583379 0.146022 0.123867 0.0929349 0.0455939 0.0561471 0.0528171 0.0523804
0.1678 0.0708748 0.0799034 0.149615 0.0886012 0.198665 0.0593322 0.0436536 0.0537024 0.0878527
0.346523 0.0430421 0.0651493 0.147009 0.0857331 0.107124 0.0361407 0.0519296 0.0592757 0.0580729
0.711747 0.023564 0.0466864 0.0530475 0.0292414 0.0532032 0.0220603 0.0490523 0.0101252 0.00127252
0.899865 0.0133552 0.0291557 9.9973E-05 0.0104913 9.9973E-05 0.0227085 9.9973E-05 0.0213563 0.00276841
9.99201E-05 9.99201E-05 9.99201E-05 9.99201E-05 9.99201E-05 0.999101 9.99201E-05 9.99201E-05 9.99201E-05 9.99201E-05
0.0389021 0.0289807 0.0172613 0.0133452 0.023755 0.786058 0.0145152 0.0195562 0.0220877 0.035539
0.273965 0.0796134 0.030981 0.15491 0.0364297 0.255736 0.0368358 0.0531822 0.0381931 0.0401547
0.0086221 0.015379 0.0115919 0.0358157 0.792344 0.0327854 0.0266555 0.0277868 0.0248408 0.024179
9.99201E-05 9.99201E-05 9.99201E-05 0.999101 9.99201E-05 9.99201E-05 9.99201E-05 9.99201E-05 9.99201E-05 9.99201E-05
9.99201E-05 9.99201E-05 9.99201E-05 9.99201E-05 0.999101 9.99201E-05 9.99201E-05 9.99201E-05 9.99201E-05 9.99201E-05
9.99201E-05 9.99201E-05 9.99201E-05 9.99201E-05 9.99201E-05 9.99201E-05 9.99201E-05 9.99201E-05 0.999101 9.99201E-05
