9.99201E-05 9.99201E-05 9.99201E-05 9.99201E-05 0.999101 9.99201E-05 9.99201E-05 9.99201E-05 9.99201E-05 9.99201E-05
0.948062 9.9973E-05 0.00773877 0.0135028 0.00634352 9.9973E-05 0.0184287 0.00250786 0.00311602 9.9973E-05
0.943788 9.9973E-05 0.0240904 0.00989252 0.00483972 0.00442228 0.0106502 0.00201724 9.9973E-05 9.9973E-05
9.99201E-05 9.99201E-05 9.99201E-05 9.99201E-05 9.99201E-05 9.99201E-05 9.99201E-05 9.99201E-05 0.999101 9.99201E-05
9.99201E-05 9.99201E-05 9.99201E-05 9.99201E-05 9.99201E-05 9.99201E-05 9.99201E-05 9.99201E-05 0.999101 9.99201E-05
0.0695165 0.118047 0.0954087 0.06164 0.0679298 0.0365599 0.0437821 0.0600216 0.0439958 0.403098
9.99201E-05 9.99201E-05 9.99201E-05 9.99201E-05 9.99201E-05 9.99201E-05 9.99201E-05 0.999101 9.99201E-05 9.99201E-05
9.99201E-05 9.99201E-05 9.99201E-05 9.99201E-05 9.99201E-05 9.99201E-05 9.99201E-05 9.99201E-05 9.99201E-05 0.999101
0.0398128 0.427682 0.149304 0.0345692 0.0579629 0.111548 0.0268682 0.0485935 0.0324581 0.0712016
0.0176155 9.9928E-05 9.9928E-05 9.9928E-05 9.9928E-05 9.9928E-05 0.981585 9.9928E-05 9.9928E-05 9.9928E-05
0.0557593 0.296229 0.159744 0.0659756 0.0657195 0.102475 0.0618566 0.0477154 0.0722982 0.0722277
0.0957492 0.189589 0.152819 0.120891 0.0568886 0.0994577 0.06797 0.0779252 0.0498413 0.0888692
9.99369E-05 0.988134 9.99369E-05 9.99369E-05 0.00790615 9.99369E-05 9.99369E-05 9.99369E-05 9.99369E-05 0.00325993
9.99201E-05 0.999101 9.99201E-05 9.99201E-05 9.99201E-05 9.99201E-05 9.99201E-05 9.99201E-05 9.99201E-05 9.99201E-05
0.0314024 0.187059 0.0693885 0.0805908 0.0138445 0.00687084 0.0394179 0.538089 0.0151078 0.0182285
9.99201E-05 9.99201E-05 9.99201E-05 0.999101 9.99201E-05 9.99201E-05 9.99201E-05 9.99201E-05 9.99201E-05 9.99201E-05
0.0581753 0.18695 0.110864 0.462951 0.00109543 0.0288547 0.0380396 0.0274903 0.0369092 0.0486697
0.0648117 0.257101 0.198509 0.111718 0.0635375 0.0580723 0.0341361 0.0767961 0.0718479 0.0634705
0.0367845 0.00560263 0.038498 0.0271928 0.0304209 0.786801 0.0273619 0.0203795 0.0212946 0.0056647
0.0247873 0.0280142 0.708331 0.0345501 0.0322831 0.0475132 0.0256959 0.0355483 0.0319721 0.0313051
0.00180597 9.9937E-05 9.9937E-05 0.00400899 9.9937E-05 0.993485 9.9937E-05 9.9937E-05 9.9937E-05 9.9937E-05
9.9973E-05 0.0276856 0.926184 0.00474167 0.00572882 0.0123944 9.9973E-05 9.9973E-05 0.0098548 0.0131107
0.00422942 0.0264529 0.0277418 9.9964E-05 0.918335 9.9964E-05 9.9964E-05 0.0127429 0.0100981 9.9964E-05
0.999101 9.99201E-05 9.99201E-05 9.99201E-05 9.99201E-05 9.99201E-05 9.99201E-05 9.99201E-05 9.99201E-05 9.99201E-05
0.919773 0.00533659 0.0116097 0.021897 0.0149766 9.9973E-05 0.0108849 0.0152225 9.9973E-05 9.9973E-05
9.99201E-05 9.99201E-05 9.99201E-05 9.99201E-05 9.99201E-05 9.99201E-05 9.99201E-05 9.99201E-05 0.999101 9.99201E-05
9.99201E-05 9.99201E-05 9.99201E-05 9.99201E-05 9.99201E-05 9.99201E-05 9.99201E-05 0.999101 9.99201E-05 9.99201E-05
9.99201E-05 9.99201E-05 9.99201E-05 9.99201E-05 9.99201E-05 9.99201E-05 9.99201E-05 9.99201E-05 9.99201E-05 0.999101
0.00992598 9.9982E-05 0.0149229 0.0119862 0.0158346 9.9982E-05 0.0100718 0.924344 0.00368864 0.00902627
9.99201E-05 9.99201E-05 9.99201E-05 9.99201E-05 9.99201E-05 9.99201E-05 9.99201E-05 9.99201E-05 9.99201E-05 0.999101
0.0159236 0.496846 0.140599 0.049874 0.0454198 0.0985632 0.0086996 0.0334778 0.0448294 0.0657681
9.99201E-05 9.99201E-05 9.99201E-05 9.99201E-05 9.99201E-05 9.99201E-05 0.999101 9.99201E-05 9.99201E-05 9.99201E-05
0.0935804 0.202589 0.136619 0.0632056 0.0877956 0.092601 0.0694971 0.0920511 0.0628034 0.0992584
9.99201E-05 0.999101 9.99201E-05 9.99201E-05 9.99201E-05 9.99201E-05 9.99201E-05 9.99201E-05 9.99201E-05 9.99201E-05
9.99201E-05 0.999101 9.99201E-05 9.99201E-05 9.99201E-05 9.99201E-05 9.99201E-05 9.99201E-05 9.99201E-05 9.99201E-05
0.0541648 0.292649 0.178646 0.156761 0.0545614 0.0586082 0.060837 0.0524109 0.0508173 0.0405442
9.99201E-05 9.99201E-05 9.99201E-05 0.999101 9.99201E-05 9.99201E-05 9.99201E-05 9.99201E-05 9.99201E-05 9.99201E-05
0.0390686 0.177534 0.174232 0.259339 0.0366552 0.0715849 0.0506706 0.0609326 0.0496341 0.0803493
0.000845182 9.9964E-05 0.979956 9.9964E-05 9.9964E-05 0.000426024 0.0117054 9.9964E-05 0.00490225 0.00176555
9.99201E-05 9.99201E-05 9.99201E-05 9.99201E-05 9.99201E-05 0.999101 9.99201E-05 9.99201E-05 9.99201E-05 9.99201E-05
0.0220563 0.0693047 0.699167 0.0384179 0.0468901 0.0302855 0.0189403 0.0178669 0.0166349 0.0404365
9.99201E-05 9.99201E-05 9.99201E-05 9.99201E-05 0.999101 9.99201E-05 9.99201E-05 9.99201E-05 9.99201E-05 9.99201E-05
9.9973E-05 0.0219746 0.0156893 9.9973E-05 0.944442 0.00340391 0.00102252 0.00955012 0.00361796 9.9973E-05
0.999101 9.99201E-05 9.99201E-05 9.99201E-05 9.99201E-05 9.99201E-05 9.99201E-05 9.99201E-05 9.99201E-05 9.99201E-05
0.870109 0.0116664 0.0253778 0.0213059 0.0219832 0.00369952 0.0150407 0.00969117 9.9991E-05 0.0210267
9.99201E-05 9.99201E-05 9.99201E-05 9.99201E-05 9.99201E-05 9.99201E-05 9.99201E-05 9.99201E-05 0.999101 9.99201E-05
9.99201E-05 9.99201E-05 9.99201E-05 9.99201E-05 9.99201E-05 9.99201E-05 9.99201E-05 0.999101 9.99201E-05 9.99201E-05
0.0232956 0.183428 0.028766 0.0567552 0.0319669 0.0108667 0.0317442 0.0206429 0.0273717 0.585163
9.99201E-05 9.99201E-05 9.99201E-05 9.99201E-05 9.99201E-05 9.99201E-05 9.99201E-05 0.999101 9.99201E-05 9.99201E-05
0.0293612 0.177117 0.0206196 0.0396546 0.0388576 9.9991E-05 0.036111 0.0206109 0.0261688 0.6114
0.0286618 0.444018 0.136072 0.0605473 0.0617945 0.0954289 0.0266838 0.04062 0.0428831 0.0632913
0.00165497 9.9946E-05 9.9946E-05 9.9946E-05 0.00588962 9.9946E-05 0.985662 0.00619412 9.9946E-05 9.9946E-05
0.0458279 0.341575 0.177787 0.0547121 0.0581379 0.111937 0.0502553 0.0416176 0.0612435 0.0569062
9.99369E-05 0.982303 9.99369E-05 9.99369E-05 0.0101955 9.99369E-05 9.99369E-05 9.99369E-05 0.00680229 9.99369E-05
9.99201E-05 0.999101 9.99201E-05 9.99201E-05 9.99201E-05 9.99201E-05 9.99201E-05 9.99201E-05 9.99201E-05 9.99201E-05
0.0635075 0.270566 0.167153 0.107179 0.0609796 0.0638405 0.078535 0.0670853 0.0725879 0.0485665
9.99201E-05 9.99201E-05 9.99201E-05 0.999101 9.99201E-05 9.99201E-05 9.99201E-05 9.99201E-05 9.99201E-05 9.99201E-05
0.0600212 0.172044 0.0847487 0.0275825 0.0489166 0.400411 0.0490131 0.0546236 0.0447426 0.0578973
0.0338588 9.9982E-05 0.847911 9.9982E-05 0.00854838 0.0163818 0.0186848 0.0138365 0.0198084 0.0407701
9.99201E-05 9.99201E-05 9.99201E-05 9.99201E-05 9.99201E-05 0.999101 9.99201E-05 9.99201E-05 9.99201E-05 9.99201E-05
9.99201E-05 9.99201E-05 0.999101 9.99201E-05 9.99201E-05 9.99201E-05 9.99201E-05 9.99201E-05 9.99201E-05 9.99201E-05
9.9946E-05 9.9946E-05 9.9946E-05 0.00344958 0.989116 9.9946E-05 0.0022741 9.9946E-05 9.9946E-05 0.00456109
9.9955E-05 0.0103136 0.0211948 9.9955E-05 0.956961 0.00102931 9.9955E-05 9.9955E-05 0.0100017 9.9955E-05
0.999101 9.99201E-05 9.99201E-05 9.99201E-05 9.99201E-05 9.99201E-05 9.99201E-05 9.99201E-05 9.99201E-05 9.99201E-05
0.574455 0.065508 0.0896341 0.0495492 0.0308182 0.0385122 0.040417 0.0299421 0.0394663 0.0416978
9.9973E-05 0.000249026 9.9973E-05 0.00397768 0.0089952 9.9973E-05 0.0041628 0.00344527 0.968881 0.00998897
0.00429737 9.9946E-05 9.9946E-05 9.9946E-05 0.00432494 9.9946E-05 9.9946E-05 0.981562 9.9946E-05 0.00921597
0.0115274 9.99492E-05 9.99492E-05 9.99492E-05 0.00224457 0.00555624 9.99492E-05 9.99492E-05 9.99492E-05 0.980072
0.0199776 0.00292742 0.0267591 9.9991E-05 0.0155409 0.0192115 0.0168998 0.848507 0.019916 0.0301602
0.0158411 0.184941 0.00841351 0.0449777 0.0277646 0.0106848 0.0246838 0.0244093 0.0140418 0.644242
0.027202 0.409534 0.125503 0.0502339 0.065558 0.108719 0.0357577 0.058234 0.0527365 0.0665213
9.99201E-05 9.99201E-05 9.99201E-05 9.99201E-05 9.99201E-05 9.99201E-05 0.999101 9.99201E-05 9.99201E-05 9.99201E-05
0.0533248 0.368323 0.136162 0.0385777 0.0670119 0.123139 0.0494793 0.0453717 0.0639632 0.0546475
0.0209627 0.656551 0.0838655 0.0450948 0.0363488 0.0284335 0.017787 0.046657 0.0266689 0.0376312
9.99201E-05 0.999101 9.99201E-05 9.99201E-05 9.99201E-05 9.99201E-05 9.99201E-05 9.99201E-05 9.99201E-05 9.99201E-05
0.0618371 0.17408 0.120214 0.461448 0.011436 0.0337013 0.0402725 0.0171488 0.0451287 0.034734
0.0774449 0.263929 0.172895 0.116758 0.060251 0.0391568 0.0808854 0.0654165 0.0823356 0.0409281
0.0698809 0.195734 0.078686 0.0406039 0.056245 0.36371 0.0509949 0.0409439 0.0430253 0.0601765
0.0201405 9.9973E-05 0.929953 9.9973E-05 0.00619558 0.00545058 9.9973E-05 0.0161646 0.0043556 0.0174403
9.99201E-05 9.99201E-05 9.99201E-05 9.99201E-05 9.99201E-05 0.999101 9.99201E-05 9.99201E-05 9.99201E-05 9.99201E-05
0.022 0.0512457 0.772695 0.0404385 0.0242851 0.0282997 9.9991E-05 0.00953725 0.0270237 0.0243756
9.99201E-05 9.99201E-05 9.99201E-05 9.99201E-05 0.999101 9.99201E-05 9.99201E-05 9.99201E-05 9.99201E-05 9.99201E-05
9.99201E-05 9.99201E-05 9.99201E-05 9.99201E-05 0.999101 9.99201E-05 9.99201E-05 9.99201E-05 9.99201E-05 9.99201E-05
0.999101 9.99201E-05 9.99201E-05 9.99201E-05 9.99201E-05 9.99201E-05 9.99201E-05 9.99201E-05 9.99201E-05 9.99201E-05
0.5626 0.0760859 0.0851007 0.0464813 0.0390204 0.036728 0.036167 0.0338375 0.0287676 0.0552116
0.0261247 0.0281031 0.023241 0.00355369 9.9991E-05 0.0320217 0.00906377 0.0209565 0.842618 0.0142171
9.99201E-05 9.99201E-05 9.99201E-05 9.99201E-05 9.99201E-05 9.99201E-05 9.99201E-05 0.999101 9.99201E-05 9.99201E-05
9.99201E-05 9.99201E-05 9.99201E-05 9.99201E-05 9.99201E-05 9.99201E-05 9.99201E-05 9.99201E-05 9.99201E-05 0.999101
0.031299 0.041466 0.045651 0.0222451 0.0264737 0.0249173 0.014911 0.744182 0.00893482 0.0399203
0.0195277 0.191328 0.0155204 0.0436222 0.0207454 9.9991E-05 0.0379841 0.00986714 0.0128366 0.648469
0.0239133 0.462739 0.121031 0.046556 0.0546427 0.112019 0.0259794 0.0449883 0.0442303 0.063901
9.99201E-05 9.99201E-05 9.99201E-05 9.99201E-05 9.99201E-05 9.99201E-05 0.999101 9.99201E-05 9.99201E-05 9.99201E-05
0.0895837 0.224886 0.158359 0.131363 0.0447567 0.0880037 0.0685376 0.0666127 0.0548765 0.07302
0.0421558 0.427558 0.128159 0.0590221 0.0507286 0.101224 0.056871 0.0279594 0.056042 0.0502797
0.048467 0.630119 0.112261 0.0473089 0.0375146 0.0186706 0.0336077 0.0144894 0.0396418 0.01792
0.0107488 0.816934 0.0295972 0.00995104 0.0269136 0.0201872 0.0293722 0.0269874 0.0206342 0.00867402
0.0696987 0.20051 0.102646 0.305488 0.0420953 0.0391656 0.0476877 0.0430991 0.0543993 0.0952098
0.0595235 0.260872 0.169886 0.108814 0.0527351 0.0576611 0.0842198 0.0674417 0.0884586 0.0503882
0.0250312 0.00566132 0.0393025 0.0279509 0.0216999 0.825453 0.018061 0.00238267 0.0197036 0.0147538
9.9955E-05 9.9955E-05 0.967175 9.9955E-05 0.00585946 9.9955E-05 0.0161651 0.00214088 9.9955E-05 0.00815927
0.0121412 0.0146765 9.9991E-05 0.00904529 0.0129928 0.921899 0.00992774 0.0060077 0.00574048 0.00746943
9.99201E-05 9.99201E-05 0.999101 9.99201E-05 9.99201E-05 9.99201E-05 9.99201E-05 9.99201E-05 9.99201E-05 9.99201E-05
0.0167126 9.9964E-05 9.9964E-05 0.0109232 0.955217 0.00388211 0.00196429 9.9964E-05 9.9964E-05 0.0109014
9.99201E-05 9.99201E-05 9.99201E-05 9.99201E-05 0.999101 9.99201E-05 9.99201E-05 9.99201E-05 9.99201E-05 9.99201E-05
0.999101 9.99201E-05 9.99201E-05 9.99201E-05 9.99201E-05 9.99201E-05 9.99201E-05 9.99201E-05 9.99201E-05 9.99201E-05
0.923166 0.00146324 0.0166952 0.0231247 0.000973954 9.9991E-05 0.0212981 0.00504892 0.00407546 0.00405444
9.9928E-05 9.9928E-05 9.9928E-05 9.9928E-05 0.00735332 9.9928E-05 9.9928E-05 9.9928E-05 0.991847 9.9928E-05
9.99201E-05 9.99201E-05 9.99201E-05 9.99201E-05 9.99201E-05 9.99201E-05 9.99201E-05 0.999101 9.99201E-05 9.99201E-05
9.99201E-05 9.99201E-05 9.99201E-05 9.99201E-05 9.99201E-05 9.99201E-05 9.99201E-05 9.99201E-05 9.99201E-05 0.999101
9.99201E-05 9.99201E-05 9.99201E-05 9.99201E-05 9.99201E-05 9.99201E-05 9.99201E-05 0.999101 9.99201E-05 9.99201E-05
0.0173496 0.194859 9.9982E-05 0.0387895 0.018701 9.9982E-05 0.0446394 0.0143905 0.0230009 0.64807
0.0516269 0.311659 0.170631 0.129538 0.0499924 0.0499515 0.0685307 0.0902582 0.0521204 0.0256927
9.9946E-05 0.000204492 9.9946E-05 9.9946E-05 9.9946E-05 9.9946E-05 0.980663 0.0066416 9.9946E-05 0.0118907
0.098028 0.212443 0.155876 0.122587 0.0464365 0.0929871 0.0688312 0.0631802 0.0576791 0.0819513
0.0647462 0.350142 0.157582 0.0398995 0.0539845 0.105307 0.0398659 0.0596137 0.0561 0.0727599
0.0286029 0.660891 0.120316 0.0437144 0.0321247 0.0186623 0.0273704 0.00361497 0.0395604 0.0251437
0.0111776 0.77761 0.0505229 0.0219891 0.0195687 0.0397112 0.0181418 0.0220791 0.0158167 0.0233831
0.0443184 0.194672 0.12423 0.49538 9.9991E-05 0.0193879 0.0357121 0.0102502 0.0368191 0.0391309
0.0719618 0.25987 0.17428 0.0975805 0.0652377 0.0715067 0.0704268 0.0792429 0.0631807 0.0467127
0.0255388 0.00866211 0.0300243 0.0177462 0.0259163 0.813826 0.0298275 0.00519271 0.0313604 0.0119054
9.99201E-05 9.99201E-05 0.999101 9.99201E-05 9.99201E-05 9.99201E-05 9.99201E-05 9.99201E-05 9.99201E-05 9.99201E-05
9.99201E-05 9.99201E-05 9.99201E-05 9.99201E-05 9.99201E-05 0.999101 9.99201E-05 9.99201E-05 9.99201E-05 9.99201E-05
9.9937E-05 0.0160354 0.983116 9.9937E-05 9.9937E-05 0.000148933 9.9937E-05 9.9937E-05 9.9937E-05 9.9937E-05
0.00135094 9.9964E-05 9.9964E-05 0.0109333 0.958669 0.0141162 0.00464708 9.9964E-05 9.9964E-05 0.00988378
9.9928E-05 9.9928E-05 9.9928E-05 9.9928E-05 0.997412 9.9928E-05 9.9928E-05 9.9928E-05 0.00178837 9.9928E-05
0.999101 9.99201E-05 9.99201E-05 9.99201E-05 9.99201E-05 9.99201E-05 9.99201E-05 9.99201E-05 9.99201E-05 9.99201E-05
0.999101 9.99201E-05 9.99201E-05 9.99201E-05 9.99201E-05 9.99201E-05 9.99201E-05 9.99201E-05 9.99201E-05 9.99201E-05
9.9964E-05 9.9964E-05 9.9964E-05 9.9964E-05 0.00939335 0.0026585 0.00294436 0.00346708 0.96676 0.0143773
0.00608189 9.99667E-05 9.99667E-05 0.00446235 9.99667E-05 9.99667E-05 0.00537356 0.971027 0.00455264 0.00810276
0.0556552 0.13878 0.104888 0.0642397 0.0562051 0.0557198 0.0248414 0.048942 0.0541895 0.39654
0.00826512 0.000289649 9.9982E-05 0.00376008 0.00354227 0.0116388 0.00669598 0.960002 9.9982E-05 0.00560589
0.00130987 9.9955E-05 0.00185293 9.9955E-05 0.00573388 9.9955E-05 0.986144 0.00445907 9.9955E-05 9.9955E-05
0.0473661 0.383726 0.121766 0.0552516 0.0682495 0.136614 0.049135 0.0296198 0.0326874 0.0755851
0.109576 0.200734 0.166623 0.131898 0.0468154 0.0925144 0.0715047 0.0629707 0.0502762 0.0670885
0.0292657 0.312149 0.134332 0.0864103 0.068786 0.0958536 0.0471385 0.0639578 0.0740384 0.0880684
0.0328053 0.679042 0.0904368 0.0430269 0.0407871 0.00737621 0.0281011 0.0070696 0.0410346 0.0303202
0.0172505 0.670763 0.0678896 0.0297482 0.0245846 0.0358753 0.0292874 0.0369206 0.0389158 0.0487654
9.99201E-05 9.99201E-05 9.99201E-05 0.999101 9.99201E-05 9.99201E-05 9.99201E-05 9.99201E-05 9.99201E-05 9.99201E-05
0.0503702 0.184792 0.119777 0.481393 0.00236952 0.0286717 0.0334241 0.022792 0.0230696 0.053341
0.05359 0.300481 0.14576 0.152681 0.0340731 0.0484313 0.0453525 0.0985874 0.0731437 0.0479001
0.0262221 9.9991E-05 0.0362658 0.0310102 0.0177026 0.847027 0.0139538 0.00529425 0.0169898 0.00543435
9.99201E-05 9.99201E-05 0.999101 9.99201E-05 9.99201E-05 9.99201E-05 9.99201E-05 9.99201E-05 9.99201E-05 9.99201E-05
9.99201E-05 9.99201E-05 9.99201E-05 9.99201E-05 9.99201E-05 0.999101 9.99201E-05 9.99201E-05 9.99201E-05 9.99201E-05
9.9946E-05 0.00506202 0.984848 9.9946E-05 9.9946E-05 9.9946E-05 9.9946E-05 9.9946E-05 0.00689308 0.0025968
9.9937E-05 9.9937E-05 9.9937E-05 9.9937E-05 0.992805 9.9937E-05 0.00110616 9.9937E-05 9.9937E-05 0.00538947
0.959966 9.9973E-05 0.00671575 0.0219668 0.00247755 0.00011131 0.00672935 0.00173365 9.9973E-05 9.9973E-05
9.99201E-05 9.99201E-05 9.99201E-05 9.99201E-05 9.99201E-05 9.99201E-05 9.99201E-05 9.99201E-05 0.999101 9.99201E-05
0.0674286 0.125727 0.108406 0.0432655 0.0531839 0.0140968 0.0200478 0.0421871 0.492721 0.0329365
0.0695176 0.185927 0.122629 0.0664731 0.0630746 0.0535151 0.0491059 0.0418126 0.0440291 0.303916
9.99201E-05 9.99201E-05 9.99201E-05 9.99201E-05 9.99201E-05 9.99201E-05 9.99201E-05 0.999101 9.99201E-05 9.99201E-05
9.99201E-05 9.99201E-05 9.99201E-05 9.99201E-05 9.99201E-05 9.99201E-05 9.99201E-05 9.99201E-05 9.99201E-05 0.999101
0.0146628 0.025083 0.0044661 0.0119418 0.0179844 0.0235192 0.013964 0.863392 0.0100459 0.0149406
9.99201E-05 9.99201E-05 9.99201E-05 9.99201E-05 9.99201E-05 9.99201E-05 0.999101 9.99201E-05 9.99201E-05 9.99201E-05
0.0596836 0.372667 0.123217 0.053536 0.0441609 0.138059 0.0503351 0.0386342 0.0587017 0.0610053
0.0850737 0.193369 0.171533 0.118832 0.0620104 0.0910171 0.0634083 0.0719417 0.0459681 0.0968464
0.057746 0.359286 0.141155 0.0767696 0.0585919 0.0826058 0.0466888 0.0594167 0.0554296 0.0623114
0.00929475 0.732585 0.0485887 0.0280104 0.00788889 0.0395774 0.0213987 0.0202738 0.0523145 0.0400676
0.00354236 0.915194 9.9973E-05 9.9973E-05 0.0230399 9.9973E-05 0.0182413 0.0110011 0.00444565 0.0242361
9.99201E-05 9.99201E-05 9.99201E-05 0.999101 9.99201E-05 9.99201E-05 9.99201E-05 9.99201E-05 9.99201E-05 9.99201E-05
0.069419 0.161504 0.112361 0.38759 0.0370873 0.051152 0.0442508 0.024969 0.0595491 0.052118
0.0450281 0.307505 0.159148 0.161809 0.0316946 0.0470518 0.0522162 0.0823296 0.0660794 0.0471392
0.0332145 0.028145 0.0224645 0.0158053 0.0286383 0.787405 0.0241529 0.0211121 0.0196554 0.0194067
9.99201E-05 9.99201E-05 0.999101 9.99201E-05 9.99201E-05 9.99201E-05 9.99201E-05 9.99201E-05 9.99201E-05 9.99201E-05
9.99201E-05 9.99201E-05 9.99201E-05 9.99201E-05 9.99201E-05 0.999101 9.99201E-05 9.99201E-05 9.99201E-05 9.99201E-05
9.99201E-05 9.99201E-05 9.99201E-05 9.99201E-05 0.999101 9.99201E-05 9.99201E-05 9.99201E-05 9.99201E-05 9.99201E-05
