9.99201E-05 0.999101 9.99201E-05 9.99201E-05 9.99201E-05 9.99201E-05 9.99201E-05 9.99201E-05 9.99201E-05 9.99201E-05
9.9955E-05 0.00929813 9.9955E-05 0.0127493 9.9955E-05 0.0128089 9.9955E-05 0.958668 9.9955E-05 0.00597555
9.9973E-05 0.00222445 9.9973E-05 0.0282575 0.0135935 0.00800897 0.00121055 0.939772 9.9973E-05 0.00663295
9.99201E-05 9.99201E-05 9.99201E-05 9.99201E-05 9.99201E-05 9.99201E-05 0.999101 9.99201E-05 9.99201E-05 9.99201E-05
9.99201E-05 9.99201E-05 9.99201E-05 9.99201E-05 9.99201E-05 9.99201E-05 0.999101 9.99201E-05 9.99201E-05 9.99201E-05
0.108779 0.0653448 0.125709 0.124401 0.0296759 0.0511999 0.0378434 0.0734076 0.320411 0.0632282
9.99201E-05 9.99201E-05 9.99201E-05 9.99201E-05 9.99201E-05 9.99201E-05 9.99201E-05 9.99201E-05 9.99201E-05 0.999101
9.99201E-05 9.99201E-05 9.99201E-05 9.99201E-05 9.99201E-05 9.99201E-05 9.99201E-05 9.99201E-05 0.999101 9.99201E-05
0.0506953 0.0545302 0.460591 0.122165 0.0934687 0.0312866 0.0475809 0.048737 0.0419575 0.0489877
9.9928E-05 9.9928E-05 9.9928E-05 9.9928E-05 9.9928E-05 0.992597 9.9928E-05 0.00660378 9.9928E-05 9.9928E-05
0.0742862 0.0623288 0.297877 0.170728 0.0966039 0.063887 0.0608175 0.0661068 0.0331436 0.0742214
0.0953314 0.056173 0.215974 0.189154 0.101308 0.0715432 0.051917 0.0984389 0.0460571 0.0741036
9.99369E-05 0.00490693 0.992109 9.99369E-05 9.99369E-05 9.99369E-05 9.99369E-05 9.99369E-05 9.99369E-05 0.00228435
9.99201E-05 9.99201E-05 0.999101 9.99201E-05 9.99201E-05 9.99201E-05 9.99201E-05 9.99201E-05 9.99201E-05 9.99201E-05
0.0664027 0.0124896 0.203891 0.0863097 9.9982E-05 0.0406124 0.024276 0.028834 9.9982E-05 0.536985
0.134566 0.00888139 0.332045 0.195454 0.0585667 0.0975074 0.0571169 0.0606992 0.0359858 0.0191775
0.38498 0.00390543 0.204735 0.146993 0.0518685 0.0616462 0.0578423 0.0656311 9.9991E-05 0.0222983
0.0843712 0.0614434 0.273666 0.194289 0.054702 0.0527757 0.0683438 0.075298 0.0368063 0.0983044
0.0132687 0.0259432 0.0114011 0.0382966 0.805282 0.0271657 0.0175337 0.0449719 0.00570319 0.0104336
0.025369 0.0427106 0.0274746 0.727543 0.0341127 0.0184962 0.0334317 0.0386491 0.015303 0.0369104
9.9946E-05 9.9946E-05 9.9946E-05 9.9946E-05 0.983591 9.9946E-05 0.00289076 0.00662392 0.00629481 9.9946E-05
9.9964E-05 0.00540052 0.022058 0.949131 0.00910685 9.9964E-05 0.00619092 9.9964E-05 0.00771295 9.9964E-05
0.00178787 0.917784 0.0091417 0.033435 9.9991E-05 0.00156483 0.00878768 0.00483158 0.00514215 0.017425
9.99201E-05 9.99201E-05 9.99201E-05 9.99201E-05 9.99201E-05 9.99201E-05 9.99201E-05 0.999101 9.99201E-05 9.99201E-05
9.9973E-05 0.0100696 0.000482034 0.0273541 9.9973E-05 0.0204443 0.00193405 0.921737 9.9973E-05 0.0176789
9.99201E-05 9.99201E-05 9.99201E-05 9.99201E-05 9.99201E-05 9.99201E-05 0.999101 9.99201E-05 9.99201E-05 9.99201E-05
9.9928E-05 9.9928E-05 9.9928E-05 9.9928E-05 9.9928E-05 9.9928E-05 9.9928E-05 0.00105375 9.9928E-05 0.998147
9.99201E-05 9.99201E-05 9.99201E-05 9.99201E-05 9.99201E-05 9.99201E-05 9.99201E-05 9.99201E-05 0.999101 9.99201E-05
0.0226548 0.00526338 0.00418876 0.00768564 9.9991E-05 0.0100724 0.00390131 0.00070821 0.00884987 0.936576
9.9973E-05 0.00224314 9.9973E-05 0.00971128 0.0050481 0.00304297 9.9973E-05 0.00276922 0.976446 0.000439427
0.0604192 0.0491957 0.51898 0.119506 0.0970853 0.0112171 0.0414806 0.0294795 0.0420447 0.0305912
9.99201E-05 9.99201E-05 9.99201E-05 9.99201E-05 9.99201E-05 0.999101 9.99201E-05 9.99201E-05 9.99201E-05 9.99201E-05
0.0671582 0.0879138 0.226831 0.122944 0.113199 0.0685873 0.0742981 0.0898903 0.0357235 0.113454
9.99201E-05 9.99201E-05 0.999101 9.99201E-05 9.99201E-05 9.99201E-05 9.99201E-05 9.99201E-05 9.99201E-05 9.99201E-05
9.99201E-05 9.99201E-05 0.999101 9.99201E-05 9.99201E-05 9.99201E-05 9.99201E-05 9.99201E-05 9.99201E-05 9.99201E-05
0.0811096 0.0642267 0.329118 0.188926 0.0716544 0.0643804 0.0493248 0.068039 0.0189159 0.0643044
0.126371 0.0178601 0.316248 0.212354 0.0670668 0.0937377 0.0633838 0.0478729 0.0332034 0.0219012
0.215748 0.0325001 0.205986 0.180514 0.0859546 0.0657633 0.0684006 0.0437931 0.0383164 0.0630245
0.0106153 9.9964E-05 9.9964E-05 0.965954 0.0049483 0.00817571 9.9964E-05 0.00651831 0.00338886 9.9964E-05
9.99201E-05 9.99201E-05 9.99201E-05 9.99201E-05 0.999101 9.99201E-05 9.99201E-05 9.99201E-05 9.99201E-05 9.99201E-05
0.0371584 0.0420558 0.0751644 0.684553 0.0402114 0.0234767 0.0380996 0.0353813 0.0134572 0.0104421
9.99201E-05 0.999101 9.99201E-05 9.99201E-05 9.99201E-05 9.99201E-05 9.99201E-05 9.99201E-05 9.99201E-05 9.99201E-05
9.9964E-05 0.950163 0.0128367 0.0236144 0.000430037 0.000503774 0.0120521 9.9964E-05 9.9964E-05 9.9964E-05
9.99201E-05 9.99201E-05 9.99201E-05 9.99201E-05 9.99201E-05 9.99201E-05 9.99201E-05 0.999101 9.99201E-05 9.99201E-05
0.00605666 0.0203727 0.00415235 0.0247475 0.0209118 0.0111582 9.9991E-05 0.8997 0.00646047 0.00633985
9.99201E-05 9.99201E-05 9.99201E-05 9.99201E-05 9.99201E-05 9.99201E-05 0.999101 9.99201E-05 9.99201E-05 9.99201E-05
9.99201E-05 9.99201E-05 9.99201E-05 9.99201E-05 9.99201E-05 9.99201E-05 9.99201E-05 9.99201E-05 9.99201E-05 0.999101
0.999101 9.99201E-05 9.99201E-05 9.99201E-05 9.99201E-05 9.99201E-05 9.99201E-05 9.99201E-05 9.99201E-05 9.99201E-05
9.99201E-05 9.99201E-05 9.99201E-05 9.99201E-05 9.99201E-05 9.99201E-05 9.99201E-05 9.99201E-05 9.99201E-05 0.999101
0.999101 9.99201E-05 9.99201E-05 9.99201E-05 9.99201E-05 9.99201E-05 9.99201E-05 9.99201E-05 9.99201E-05 9.99201E-05
0.049236 0.0634129 0.452887 0.135583 0.0918497 0.0358132 0.0412368 0.0210971 0.0547491 0.0541356
9.9946E-05 9.9946E-05 9.9946E-05 9.9946E-05 9.9946E-05 0.989342 0.00727311 9.9946E-05 0.00131973 0.00146537
0.0689578 0.0468274 0.318926 0.175218 0.11212 0.0629566 0.063305 0.0553875 0.0422637 0.0540386
9.99639E-05 0.003827 0.975414 9.99639E-05 9.99639E-05 9.99639E-05 0.00557838 0.000266027 0.0064598 0.00805501
9.99201E-05 9.99201E-05 0.999101 9.99201E-05 9.99201E-05 9.99201E-05 9.99201E-05 9.99201E-05 9.99201E-05 9.99201E-05
0.103232 0.0620128 0.276296 0.184398 0.0641473 0.086686 0.0746546 0.0536344 0.0228001 0.0721386
0.13456 0.00696822 0.316457 0.192657 0.0780722 0.0949393 0.0583498 0.054835 0.0392427 0.0239184
0.0141329 0.0472693 0.171017 0.116018 0.398144 0.0468853 0.0458439 0.0714865 0.0427485 0.0464551
0.0243915 0.0175388 9.9991E-05 0.855634 0.0115007 0.0120679 0.00811874 0.0339986 0.0186198 0.0180298
9.99201E-05 9.99201E-05 9.99201E-05 9.99201E-05 0.999101 9.99201E-05 9.99201E-05 9.99201E-05 9.99201E-05 9.99201E-05
9.99201E-05 9.99201E-05 9.99201E-05 0.999101 9.99201E-05 9.99201E-05 9.99201E-05 9.99201E-05 9.99201E-05 9.99201E-05
9.9946E-05 0.979753 9.9946E-05 9.9946E-05 0.00583755 9.9946E-05 9.9946E-05 0.00846325 0.0053467 9.9946E-05
9.9964E-05 0.955582 0.000650623 0.024193 9.9964E-05 9.9964E-05 0.0125821 0.000772646 9.9964E-05 0.00582002
9.99201E-05 9.99201E-05 9.99201E-05 9.99201E-05 9.99201E-05 9.99201E-05 9.99201E-05 0.999101 9.99201E-05 9.99201E-05
0.0412157 0.0365325 0.093848 0.0953416 0.0320864 0.0405005 0.0227081 0.564836 0.0441413 0.0287903
0.00790696 0.00925166 0.000704778 0.00408099 0.00473247 9.9982E-05 0.969715 0.00244902 9.9982E-05 0.000959445
0.0110816 0.00548911 9.99823E-05 0.00464806 0.00630362 0.00233103 0.000854271 9.99823E-05 0.000236026 0.968856
9.9982E-05 0.0116339 9.9982E-05 0.0037969 0.00779089 0.0127437 0.00249422 0.0175922 0.940313 0.00343568
0.00817557 0.0151197 0.0387408 0.0288948 0.0131868 0.0188476 0.0158235 0.0122331 0.0106705 0.838307
0.999101 9.99201E-05 9.99201E-05 9.99201E-05 9.99201E-05 9.99201E-05 9.99201E-05 9.99201E-05 9.99201E-05 9.99201E-05
0.0645853 0.0634561 0.419078 0.128553 0.104618 0.0470486 0.0308165 0.0466345 0.0492865 0.0459243
9.99201E-05 9.99201E-05 9.99201E-05 9.99201E-05 9.99201E-05 0.999101 9.99201E-05 9.99201E-05 9.99201E-05 9.99201E-05
0.054088 0.0565058 0.38483 0.120393 0.116449 0.0638391 0.0576175 0.0480955 0.040531 0.0576517
0.00745558 0.0354947 0.679442 0.0968601 0.0382486 0.020335 0.0345882 0.023689 0.0247998 0.0390871
9.99201E-05 9.99201E-05 0.999101 9.99201E-05 9.99201E-05 9.99201E-05 9.99201E-05 9.99201E-05 9.99201E-05 9.99201E-05
0.370818 0.00949774 0.197936 0.157342 0.0472039 0.0644436 0.0563818 0.079034 9.9991E-05 0.0172443
0.0892726 0.0702086 0.267598 0.182742 0.0554407 0.0845382 0.080465 0.0759893 0.0206646 0.073081
0.00992156 0.0605073 0.184646 0.105573 0.351805 0.0474038 0.0538211 0.068904 0.0643406 0.0530777
0.0231035 0.000856823 9.9991E-05 0.918559 0.0113543 0.00495018 0.00923303 0.0263412 0.00260658 0.00289564
9.99201E-05 9.99201E-05 9.99201E-05 9.99201E-05 0.999101 9.99201E-05 9.99201E-05 9.99201E-05 9.99201E-05 9.99201E-05
0.017428 0.0242832 0.0702282 0.76559 0.0350898 0.0145394 0.0217391 0.0226886 0.0203028 0.00811117
9.99201E-05 0.999101 9.99201E-05 9.99201E-05 9.99201E-05 9.99201E-05 9.99201E-05 9.99201E-05 9.99201E-05 9.99201E-05
9.99201E-05 0.999101 9.99201E-05 9.99201E-05 9.99201E-05 9.99201E-05 9.99201E-05 9.99201E-05 9.99201E-05 9.99201E-05
9.99201E-05 9.99201E-05 9.99201E-05 9.99201E-05 9.99201E-05 9.99201E-05 9.99201E-05 0.999101 9.99201E-05 9.99201E-05
0.0368715 0.0261056 0.0752945 0.10669 0.0403322 0.0423796 0.030819 0.572815 0.0340873 0.0346054
0.00715947 0.00641531 0.0280709 0.0452563 0.0196697 0.00402116 0.838905 0.0202661 0.0111267 0.0191089
9.99201E-05 9.99201E-05 9.99201E-05 9.99201E-05 9.99201E-05 9.99201E-05 9.99201E-05 9.99201E-05 9.99201E-05 0.999101
9.99201E-05 9.99201E-05 9.99201E-05 9.99201E-05 9.99201E-05 9.99201E-05 9.99201E-05 9.99201E-05 0.999101 9.99201E-05
0.0200156 0.0358742 0.0522507 0.0381815 0.0249278 0.0259915 0.0198215 0.0322232 0.0106847 0.740029
0.999101 9.99201E-05 9.99201E-05 9.99201E-05 9.99201E-05 9.99201E-05 9.99201E-05 9.99201E-05 9.99201E-05 9.99201E-05
0.0444455 0.0508308 0.473532 0.113286 0.115936 0.0389694 0.0393703 0.0278365 0.0506645 0.045128
9.99201E-05 9.99201E-05 9.99201E-05 9.99201E-05 9.99201E-05 0.999101 9.99201E-05 9.99201E-05 9.99201E-05 9.99201E-05
0.125409 0.0435662 0.239793 0.165243 0.095472 0.0745635 0.072575 0.0882421 0.0213781 0.0737579
0.0611287 0.0466399 0.442128 0.135477 0.0982527 0.0649416 0.0539063 0.0293516 0.0348437 0.0333308
0.0355208 0.0340991 0.659392 0.0979855 0.0320307 0.0238912 0.0482324 0.047117 0.0018423 0.0198886
0.0142508 0.0283961 0.825672 0.018255 0.0211264 0.0236311 0.0223333 0.0104876 0.0128558 0.0229922
0.274603 0.0352193 0.206314 0.13383 0.0590824 0.0707401 0.0722782 0.0852574 0.0204837 0.0421914
0.0995957 0.0600286 0.252779 0.185636 0.070221 0.0859372 0.0836067 0.0665757 0.0156873 0.0799326
9.999E-05 0.0193 0.0161253 0.0397326 0.840055 0.0182752 0.015909 0.0355573 0.00730705 0.00763866
0.0165508 0.00311528 9.9964E-05 0.944283 9.9964E-05 0.0177275 9.9964E-05 0.00510106 9.9964E-05 0.0128229
0.00947 0.0135346 0.00288289 9.9973E-05 0.925434 0.0212332 0.0112051 9.9973E-05 9.9973E-05 0.0159407
9.99201E-05 9.99201E-05 9.99201E-05 0.999101 9.99201E-05 9.99201E-05 9.99201E-05 9.99201E-05 9.99201E-05 9.99201E-05
0.0121368 0.945367 9.9964E-05 9.9964E-05 0.0112319 9.9964E-05 9.9964E-05 0.0206802 0.00635417 0.00383036
9.99201E-05 0.999101 9.99201E-05 9.99201E-05 9.99201E-05 9.99201E-05 9.99201E-05 9.99201E-05 9.99201E-05 9.99201E-05
9.99201E-05 9.99201E-05 9.99201E-05 9.99201E-05 9.99201E-05 9.99201E-05 9.99201E-05 0.999101 9.99201E-05 9.99201E-05
0.00655858 0.00428211 0.0241971 0.0208559 0.000205256 0.0132563 0.00457342 0.91318 0.00324799 0.00964308
9.9928E-05 0.00289202 9.9928E-05 9.9928E-05 9.9928E-05 9.9928E-05 0.996309 9.9928E-05 9.9928E-05 9.9928E-05
9.99201E-05 9.99201E-05 9.99201E-05 9.99201E-05 9.99201E-05 9.99201E-05 9.99201E-05 9.99201E-05 9.99201E-05 0.999101
9.99201E-05 9.99201E-05 9.99201E-05 9.99201E-05 9.99201E-05 9.99201E-05 9.99201E-05 9.99201E-05 0.999101 9.99201E-05
9.99201E-05 9.99201E-05 9.99201E-05 9.99201E-05 9.99201E-05 9.99201E-05 9.99201E-05 9.99201E-05 9.99201E-05 0.999101
0.999101 9.99201E-05 9.99201E-05 9.99201E-05 9.99201E-05 9.99201E-05 9.99201E-05 9.99201E-05 9.99201E-05 9.99201E-05
0.0929085 0.0528492 0.335388 0.180551 0.0573822 0.0666772 0.0586993 0.0649812 0.00337473 0.0871894
9.9955E-05 0.0015054 9.9955E-05 0.00121913 9.9955E-05 0.984009 9.9955E-05 9.9955E-05 0.0102189 0.00254792
0.124093 0.0350278 0.218539 0.175223 0.106782 0.0802477 0.0714965 0.0930922 0.0237795 0.0717186
0.0972279 0.049263 0.318533 0.156025 0.100725 0.0465657 0.0666575 0.0615831 0.0342163 0.0692038
0.0420659 0.0345127 0.688438 0.0984789 0.0132407 0.026214 0.0446954 0.0352736 0.00982885 0.00725212
0.034362 0.0101669 0.80232 0.032753 0.0455784 0.0115414 0.0121668 0.022637 0.00333279 0.0251415
0.40872 9.9982E-05 0.205688 0.139975 0.044603 0.0659579 0.0635704 0.0584893 9.9982E-05 0.0127959
0.0786718 0.0734617 0.281231 0.160554 0.0593039 0.0747187 0.0710683 0.086133 0.0282387 0.0866197
0.0123683 0.0189006 0.0131937 0.0502654 0.824215 0.0213249 0.0181551 0.0291565 0.00480575 0.007615
9.99201E-05 9.99201E-05 9.99201E-05 0.999101 9.99201E-05 9.99201E-05 9.99201E-05 9.99201E-05 9.99201E-05 9.99201E-05
9.99201E-05 9.99201E-05 9.99201E-05 9.99201E-05 0.999101 9.99201E-05 9.99201E-05 9.99201E-05 9.99201E-05 9.99201E-05
9.99201E-05 9.99201E-05 9.99201E-05 0.999101 9.99201E-05 9.99201E-05 9.99201E-05 9.99201E-05 9.99201E-05 9.99201E-05
0.0119615 0.948716 9.9964E-05 9.9964E-05 0.0147489 0.00741044 9.9964E-05 0.00710433 0.00965884 9.9964E-05
9.9937E-05 0.992468 9.9937E-05 0.00151987 9.9937E-05 9.9937E-05 0.0053129 9.9937E-05 9.9937E-05 9.9937E-05
9.99201E-05 9.99201E-05 9.99201E-05 9.99201E-05 9.99201E-05 9.99201E-05 9.99201E-05 0.999101 9.99201E-05 9.99201E-05
9.99201E-05 9.99201E-05 9.99201E-05 9.99201E-05 9.99201E-05 9.99201E-05 9.99201E-05 0.999101 9.99201E-05 9.99201E-05
9.9955E-05 9.9955E-05 9.9955E-05 9.9955E-05 0.00438682 9.9955E-05 0.969007 0.00448799 0.00900618 0.0126118
0.0017548 9.9964E-05 9.9964E-05 0.00303009 9.9964E-05 9.9964E-05 0.00931085 0.0112894 0.00215923 0.972056
0.364332 0.0506078 0.0960415 0.0981564 0.0534531 0.013423 0.055428 0.0442397 0.187508 0.0368109
0.00995116 0.00161688 0.0108431 9.9991E-05 0.00152734 0.00478876 0.00062417 0.00329633 0.00230887 0.964943
9.99363E-05 0.00160665 9.99363E-05 9.99363E-05 9.99363E-05 0.997594 9.99363E-05 9.99363E-05 9.99363E-05 9.99363E-05
0.0447749 0.0674663 0.400283 0.14224 0.134401 0.0467877 0.0370078 0.0491363 0.0453744 0.0325283
0.137027 0.043213 0.235333 0.160553 0.103401 0.0764507 0.0674855 0.0905521 0.0170917 0.0688944
0.0882683 0.0648441 0.31073 0.15031 0.085813 0.0532365 0.081118 0.0450911 0.051299 0.0692903
0.0486177 0.0358387 0.705807 0.0888991 0.00496644 0.0244662 0.0397186 0.0298424 0.00754094 0.0143025
0.0239553 0.030746 0.690798 0.0498921 0.0424376 0.0346483 0.0442781 0.0127846 0.0354528 0.0350073
0.128899 0.0116175 0.304905 0.199894 0.0792748 0.0898259 0.0601809 0.0664674 0.0371567 0.021779
0.399886 9.9982E-05 0.202587 0.14363 0.049074 0.0689527 0.0539306 0.0595384 9.9982E-05 0.0222013
0.10188 0.0327263 0.334044 0.175217 0.05429 0.0634536 0.0598956 0.0643461 0.019003 0.0951448
0.00749855 0.0217053 9.9982E-05 0.038644 0.869151 0.0092156 0.0230885 0.0238013 0.00669557 9.9982E-05
9.99201E-05 9.99201E-05 9.99201E-05 0.999101 9.99201E-05 9.99201E-05 9.99201E-05 9.99201E-05 9.99201E-05 9.99201E-05
9.99201E-05 9.99201E-05 9.99201E-05 9.99201E-05 0.999101 9.99201E-05 9.99201E-05 9.99201E-05 9.99201E-05 9.99201E-05
9.9946E-05 9.9946E-05 9.9946E-05 0.993914 9.9946E-05 9.9946E-05 0.00237797 9.9946E-05 0.000299895 0.00280804
9.9937E-05 0.990758 9.9937E-05 9.9937E-05 0.00400069 9.9937E-05 9.9937E-05 9.9937E-05 0.00454186 9.9937E-05
0.00681264 0.00108579 9.9955E-05 0.0210051 9.9955E-05 0.01032 9.9955E-05 0.960277 9.9955E-05 9.9955E-05
9.99201E-05 9.99201E-05 9.99201E-05 9.99201E-05 9.99201E-05 9.99201E-05 0.999101 9.99201E-05 9.99201E-05 9.99201E-05
0.0325236 0.0457539 0.134629 0.10998 0.0159126 0.0329528 0.49529 0.0714235 0.0188993 0.0426352
0.222051 0.0581435 0.169123 0.12432 0.0474568 0.0445797 0.0440215 0.0721882 0.176873 0.0412442
9.99201E-05 9.99201E-05 9.99201E-05 9.99201E-05 9.99201E-05 9.99201E-05 9.99201E-05 9.99201E-05 9.99201E-05 0.999101
9.99201E-05 9.99201E-05 9.99201E-05 9.99201E-05 9.99201E-05 9.99201E-05 9.99201E-05 9.99201E-05 0.999101 9.99201E-05
0.00249172 0.00931611 0.0192165 0.0230674 0.0214502 0.0142909 0.0141568 0.0219244 0.019238 0.854848
9.99201E-05 9.99201E-05 9.99201E-05 9.99201E-05 9.99201E-05 0.999101 9.99201E-05 9.99201E-05 9.99201E-05 9.99201E-05
0.0512017 0.0480565 0.357735 0.139008 0.123642 0.0547966 0.0661359 0.0708258 0.0474506 0.0411469
0.0938534 0.0524218 0.21557 0.174987 0.10534 0.0838551 0.0625961 0.091425 0.0445442 0.0754063
0.0384431 0.0573691 0.39423 0.149946 0.0949565 0.0561432 0.0438128 0.0588424 0.0577592 0.0484976
0.00974449 0.0158943 0.754999 0.0572415 0.0488551 0.0171683 0.0408077 0.00735326 0.0370245 0.0109115
0.0012416 0.0302278 0.906151 9.9964E-05 9.9964E-05 0.0233079 9.9964E-05 9.9964E-05 0.0253724 0.0132999
0.143321 0.00933321 0.32451 0.189994 0.0589974 0.0999186 0.0492653 0.0724491 0.0306404 0.0215711
0.332729 0.0226846 0.187877 0.142428 0.0666462 0.0624281 0.0735321 0.08504 9.9991E-05 0.0265349
0.107006 0.0380648 0.328599 0.183613 0.0483748 0.0773359 0.0657747 0.0548283 0.00817804 0.0882251
0.00696068 0.0253114 0.0179587 0.0412856 0.796197 0.024489 0.0260395 0.0311835 0.00957769 0.0209972
9.99201E-05 9.99201E-05 9.99201E-05 0.999101 9.99201E-05 9.99201E-05 9.99201E-05 9.99201E-05 9.99201E-05 9.99201E-05
9.99201E-05 9.99201E-05 9.99201E-05 9.99201E-05 0.999101 9.99201E-05 9.99201E-05 9.99201E-05 9.99201E-05 9.99201E-05
9.99201E-05 0.999101 9.99201E-05 9.99201E-05 9.99201E-05 9.99201E-05 9.99201E-05 9.99201E-05 9.99201E-05 9.99201E-05
