9.995E-05 9.995E-05 9.995E-05 9.995E-05 9.995E-05 0.9994 9.995E-05
0.0140697 0.00736859 9.9982E-05 9.9982E-05 0.956576 0.00225233 0.0195332
0.0248924 9.9982E-05 9.9982E-05 0.00567799 0.952734 0.0070147 0.00948053
9.995E-05 9.995E-05 0.9994 9.995E-05 9.995E-05 9.995E-05 9.995E-05
9.995E-05 9.995E-05 0.9994 9.995E-05 9.995E-05 9.995E-05 9.995E-05
0.710606 0.0535006 0.0398272 0.0361348 0.063143 0.054756 0.0420319
9.995E-05 0.9994 9.995E-05 9.995E-05 9.995E-05 9.995E-05 9.995E-05
0.9994 9.995E-05 9.995E-05 9.995E-05 9.995E-05 9.995E-05 9.995E-05
0.622868 0.0807741 0.0526855 0.104622 0.039721 0.0624841 0.0368448
9.9964E-05 0.00076493 9.9964E-05 9.9964E-05 0.0121954 9.9964E-05 0.98664
0.494502 0.0730351 0.087857 0.126231 0.0698458 0.0750956 0.0734329
0.522259 0.0886726 0.0628235 0.102503 0.0911255 0.0592139 0.0734015
0.786852 0.081013 0.0417899 0.0319991 0.0049081 0.0331525 0.0202858
0.855061 0.0711086 0.0214232 0.0486648 9.9991E-05 0.002677 0.000965154
0.326945 0.553909 0.0252601 0.0106745 0.0252621 0.0101842 0.0477652
0.708334 0.03735 0.0553843 0.0561807 0.0461289 0.014525 0.0820973
0.717214 0.0280876 0.0605323 0.0596908 0.0664254 0.00132451 0.0667253
0.543867 0.106073 0.0792878 0.0763067 0.0614325 0.0735332 0.0595006
0.0488808 0.0179307 0.0275413 0.803495 0.0385219 0.0320203 0.03161
0.650671 0.0586888 0.0658258 0.0790056 0.0607327 0.0498951 0.0351805
9.9973E-05 9.9973E-05 0.00162113 0.986763 0.00857917 0.00273682 9.9973E-05
0.781978 0.0444928 0.0629737 0.0475534 0.0114365 0.020475 0.0310904
0.0419459 0.0120273 0.00970031 9.9991E-05 0.0108028 0.919021 0.0064026
9.995E-05 9.995E-05 9.995E-05 9.995E-05 0.9994 9.995E-05 9.995E-05
0.0212992 0.0130324 0.00224383 0.00424529 0.926877 0.0148643 0.017438
9.995E-05 9.995E-05 0.9994 9.995E-05 9.995E-05 9.995E-05 9.995E-05
9.9955E-05 0.998104 9.9955E-05 9.9955E-05 0.00139671 9.9955E-05 9.9955E-05
0.9994 9.995E-05 9.995E-05 9.995E-05 9.995E-05 9.995E-05 9.995E-05
0.0201922 0.932194 0.0120381 0.00564241 0.00186503 0.0116625 0.0164055
0.9994 9.995E-05 9.995E-05 9.995E-05 9.995E-05 9.995E-05 9.995E-05
0.662162 0.0726527 0.0588979 0.127207 0.0143837 0.0520931 0.0126034
9.995E-05 9.995E-05 9.995E-05 9.995E-05 9.995E-05 9.995E-05 0.9994
0.438666 0.115387 0.0576699 0.129255 0.0844354 0.100941 0.0736454
0.793175 0.0750366 0.0485185 0.0389633 9.9991E-05 0.0272186 0.016988
0.831174 0.0627237 0.0345005 0.0575837 9.9982E-05 0.0138179 9.9982E-05
0.591823 0.0780951 0.06056 0.0758304 0.052767 0.0635482 0.0773768
0.717319 0.0325763 0.053345 0.0661182 0.0424395 0.00703535 0.0811671
0.631742 0.0716911 0.0758441 0.075071 0.0423158 0.0362343 0.0671017
0.737065 0.0438119 0.0521349 0.0592994 0.0304645 0.0276402 0.0495841
9.995E-05 9.995E-05 9.995E-05 0.9994 9.995E-05 9.995E-05 9.995E-05
0.674375 0.0473935 0.0640526 0.0811633 0.0422311 0.0548127 0.0359719
9.995E-05 9.995E-05 9.995E-05 9.995E-05 9.995E-05 0.9994 9.995E-05
0.0316029 0.00405807 0.00807332 0.000737451 9.9991E-05 0.952575 0.00285327
9.995E-05 9.995E-05 9.995E-05 9.995E-05 0.9994 9.995E-05 9.995E-05
0.0572484 0.0141158 0.00511363 0.00597169 0.875805 0.0202986 0.0214469
9.995E-05 9.995E-05 0.9994 9.995E-05 9.995E-05 9.995E-05 9.995E-05
9.995E-05 0.9994 9.995E-05 9.995E-05 9.995E-05 9.995E-05 9.995E-05
0.971612 0.00188168 0.00205465 9.9991E-05 0.00375557 0.0165596 0.0040364
9.995E-05 0.9994 9.995E-05 9.995E-05 9.995E-05 9.995E-05 9.995E-05
0.975313 0.00196966 0.00199487 9.9991E-05 0.0030273 0.0132167 0.00437843
0.622049 0.0811592 0.0564327 0.12352 0.0171496 0.0692286 0.0304606
9.9973E-05 9.9973E-05 0.00811488 9.9973E-05 0.00332989 0.00255284 0.985702
0.561986 0.071332 0.0801635 0.127288 0.0366809 0.069988 0.0525611
0.765536 0.0762602 0.0508086 0.0419255 0.0101498 0.0277623 0.0275578
0.791871 0.0564544 0.0426352 0.0685908 9.9991E-05 0.0236233 0.0167258
0.549207 0.0852284 0.0779875 0.0725243 0.0515227 0.0666899 0.0968403
0.710421 0.0307728 0.052709 0.0689065 0.0372463 0.0110994 0.0888449
0.332621 0.0530701 0.0553243 0.409543 0.06191 0.0431908 0.0443401
0.676723 0.0579754 0.0620176 0.0585706 0.0606193 0.0424493 0.0416444
9.995E-05 9.995E-05 9.995E-05 0.9994 9.995E-05 9.995E-05 9.995E-05
0.802135 0.0286919 0.0416625 0.04795 0.03089 0.0184514 0.0302193
9.9964E-05 9.9964E-05 9.9964E-05 0.00520015 0.00581142 0.988589 9.9964E-05
0.018273 0.0150285 0.012618 9.9973E-05 9.9973E-05 0.953781 9.9973E-05
9.995E-05 9.995E-05 9.995E-05 9.995E-05 0.9994 9.995E-05 9.995E-05
0.233692 0.0379194 0.0439713 0.0403871 0.568193 0.0344126 0.0414249
0.026077 9.9982E-05 0.961174 0.00951908 9.9982E-05 0.00182805 0.00120195
9.9982E-05 0.976494 0.00363102 0.00287945 9.9982E-05 0.014964 0.00183106
0.98499 9.9955E-05 9.9955E-05 9.9955E-05 0.0145103 9.9955E-05 9.9955E-05
0.0724546 0.845709 0.00480189 0.0146336 0.0370524 0.0104274 0.0149214
0.99696 9.9955E-05 9.9955E-05 9.9955E-05 9.9955E-05 0.00254041 9.9955E-05
0.593862 0.0887816 0.0573306 0.110781 0.0269845 0.0833355 0.0389242
9.995E-05 9.995E-05 9.995E-05 9.995E-05 9.995E-05 9.995E-05 0.9994
0.536299 0.0788179 0.0747594 0.137036 0.0427762 0.0676609 0.0626514
0.651882 0.0839579 0.0665473 0.0726888 0.0347191 0.0555759 0.0346286
0.839771 0.0604314 0.0310642 0.0649904 9.9982E-05 0.00354285 9.9982E-05
0.721051 0.0328937 0.0634742 0.0432348 0.0668959 0.00226715 0.0701836
0.550838 0.0814448 0.0819228 0.0727604 0.0537577 0.068663 0.0906129
0.351882 0.0540517 0.0543639 0.366203 0.0658536 0.0629996 0.0446459
0.759212 0.0383268 0.0594536 0.0533145 0.0380642 0.0266216 0.0250069
9.995E-05 9.995E-05 9.995E-05 0.9994 9.995E-05 9.995E-05 9.995E-05
0.723166 0.0471748 0.0621807 0.0658543 0.0302994 0.036331 0.0349934
9.995E-05 9.995E-05 9.995E-05 9.995E-05 9.995E-05 0.9994 9.995E-05
9.995E-05 9.995E-05 9.995E-05 9.995E-05 9.995E-05 0.9994 9.995E-05
9.995E-05 9.995E-05 9.995E-05 9.995E-05 0.9994 9.995E-05 9.995E-05
0.234694 0.0406227 0.0405574 0.0381852 0.571731 0.0323074 0.0419023
0.0719273 0.0200207 0.843292 0.0253768 0.0154105 0.0100673 0.0139051
9.995E-05 0.9994 9.995E-05 9.995E-05 9.995E-05 9.995E-05 9.995E-05
0.9994 9.995E-05 9.995E-05 9.995E-05 9.995E-05 9.995E-05 9.995E-05
0.130312 0.736874 0.0122329 0.0180043 0.0467813 0.0240747 0.0317207
0.99865 9.9955E-05 9.9955E-05 9.9955E-05 9.9955E-05 0.000850539 9.9955E-05
0.622162 0.0759032 0.0563355 0.123415 0.0262187 0.0623354 0.03363
9.995E-05 9.995E-05 9.995E-05 9.995E-05 9.995E-05 9.995E-05 0.9994
0.555496 0.0710916 0.0704389 0.0968498 0.0830824 0.0506484 0.072393
0.580651 0.0646632 0.0674911 0.12929 0.0276633 0.0541122 0.0761299
0.670732 0.0738263 0.0678206 0.053591 0.0442237 0.0449486 0.0448583
0.693612 0.0756023 0.0664985 0.0654952 0.00771901 0.0447852 0.0462873
0.636405 0.0513716 0.0706506 0.0535005 0.0841025 0.0391257 0.0648445
0.542483 0.0864811 0.0916561 0.0749301 0.0469609 0.0688633 0.0886255
0.0526097 0.00814581 0.0313273 0.839162 0.0253651 0.0183164 0.0250735
0.746604 0.053049 0.0420424 0.0539603 0.0260189 0.032512 0.0458136
0.0205891 0.0173973 0.00434403 0.93603 0.00962036 0.00756059 0.00445822
0.811804 0.0403185 0.0615938 0.0510678 9.9991E-05 0.0153345 0.0197819
0.0239837 9.9982E-05 9.9982E-05 0.00786467 0.00917108 0.951578 0.00720262
9.995E-05 9.995E-05 9.995E-05 9.995E-05 9.995E-05 0.9994 9.995E-05
9.995E-05 9.995E-05 9.995E-05 9.995E-05 0.9994 9.995E-05 9.995E-05
0.0337339 0.0109844 0.00700993 0.0026623 0.920554 0.00903584 0.0160197
9.995E-05 9.995E-05 0.9994 9.995E-05 9.995E-05 9.995E-05 9.995E-05
9.995E-05 0.9994 9.995E-05 9.995E-05 9.995E-05 9.995E-05 9.995E-05
0.9994 9.995E-05 9.995E-05 9.995E-05 9.995E-05 9.995E-05 9.995E-05
9.995E-05 0.9994 9.995E-05 9.995E-05 9.995E-05 9.995E-05 9.995E-05
0.993016 9.9955E-05 9.9955E-05 9.9955E-05 9.9955E-05 9.9955E-05 0.00648373
0.571264 0.11252 0.0704459 0.0649779 0.0397061 0.0658816 0.0752041
0.00990562 0.00514245 9.9973E-05 9.9973E-05 9.9973E-05 0.00357486 0.981077
0.541627 0.0760994 0.0688053 0.0964842 0.0851846 0.0425318 0.0892675
0.570005 0.0847935 0.0690477 0.126368 0.0519354 0.0493146 0.048536
0.689559 0.0562463 0.0764183 0.0509139 0.0296912 0.0518915 0.0452796
0.715531 0.0764736 0.0480411 0.0836274 0.0196012 0.0306728 0.0260534
0.757629 0.0161141 0.0617298 0.0378868 0.0618989 0.00133163 0.0634093
0.530338 0.10111 0.0758612 0.0756673 0.0679634 0.0712274 0.0778331
0.0768508 0.00682943 0.0184288 0.830927 0.0269122 0.0122754 0.0277761
0.80522 0.0383476 0.0363039 0.036318 0.0419639 0.0175428 0.0243039
9.995E-05 9.995E-05 9.995E-05 0.9994 9.995E-05 9.995E-05 9.995E-05
0.806334 0.0389917 0.0676792 0.0558472 9.9991E-05 0.0107337 0.0203141
0.00581642 9.9982E-05 9.9982E-05 0.0146245 0.0124463 0.952188 0.0147245
9.9964E-05 0.00243031 0.00707359 9.9964E-05 9.9964E-05 0.990096 9.9964E-05
9.995E-05 9.995E-05 9.995E-05 9.995E-05 0.9994 9.995E-05 9.995E-05
9.995E-05 9.995E-05 9.995E-05 9.995E-05 0.9994 9.995E-05 9.995E-05
0.00480994 0.000995731 0.977019 9.9991E-05 0.00997301 0.00643236 0.000669761
0.0231577 0.968898 0.00137106 9.9982E-05 0.00595792 0.000415101 9.9982E-05
0.753435 0.0329142 0.0489247 0.0538704 0.0496515 0.0458778 0.0153265
0.0106573 0.966474 0.00728798 0.00506149 0.00224093 9.9991E-05 0.0081783
9.9955E-05 0.00186064 9.9955E-05 9.9955E-05 9.9955E-05 9.9955E-05 0.99764
0.557303 0.0648947 0.0510011 0.153435 0.0384475 0.0751989 0.0597199
0.518718 0.0802263 0.063694 0.0999536 0.0926529 0.0511545 0.0936005
0.543481 0.0932041 0.0919208 0.102155 0.0453203 0.0677378 0.0561805
0.680209 0.0565111 0.0812984 0.0404588 0.0434022 0.0579025 0.0402178
0.65662 0.0791581 0.0777328 0.0788871 0.0130229 0.0488511 0.0457284
0.70169 0.0287098 0.0554321 0.0740459 0.0450565 0.0117665 0.0832995
0.746959 0.0290435 0.0523032 0.0462573 0.056195 0.00522106 0.0640208
0.609486 0.11245 0.0822353 0.0588498 0.0435254 0.045798 0.0476559
0.0357323 9.9991E-05 0.0259384 0.871968 0.0231775 0.0275417 0.0155424
0.83214 0.0346645 0.0448999 0.0249181 0.0262468 0.00881287 0.0283177
9.995E-05 9.995E-05 9.995E-05 0.9994 9.995E-05 9.995E-05 9.995E-05
0.806966 0.0474141 0.0556312 0.0460708 9.9991E-05 0.0219236 0.0218939
9.9955E-05 9.9955E-05 9.9955E-05 0.00584777 9.9955E-05 0.993652 9.9955E-05
9.9964E-05 9.9964E-05 9.9964E-05 9.9964E-05 0.971056 0.0108953 0.0176488
9.995E-05 9.995E-05 0.9994 9.995E-05 9.995E-05 9.995E-05 9.995E-05
0.266961 0.0558892 0.503747 0.024609 0.0765598 0.044082 0.0281524
0.697222 0.0364078 0.0392057 0.0526081 0.0688684 0.0607251 0.0449631
9.995E-05 0.9994 9.995E-05 9.995E-05 9.995E-05 9.995E-05 9.995E-05
0.9994 9.995E-05 9.995E-05 9.995E-05 9.995E-05 9.995E-05 9.995E-05
0.0454549 0.846451 0.0174852 0.0265431 0.0246134 0.0169654 0.0224867
9.995E-05 9.995E-05 9.995E-05 9.995E-05 9.995E-05 9.995E-05 0.9994
0.558545 0.0593737 0.0704599 0.140917 0.0604852 0.0551739 0.055045
0.516269 0.0847807 0.0701692 0.108867 0.0889116 0.0523426 0.0786599
0.549279 0.0799631 0.0597711 0.127986 0.0532137 0.0784813 0.0513058
0.706176 0.0611807 0.0784222 0.0767815 0.00842735 0.0313397 0.0376728
0.735047 0.0784286 0.0456352 0.046484 0.00509002 0.0444962 0.0448192
0.71826 0.0266826 0.0505098 0.055128 0.0505973 0.00694279 0.0918791
0.670139 0.0361907 0.0702543 0.0682584 0.059591 0.0285248 0.0670416
0.607207 0.0992456 0.0797072 0.0693627 0.0415675 0.0398643 0.0630453
0.080838 0.0156246 0.0324592 0.792602 0.0330917 0.0208684 0.024516
0.811833 0.0385376 0.0401633 0.033107 0.0353299 0.0261477 0.0148809
9.995E-05 9.995E-05 9.995E-05 0.9994 9.995E-05 9.995E-05 9.995E-05
9.995E-05 9.995E-05 9.995E-05 9.995E-05 9.995E-05 0.9994 9.995E-05
