9.995E-05 9.995E-05 9.995E-05 9.995E-05 0.9994 9.995E-05 9.995E-05
0.945022 9.9982E-05 0.0222786 0.00479859 0.00743976 0.0202611 9.9982E-05
0.950364 0.00308595 0.0191672 0.00529163 0.00230562 0.0165338 0.00325175
9.995E-05 9.995E-05 9.995E-05 9.995E-05 9.995E-05 9.995E-05 0.9994
9.995E-05 9.995E-05 9.995E-05 9.995E-05 9.995E-05 9.995E-05 0.9994
0.0645789 0.0349582 0.0388043 0.0480527 0.0581377 0.712296 0.0431721
9.995E-05 9.995E-05 9.995E-05 0.9994 9.995E-05 9.995E-05 9.995E-05
9.995E-05 9.995E-05 9.995E-05 9.995E-05 9.995E-05 0.9994 9.995E-05
0.0251184 0.126937 0.0377141 0.0928058 0.0615528 0.600507 0.0553655
0.00832724 9.9973E-05 0.980646 0.00714672 9.9973E-05 9.9973E-05 0.00357972
0.0637776 0.119248 0.0662403 0.0691758 0.0799244 0.517561 0.084073
0.0933756 0.109701 0.0738336 0.0904779 0.0625446 0.508667 0.0614004
0.0091594 0.041998 0.013353 0.0752911 0.0275001 0.79395 0.0387487
9.9982E-05 0.0474008 9.9982E-05 0.067397 0.0146153 0.851669 0.0187178
0.0271424 0.0207592 0.0505895 0.554092 0.0146832 0.299983 0.0327498
0.0372113 0.0431074 0.0858209 0.031787 0.00178364 0.746923 0.053367
0.0708311 0.0458147 0.0574305 0.0394917 0.00153673 0.715004 0.0698918
0.0625828 0.0669595 0.0573253 0.0966959 0.065207 0.566231 0.0849985
0.0409566 0.796704 0.029376 0.0174681 0.0178811 0.0638183 0.0337955
0.0240957 0.0784166 0.0378602 0.0694328 0.0414443 0.673369 0.0753818
0.00125482 0.983336 0.00370364 0.00507372 9.9991E-05 0.00459389 0.00193761
0.00690213 0.056067 0.0281023 0.0468247 0.0280655 0.773392 0.060646
0.00256522 9.9982E-05 9.9982E-05 0.0236441 0.925155 0.0350134 0.0134219
0.9994 9.995E-05 9.995E-05 9.995E-05 9.995E-05 9.995E-05 9.995E-05
0.920211 9.9982E-05 0.0266609 0.021565 0.0130216 0.0183413 9.9982E-05
9.995E-05 9.995E-05 9.995E-05 9.995E-05 9.995E-05 9.995E-05 0.9994
9.995E-05 9.995E-05 9.995E-05 0.9994 9.995E-05 9.995E-05 9.995E-05
9.995E-05 9.995E-05 9.995E-05 9.995E-05 9.995E-05 0.9994 9.995E-05
0.0123297 0.00472867 0.0173229 0.922998 0.00709308 0.0324029 0.00312464
9.995E-05 9.995E-05 9.995E-05 9.995E-05 9.995E-05 0.9994 9.995E-05
0.0118321 0.127088 0.0226845 0.062561 0.0542114 0.660266 0.0613571
9.995E-05 9.995E-05 0.9994 9.995E-05 9.995E-05 9.995E-05 9.995E-05
0.0831311 0.109326 0.0733101 0.118922 0.106085 0.42601 0.0832158
9.999E-05 0.0519999 0.0116192 0.070955 0.0255053 0.791914 0.0479069
9.9982E-05 0.0545992 9.9982E-05 0.0686923 0.0220105 0.826639 0.0278589
0.0561293 0.0825165 0.0772816 0.0732518 0.0717555 0.57625 0.0628148
0.0323852 0.0630529 0.0808935 0.0175498 0.0128931 0.749471 0.0437546
0.0285552 0.0931103 0.0677975 0.0712945 0.0431105 0.625642 0.0704902
0.0196151 0.0558786 0.0442803 0.0481109 0.0200852 0.772128 0.0399023
9.995E-05 0.9994 9.995E-05 9.995E-05 9.995E-05 9.995E-05 9.995E-05
0.0395327 0.0761541 0.0367216 0.065189 0.0524965 0.664078 0.0658278
9.995E-05 9.995E-05 9.995E-05 9.995E-05 0.9994 9.995E-05 9.995E-05
9.999E-05 0.00888559 0.00868279 0.0019967 0.947783 0.0200552 0.0124963
0.9994 9.995E-05 9.995E-05 9.995E-05 9.995E-05 9.995E-05 9.995E-05
0.8766 0.00882793 0.016041 0.013019 0.00811392 0.0670454 0.0103525
9.995E-05 9.995E-05 9.995E-05 9.995E-05 9.995E-05 9.995E-05 0.9994
9.995E-05 9.995E-05 9.995E-05 0.9994 9.995E-05 9.995E-05 9.995E-05
0.00528533 9.9991E-05 0.00983621 0.00930282 0.0077096 0.963701 0.00406532
9.995E-05 9.995E-05 9.995E-05 0.9994 9.995E-05 9.995E-05 9.995E-05
0.00873617 9.9982E-05 0.00892671 9.9982E-05 0.018686 0.962832 0.000619043
0.0319903 0.127187 0.0319878 0.0792889 0.0735473 0.583832 0.0721664
0.00138484 0.00298085 0.991061 9.9973E-05 9.9973E-05 9.9973E-05 0.00427366
0.0420016 0.125642 0.0589373 0.0761784 0.0545954 0.569816 0.0728291
0.00622668 0.0509296 0.0177389 0.0655599 0.0340653 0.782085 0.0433948
0.0110632 0.061581 0.0188325 0.0573338 0.0262848 0.785601 0.0393036
0.0571454 0.0784471 0.0854458 0.0865494 0.069337 0.539533 0.0835419
0.0329213 0.0716266 0.0699055 0.0279974 0.00451184 0.743882 0.0491548
0.0683874 0.407827 0.0514469 0.059568 0.045805 0.316369 0.0505965
0.0402329 0.0540256 0.0534111 0.0576128 0.0245945 0.719237 0.0508858
9.995E-05 0.9994 9.995E-05 9.995E-05 9.995E-05 9.995E-05 9.995E-05
0.0235385 0.0331168 0.0372454 0.0330778 0.0240169 0.815959 0.0330456
0.0147363 0.00297643 9.9964E-05 9.9964E-05 0.981887 9.9964E-05 9.9964E-05
0.00540134 9.9982E-05 9.9982E-05 0.0170359 0.959958 0.00621202 0.0111931
0.9994 9.995E-05 9.995E-05 9.995E-05 9.995E-05 9.995E-05 9.995E-05
0.578459 0.0367954 0.0471929 0.0362981 0.0379461 0.231313 0.0319948
9.9982E-05 0.0135601 9.9982E-05 0.0139541 0.00686649 0.00521228 0.960207
0.00530998 0.00425782 0.00271807 0.978009 0.00608068 0.00352441 9.9991E-05
0.00467272 9.99549E-05 9.99549E-05 9.99549E-05 9.99549E-05 0.994828 9.99549E-05
0.028177 0.0181229 0.025388 0.851723 0.0190444 0.050784 0.00676073
0.00214894 9.9973E-05 0.00581239 9.9973E-05 0.00342221 0.988317 9.9973E-05
0.0315626 0.126944 0.0453202 0.073018 0.0673701 0.581776 0.0740099
9.995E-05 9.995E-05 0.9994 9.995E-05 9.995E-05 9.995E-05 9.995E-05
0.048284 0.12668 0.0630504 0.0717708 0.0632651 0.551653 0.0752967
0.0329297 0.0652663 0.0345859 0.0856747 0.0549601 0.661194 0.0653891
9.9991E-05 0.061796 0.000728785 0.066623 0.00640813 0.838183 0.0261609
0.0649802 0.0493598 0.0645885 0.0279453 0.0179095 0.709701 0.065516
0.0698622 0.0735835 0.076961 0.0942533 0.069448 0.530845 0.0850471
0.0684497 0.374506 0.0510934 0.0516065 0.0549288 0.333919 0.0654965
0.0539837 0.0503299 0.0298946 0.048508 0.0308322 0.735426 0.0510251
9.995E-05 0.9994 9.995E-05 9.995E-05 9.995E-05 9.995E-05 9.995E-05
0.044854 0.0524983 0.0226396 0.0569785 0.0356434 0.725588 0.0617984
9.995E-05 9.995E-05 9.995E-05 9.995E-05 0.9994 9.995E-05 9.995E-05
9.995E-05 9.995E-05 9.995E-05 9.995E-05 0.9994 9.995E-05 9.995E-05
0.9994 9.995E-05 9.995E-05 9.995E-05 9.995E-05 9.995E-05 9.995E-05
0.576082 0.0476667 0.0452481 0.0392854 0.0323028 0.234215 0.0252002
0.0121822 0.0264923 0.0137206 0.0248013 0.00720056 0.0789645 0.836638
9.995E-05 9.995E-05 9.995E-05 0.9994 9.995E-05 9.995E-05 9.995E-05
9.995E-05 9.995E-05 9.995E-05 9.995E-05 9.995E-05 0.9994 9.995E-05
0.0479808 0.0244343 0.0206144 0.742759 0.0348701 0.100012 0.0293289
9.9964E-05 9.9964E-05 0.00289836 9.9964E-05 0.00276363 0.993938 9.9964E-05
0.0126956 0.137877 0.0310581 0.0737425 0.059342 0.631708 0.0535765
9.995E-05 9.995E-05 0.9994 9.995E-05 9.995E-05 9.995E-05 9.995E-05
0.0868012 0.10482 0.0850693 0.0782756 0.0457726 0.513828 0.085434
0.0281439 0.130745 0.0670517 0.0668188 0.0550583 0.582841 0.0693414
0.0426206 0.058289 0.0463297 0.0614515 0.0489704 0.670869 0.0714701
0.00889306 0.0588837 0.047022 0.0839693 0.0457208 0.701226 0.0542856
0.0769594 0.0512258 0.0637203 0.0597581 0.0348427 0.65428 0.0592136
0.0570507 0.0586768 0.0850686 0.087691 0.0712536 0.537621 0.102638
0.0280736 0.847108 0.0239408 0.00884313 0.0178941 0.0524382 0.0217018
0.0313435 0.0499976 0.0405249 0.0566731 0.0346962 0.750062 0.0367032
0.00826928 0.937393 0.0124727 0.0100315 0.00812672 0.023607 9.9991E-05
9.9991E-05 0.0558926 0.00659118 0.0466924 0.015743 0.819186 0.055795
0.0206433 0.0021703 0.0043434 0.00133556 0.951276 0.0201318 9.9991E-05
9.995E-05 9.995E-05 9.995E-05 9.995E-05 0.9994 9.995E-05 9.995E-05
0.9994 9.995E-05 9.995E-05 9.995E-05 9.995E-05 9.995E-05 9.995E-05
0.92017 0.0039711 0.0142224 0.00366313 0.0136757 0.0378325 0.00646528
9.995E-05 9.995E-05 9.995E-05 9.995E-05 9.995E-05 9.995E-05 0.9994
9.995E-05 9.995E-05 9.995E-05 0.9994 9.995E-05 9.995E-05 9.995E-05
9.995E-05 9.995E-05 9.995E-05 9.995E-05 9.995E-05 0.9994 9.995E-05
9.995E-05 9.995E-05 9.995E-05 0.9994 9.995E-05 9.995E-05 9.995E-05
9.9955E-05 9.9955E-05 0.00352178 9.9955E-05 9.9955E-05 0.995978 9.9955E-05
0.0466227 0.0720061 0.0784667 0.112387 0.0630299 0.559097 0.0683899
9.9982E-05 9.9982E-05 0.97834 0.00387784 0.00184867 0.0154502 0.000283687
0.0851395 0.110892 0.0932784 0.0836693 0.0458886 0.506832 0.0743008
0.0537627 0.114398 0.0383709 0.085279 0.0495856 0.57092 0.0876836
0.0181977 0.0535115 0.0376398 0.0529373 0.0488244 0.722307 0.0665819
0.0290604 0.0804005 0.0168925 0.0771086 0.0291618 0.719496 0.0478807
0.0543688 0.0404717 0.0659352 0.0221571 0.00229223 0.752488 0.0622871
0.0705124 0.0810483 0.0804939 0.101228 0.0679754 0.526178 0.0725639
0.0283881 0.819198 0.0170208 9.9991E-05 0.0275898 0.0793893 0.0283145
0.0248824 0.0383438 0.0205845 0.0469229 0.0139632 0.815741 0.0395625
9.995E-05 0.9994 9.995E-05 9.995E-05 9.995E-05 9.995E-05 9.995E-05
9.9991E-05 0.0520369 0.01831 0.043351 0.013701 0.809974 0.0625272
0.00708534 0.00720716 0.00791752 0.00341862 0.957851 0.01642 9.9991E-05
9.9955E-05 9.9955E-05 9.9955E-05 9.9955E-05 0.992203 9.9955E-05 0.00729703
0.9994 9.995E-05 9.995E-05 9.995E-05 9.995E-05 9.995E-05 9.995E-05
0.9994 9.995E-05 9.995E-05 9.995E-05 9.995E-05 9.995E-05 9.995E-05
0.00395098 0.00616228 9.9991E-05 0.00254692 0.00405061 0.00386708 0.979322
0.00266605 9.9973E-05 9.9973E-05 0.984435 0.00371269 9.9973E-05 0.00888621
0.0398297 0.0583191 0.0189818 0.0299868 0.0489572 0.748298 0.0556273
0.00268881 0.0118094 0.00864983 0.972019 0.000278599 0.00293939 0.00161443
0.00332087 0.000696964 0.990655 0.00397372 0.00115397 9.9982E-05 9.9982E-05
0.048322 0.148977 0.0515952 0.0545094 0.0695849 0.576099 0.0509127
0.089848 0.10405 0.0885325 0.0788732 0.0514024 0.514633 0.0726612
0.0391512 0.101922 0.05245 0.0865206 0.0669471 0.563747 0.0892617
0.0278125 0.0381856 0.0419863 0.0650808 0.0470565 0.69807 0.0818082
0.0132275 0.0658523 0.0442053 0.0867809 0.0396023 0.68427 0.0660619
0.0405001 0.0695549 0.0725702 0.0287273 0.0101352 0.728373 0.0501392
0.059458 0.0421859 0.0654868 0.0257464 0.00759767 0.742043 0.0574822
0.0499527 0.0583444 0.0478167 0.112244 0.0455427 0.596985 0.0891148
0.0316445 0.861816 0.0144326 0.00193265 0.0190511 0.0441438 0.0269789
0.0117993 0.0342343 0.0283432 0.0428527 0.00305894 0.841743 0.0379682
9.995E-05 0.9994 9.995E-05 9.995E-05 9.995E-05 9.995E-05 9.995E-05
9.9991E-05 0.0371882 0.0287564 0.0450071 0.0178852 0.808155 0.0629079
9.995E-05 9.995E-05 9.995E-05 9.995E-05 0.9994 9.995E-05 9.995E-05
0.966421 9.9973E-05 0.0221513 9.9973E-05 0.00562595 0.00550212 9.9973E-05
9.995E-05 9.995E-05 9.995E-05 9.995E-05 9.995E-05 9.995E-05 0.9994
0.0673055 0.0196934 0.028947 0.0547631 0.0581966 0.268679 0.502415
0.0699832 0.0477389 0.0461869 0.0465965 0.0583382 0.683938 0.0472182
9.995E-05 9.995E-05 9.995E-05 0.9994 9.995E-05 9.995E-05 9.995E-05
9.995E-05 9.995E-05 9.995E-05 9.995E-05 9.995E-05 0.9994 9.995E-05
0.0196262 0.0161282 0.00780104 0.865328 0.0263122 0.0472931 0.0175116
9.995E-05 9.995E-05 0.9994 9.995E-05 9.995E-05 9.995E-05 9.995E-05
0.0538785 0.154423 0.0467933 0.0722925 0.0564268 0.544416 0.0717698
0.0925878 0.106925 0.0838366 0.0887219 0.0531129 0.508125 0.0666911
0.049055 0.125307 0.0626456 0.0782121 0.062475 0.555914 0.0663914
0.00701544 0.0777007 0.0361012 0.0624722 0.031726 0.705513 0.0794718
0.00839163 0.0435912 0.0451331 0.0838031 0.0471223 0.735704 0.0362551
0.0488007 0.0461055 0.0826875 0.0407769 0.00457109 0.737093 0.039965
0.0647177 0.0632153 0.0727669 0.0432813 0.0347604 0.657718 0.0635406
0.0467929 0.0540703 0.0587215 0.11885 0.0435365 0.587591 0.0904383
0.0266925 0.800281 0.0391255 0.0137166 0.0160002 0.0750253 0.0291585
0.0222664 0.0306023 0.0286807 0.0442829 0.0251173 0.812124 0.0369261
9.995E-05 0.9994 9.995E-05 9.995E-05 9.995E-05 9.995E-05 9.995E-05
9.995E-05 9.995E-05 9.995E-05 9.995E-05 0.9994 9.995E-05 9.995E-05
