9.99011E-05 9.99011E-05 0.998901 9.99011E-05 9.99011E-05 9.99011E-05 9.99011E-05 9.99011E-05 9.99011E-05 9.99011E-05 9.99011E-05 9.99011E-05
9.9964E-05 9.9964E-05 0.000678228 9.9964E-05 0.00432761 0.943506 0.022013 0.00523558 9.9964E-05 0.00130968 0.0221161 0.000413799
0.0113325 9.9955E-05 9.9955E-05 9.9955E-05 0.0103219 0.942259 0.0180507 0.00939559 9.9955E-05 0.000762153 0.00737813 9.9955E-05
9.99009E-05 9.99009E-05 9.99009E-05 0.998901 9.99009E-05 9.99009E-05 9.99009E-05 9.99009E-05 9.99009E-05 9.99009E-05 9.99009E-05 9.99009E-05
9.9901E-05 9.9901E-05 9.9901E-05 0.998901 9.9901E-05 9.9901E-05 9.9901E-05 9.9901E-05 9.9901E-05 9.9901E-05 9.9901E-05 9.9901E-05
0.0362614 0.135108 0.0577406 0.0406524 0.0497561 0.058202 0.0942738 0.0571839 0.319785 0.0328388 0.0399075 0.0782902
9.9901E-05 9.9901E-05 9.9901E-05 9.9901E-05 9.9901E-05 9.9901E-05 9.9901E-05 0.998901 9.9901E-05 9.9901E-05 9.9901E-05 9.9901E-05
9.9901E-05 9.9901E-05 9.9901E-05 9.9901E-05 9.9901E-05 9.9901E-05 9.9901E-05 9.9901E-05 0.998901 9.9901E-05 9.9901E-05 9.9901E-05
0.0964315 0.415023 0.049102 0.0454416 0.0254678 0.0279894 0.129125 0.0520616 0.0261888 0.0361824 0.0225435 0.0744433
9.9937E-05 9.9937E-05 0.00348235 0.00635259 9.9937E-05 0.0099364 9.9937E-05 9.9937E-05 9.9937E-05 9.9937E-05 0.977394 0.00213555
0.0983452 0.265359 0.0533108 0.0653294 0.0443249 0.06954 0.133093 0.0532807 0.0450037 0.0576831 0.0491336 0.0655971
0.096092 0.15136 0.0497918 0.0500184 0.0938543 0.0889525 0.145839 0.0808647 0.0448061 0.0716346 0.0656343 0.0611525
9.99189E-05 0.991263 0.00468249 9.99189E-05 9.99189E-05 9.99189E-05 9.99189E-05 9.99189E-05 0.00315526 9.99189E-05 9.99189E-05 9.99189E-05
9.99008E-05 0.998901 9.99008E-05 9.99008E-05 9.99008E-05 9.99008E-05 9.99008E-05 9.99008E-05 9.99008E-05 9.99008E-05 9.99008E-05 9.99008E-05
0.00468038 0.158512 0.0147016 0.0195165 0.0509094 0.0344638 0.0459795 0.528228 9.9991E-05 0.0485885 0.0455092 0.0488114
9.9901E-05 9.9901E-05 9.9901E-05 9.9901E-05 9.9901E-05 9.9901E-05 9.9901E-05 9.9901E-05 9.9901E-05 0.998901 9.9901E-05 9.9901E-05
9.99009E-05 9.99009E-05 9.99009E-05 9.99009E-05 0.998901 9.99009E-05 9.99009E-05 9.99009E-05 9.99009E-05 9.99009E-05 9.99009E-05 9.99009E-05
0.0646261 0.21689 0.0556201 0.0589366 0.0737208 0.0681509 0.174765 0.0833234 0.0319146 0.0737123 0.0419541 0.0563863
0.795405 0.0116778 0.0293488 0.026898 0.0158096 0.0288195 0.02761 0.00842398 0.0137615 0.0139061 0.0275107 0.000829325
0.052228 0.0235818 0.0254792 0.0379723 0.00212821 0.0290493 0.725546 0.0252624 0.0179974 0.0121466 0.0191902 0.0294181
0.987397 9.9928E-05 9.9928E-05 9.9928E-05 9.9928E-05 0.0105829 9.9928E-05 9.9928E-05 0.000573582 0.000646676 9.9928E-05 9.9928E-05
0.0106123 0.0176668 9.9955E-05 0.0108022 0.0108136 9.9955E-05 0.933132 9.9955E-05 0.0120501 9.9955E-05 0.00442329 9.9955E-05
9.9955E-05 0.0217097 0.91852 0.00491391 9.9955E-05 0.00985216 0.0232655 0.0160251 0.0052141 9.9955E-05 9.9955E-05 9.9955E-05
9.99009E-05 9.99009E-05 9.99009E-05 9.99009E-05 9.99009E-05 0.998901 9.99009E-05 9.99009E-05 9.99009E-05 9.99009E-05 9.99009E-05 9.99009E-05
9.9964E-05 0.016026 0.00712838 9.9964E-05 0.0125766 0.916654 0.00678479 0.0107621 9.9964E-05 0.0126194 0.0170487 9.9964E-05
9.9901E-05 9.9901E-05 9.9901E-05 0.998901 9.9901E-05 9.9901E-05 9.9901E-05 9.9901E-05 9.9901E-05 9.9901E-05 9.9901E-05 9.9901E-05
9.9901E-05 9.9901E-05 9.9901E-05 9.9901E-05 9.9901E-05 9.9901E-05 9.9901E-05 0.998901 9.9901E-05 9.9901E-05 9.9901E-05 9.9901E-05
9.9901E-05 9.9901E-05 9.9901E-05 9.9901E-05 9.9901E-05 9.9901E-05 9.9901E-05 9.9901E-05 0.998901 9.9901E-05 9.9901E-05 9.9901E-05
0.00759268 9.9982E-05 0.00738454 0.00404479 0.0133066 0.00561957 0.0115069 0.926357 0.00156707 9.9982E-05 0.00413863 0.0182827
9.9964E-05 9.9964E-05 0.00235113 0.00689351 0.000928113 0.00779233 0.00663075 0.00540061 0.965458 9.9964E-05 0.00414588 9.9964E-05
0.0996557 0.467844 0.0379089 0.0431906 0.0168235 0.00744505 0.138179 0.0385196 0.0289649 0.0433093 0.010624 0.0675362
9.9901E-05 9.9901E-05 9.9901E-05 9.9901E-05 9.9901E-05 9.9901E-05 9.9901E-05 9.9901E-05 9.9901E-05 9.9901E-05 0.998901 9.9901E-05
0.0911266 0.186446 0.0970201 0.071525 0.0603896 0.0726093 0.115038 0.0881352 0.0619344 0.0551131 0.0518717 0.0487912
9.99189E-05 0.998717 9.99189E-05 9.99189E-05 9.99189E-05 9.99189E-05 9.99189E-05 0.000276127 0.000107249 9.99189E-05 9.99189E-05 9.99189E-05
9.99008E-05 0.998901 9.99008E-05 9.99008E-05 9.99008E-05 9.99008E-05 9.99008E-05 9.99008E-05 9.99008E-05 9.99008E-05 9.99008E-05 9.99008E-05
0.0629582 0.259395 0.0594266 0.0381574 0.115311 0.0466838 0.16798 0.0494954 0.011831 0.0947408 0.0568721 0.0371492
9.99009E-05 9.99009E-05 9.99009E-05 9.99009E-05 9.99009E-05 9.99009E-05 9.99009E-05 9.99009E-05 9.99009E-05 0.998901 9.99009E-05 9.99009E-05
0.0611533 0.0769706 0.0444246 0.0381385 0.440202 0.0195001 0.10998 0.0467073 0.0460904 0.0587333 0.0262261 0.0318737
9.9946E-05 9.9946E-05 0.00386666 9.9946E-05 9.9946E-05 9.9946E-05 0.945641 0.0104316 0.000823323 9.9946E-05 0.0152858 0.0233519
0.998901 9.99009E-05 9.99009E-05 9.99009E-05 9.99009E-05 9.99009E-05 9.99009E-05 9.99009E-05 9.99009E-05 9.99009E-05 9.99009E-05 9.99009E-05
0.0299239 0.0484988 0.0319689 0.0349863 0.0377088 0.026825 0.683895 0.0146084 0.0172948 0.0195824 0.0174916 0.0372162
9.9901E-05 9.9901E-05 0.998901 9.9901E-05 9.9901E-05 9.9901E-05 9.9901E-05 9.9901E-05 9.9901E-05 9.9901E-05 9.9901E-05 9.9901E-05
9.9946E-05 0.0120484 0.948482 0.00940739 9.9946E-05 9.9946E-05 0.0153562 0.0113867 9.9946E-05 0.00272003 9.9946E-05 9.9946E-05
9.99009E-05 9.99009E-05 9.99009E-05 9.99009E-05 9.99009E-05 0.998901 9.99009E-05 9.99009E-05 9.99009E-05 9.99009E-05 9.99009E-05 9.99009E-05
0.00831434 0.0239058 0.0138596 9.9991E-05 0.011218 0.870935 0.0193978 0.00580143 0.0150395 0.0140804 0.0171134 0.00023442
9.9901E-05 9.9901E-05 9.9901E-05 0.998901 9.9901E-05 9.9901E-05 9.9901E-05 9.9901E-05 9.9901E-05 9.9901E-05 9.9901E-05 9.9901E-05
9.9901E-05 9.9901E-05 9.9901E-05 9.9901E-05 9.9901E-05 9.9901E-05 9.9901E-05 0.998901 9.9901E-05 9.9901E-05 9.9901E-05 9.9901E-05
0.00978069 9.9946E-05 0.00741728 9.9946E-05 0.00347927 9.9946E-05 9.9946E-05 0.00245743 9.9946E-05 9.9946E-05 0.00023169 0.976034
9.9901E-05 9.9901E-05 9.9901E-05 9.9901E-05 9.9901E-05 9.9901E-05 9.9901E-05 0.998901 9.9901E-05 9.9901E-05 9.9901E-05 9.9901E-05
9.991E-05 9.991E-05 9.991E-05 0.00285437 9.991E-05 9.991E-05 9.991E-05 9.991E-05 9.991E-05 9.991E-05 9.991E-05 0.996147
0.0978913 0.409133 0.0559132 0.0396759 0.0215817 0.0198391 0.130611 0.065624 0.0329656 0.0389634 0.0305129 0.0572889
9.9937E-05 9.9937E-05 9.9937E-05 0.0105663 9.9937E-05 0.00297013 9.9937E-05 0.00213928 0.00689203 9.9937E-05 0.976733 9.9937E-05
0.109418 0.310905 0.0494462 0.054237 0.0529808 0.0423451 0.173792 0.0476388 0.0285679 0.0312061 0.0479137 0.0515485
9.99279E-05 0.971261 0.00525258 0.0121351 9.99279E-05 9.99279E-05 9.99279E-05 9.99279E-05 0.0105516 9.99279E-05 9.99279E-05 9.99279E-05
9.99009E-05 0.998901 9.99009E-05 9.99009E-05 9.99009E-05 9.99009E-05 9.99009E-05 9.99009E-05 9.99009E-05 9.99009E-05 9.99009E-05 9.99009E-05
0.0500906 0.20592 0.0595243 0.0697794 0.0688428 0.0639328 0.170702 0.0699364 0.014153 0.0790172 0.0656873 0.0824138
9.9901E-05 9.9901E-05 9.9901E-05 9.9901E-05 9.9901E-05 9.9901E-05 9.9901E-05 9.9901E-05 9.9901E-05 0.998901 9.9901E-05 9.9901E-05
0.396407 0.167867 0.0425752 0.0357942 0.0376434 0.0727914 0.082921 0.0390639 0.0395735 0.0267784 0.0475121 0.0110736
0.0200998 9.9991E-05 0.020899 0.00235398 0.00842168 0.0181871 0.848848 0.0165253 0.0148757 0.0065438 0.0181928 0.0249534
0.998901 9.99009E-05 9.99009E-05 9.99009E-05 9.99009E-05 9.99009E-05 9.99009E-05 9.99009E-05 9.99009E-05 9.99009E-05 9.99009E-05 9.99009E-05
9.99009E-05 9.99009E-05 9.99009E-05 9.99009E-05 9.99009E-05 9.99009E-05 0.998901 9.99009E-05 9.99009E-05 9.99009E-05 9.99009E-05 9.99009E-05
0.00210749 9.9955E-05 0.985045 9.9955E-05 0.00339547 0.00596734 9.9955E-05 9.9955E-05 0.000553801 0.00156789 9.9955E-05 0.000863021
9.9937E-05 9.9937E-05 0.945765 0.0185128 0.00082867 9.9937E-05 0.0268703 0.0073239 9.9937E-05 9.9937E-05 9.9937E-05 9.9937E-05
9.9901E-05 9.9901E-05 9.9901E-05 9.9901E-05 9.9901E-05 0.998901 9.9901E-05 9.9901E-05 9.9901E-05 9.9901E-05 9.9901E-05 9.9901E-05
0.0502031 0.0751882 0.0358424 0.0263072 0.0272907 0.561716 0.0746174 0.0315357 0.0322001 0.0309233 0.0271384 0.0270379
0.00343584 9.9955E-05 9.9955E-05 0.958058 0.0133832 9.9955E-05 0.00405342 0.00561394 9.9955E-05 0.0095867 0.00536925 9.9955E-05
0.00673565 9.9973E-05 0.000608947 9.9973E-05 0.00178421 0.00641089 9.9973E-05 0.971868 0.000328356 0.0070731 0.000777237 0.0041139
0.0160693 9.9946E-05 9.9946E-05 0.00474118 9.9946E-05 0.0182771 0.014642 9.9946E-05 0.933767 9.9946E-05 0.0119034 9.9946E-05
0.0124072 0.0176691 0.00559408 0.0110325 0.00737143 0.0108049 0.0315968 0.851819 0.024056 0.000451057 0.0216595 0.00553882
9.99009E-05 9.99009E-05 9.99009E-05 9.99009E-05 9.99009E-05 9.99009E-05 9.99009E-05 9.99009E-05 9.99009E-05 9.99009E-05 9.99009E-05 0.998901
0.0933032 0.376025 0.0746096 0.0444637 0.034737 0.0409193 0.116219 0.0435009 0.0393993 0.0294345 0.0486889 0.0586993
9.9901E-05 9.9901E-05 9.9901E-05 9.9901E-05 9.9901E-05 9.9901E-05 9.9901E-05 9.9901E-05 9.9901E-05 9.9901E-05 0.998901 9.9901E-05
0.114036 0.355291 0.0531613 0.0506848 0.0381657 0.0367496 0.12844 0.0505325 0.0433716 0.0305846 0.0586801 0.0403029
0.0296763 0.65772 0.0303936 0.021802 0.0317951 0.0287475 0.0829302 0.0332993 0.0339329 0.0298562 0.0175695 0.00227787
9.99008E-05 0.998901 9.99008E-05 9.99008E-05 9.99008E-05 9.99008E-05 9.99008E-05 9.99008E-05 9.99008E-05 9.99008E-05 9.99008E-05 9.99008E-05
9.99009E-05 9.99009E-05 9.99009E-05 9.99009E-05 0.998901 9.99009E-05 9.99009E-05 9.99009E-05 9.99009E-05 9.99009E-05 9.99009E-05 9.99009E-05
0.0452592 0.205124 0.0727348 0.0792618 0.0642106 0.0750477 0.159307 0.0681001 0.00938499 0.0791231 0.0771326 0.0653145
0.348947 0.151922 0.0615851 0.0366268 0.0462288 0.0575754 0.0793479 0.0448282 0.0566666 0.0339089 0.0541875 0.0281757
0.0171304 9.9982E-05 0.00270922 0.00123592 0.0164985 0.0161125 0.906125 0.0140203 0.00705558 9.9982E-05 0.00754375 0.011369
0.998901 9.99009E-05 9.99009E-05 9.99009E-05 9.99009E-05 9.99009E-05 9.99009E-05 9.99009E-05 9.99009E-05 9.99009E-05 9.99009E-05 9.99009E-05
0.0165787 0.0438396 0.0259677 0.0264902 0.0354436 0.0240398 0.754934 0.0082616 0.0258437 0.0239064 0.00794784 0.00674672
9.99191E-05 9.99191E-05 0.994589 9.99191E-05 0.00299578 9.99191E-05 9.99191E-05 9.99191E-05 0.00151572 9.99191E-05 9.99191E-05 9.99191E-05
9.99011E-05 9.99011E-05 0.998901 9.99011E-05 9.99011E-05 9.99011E-05 9.99011E-05 9.99011E-05 9.99011E-05 9.99011E-05 9.99011E-05 9.99011E-05
9.99009E-05 9.99009E-05 9.99009E-05 9.99009E-05 9.99009E-05 0.998901 9.99009E-05 9.99009E-05 9.99009E-05 9.99009E-05 9.99009E-05 9.99009E-05
0.0390193 0.0600849 0.036531 0.026829 0.0315326 0.569882 0.0886119 0.0271222 0.037032 0.0336037 0.0348269 0.0149244
0.0263244 0.016357 0.0147368 0.841842 9.9982E-05 0.012463 0.0511016 0.0152591 0.00357617 9.9982E-05 0.00798 0.0101601
9.9901E-05 9.9901E-05 9.9901E-05 9.9901E-05 9.9901E-05 9.9901E-05 9.9901E-05 0.998901 9.9901E-05 9.9901E-05 9.9901E-05 9.9901E-05
9.9901E-05 9.9901E-05 9.9901E-05 9.9901E-05 9.9901E-05 9.9901E-05 9.9901E-05 9.9901E-05 0.998901 9.9901E-05 9.9901E-05 9.9901E-05
0.0165023 0.0415376 0.0337131 0.0127793 0.00193959 0.0315022 0.0490693 0.72663 0.0136354 0.0226478 0.0311988 0.0188444
9.99009E-05 9.99009E-05 9.99009E-05 9.99009E-05 9.99009E-05 9.99009E-05 9.99009E-05 9.99009E-05 9.99009E-05 9.99009E-05 9.99009E-05 0.998901
0.100709 0.43497 0.0574034 0.0446834 0.0209188 0.0207769 0.150923 0.0282439 0.0389285 0.0324563 0.01794 0.0520474
9.9901E-05 9.9901E-05 9.9901E-05 9.9901E-05 9.9901E-05 9.9901E-05 9.9901E-05 9.9901E-05 9.9901E-05 9.9901E-05 0.998901 9.9901E-05
0.0935012 0.183168 0.0472411 0.0508474 0.11369 0.0764385 0.13987 0.0651808 0.0146771 0.0794345 0.0636248 0.072327
0.104802 0.40033 0.0508498 0.0408463 0.0472698 0.0283149 0.133761 0.0255849 0.0338867 0.0369621 0.0561906 0.0412015
0.0145009 0.633496 0.029981 0.0407027 0.0317223 0.042378 0.10035 0.0129876 0.0113498 0.0254139 0.030409 0.0267087
0.021809 0.797468 0.0287011 0.0185075 0.0203074 0.00111894 0.0361464 0.0212273 0.00801608 0.00899717 0.027445 0.0102561
0.0277529 0.092011 0.0366878 0.0351686 0.543267 0.0434916 0.0520923 0.0405341 0.0349618 0.0341959 0.0199602 0.0398772
0.0601814 0.212021 0.0696203 0.0705488 0.0806381 0.0665007 0.152798 0.0663709 0.0122585 0.0803772 0.0646405 0.0640441
0.82123 0.0140653 0.0140871 0.019797 0.0238834 0.0304862 0.0287221 9.9982E-05 0.0105475 0.0131959 0.0237856 9.9982E-05
0.00172287 9.9946E-05 0.0123088 9.9946E-05 9.9946E-05 9.9946E-05 0.936026 0.0148625 9.9946E-05 9.9946E-05 0.00978326 0.0246974
0.917079 0.00937425 0.0151053 0.00503724 0.00647926 0.000960021 0.0044713 0.0178731 0.00673916 0.00214271 0.0112091 0.0035296
9.9901E-05 9.9901E-05 9.9901E-05 9.9901E-05 9.9901E-05 9.9901E-05 0.998901 9.9901E-05 9.9901E-05 9.9901E-05 9.9901E-05 9.9901E-05
0.00935396 9.9946E-05 0.943779 9.9946E-05 0.0173742 0.0169529 9.9946E-05 9.9946E-05 0.00741991 9.9946E-05 0.00452068 9.9946E-05
9.9901E-05 9.9901E-05 0.998901 9.9901E-05 9.9901E-05 9.9901E-05 9.9901E-05 9.9901E-05 9.9901E-05 9.9901E-05 9.9901E-05 9.9901E-05
9.9901E-05 9.9901E-05 9.9901E-05 9.9901E-05 9.9901E-05 0.998901 9.9901E-05 9.9901E-05 9.9901E-05 9.9901E-05 9.9901E-05 9.9901E-05
9.999E-05 0.00357919 0.00101331 0.00600706 0.015554 0.921007 0.0189009 0.0115717 0.00181843 0.0144867 0.0050065 0.000955493
9.991E-05 9.991E-05 9.991E-05 0.996742 9.991E-05 9.991E-05 9.991E-05 9.991E-05 0.00225918 9.991E-05 9.991E-05 9.991E-05
9.9901E-05 9.9901E-05 9.9901E-05 9.9901E-05 9.9901E-05 9.9901E-05 9.9901E-05 0.998901 9.9901E-05 9.9901E-05 9.9901E-05 9.9901E-05
9.9901E-05 9.9901E-05 9.9901E-05 9.9901E-05 9.9901E-05 9.9901E-05 9.9901E-05 9.9901E-05 0.998901 9.9901E-05 9.9901E-05 9.9901E-05
9.99011E-05 9.99011E-05 9.99011E-05 9.99011E-05 9.99011E-05 9.99011E-05 9.99011E-05 0.998901 9.99011E-05 9.99011E-05 9.99011E-05 9.99011E-05
9.99009E-05 9.99009E-05 9.99009E-05 9.99009E-05 9.99009E-05 9.99009E-05 9.99009E-05 9.99009E-05 9.99009E-05 9.99009E-05 9.99009E-05 0.998901
0.0534188 0.264619 0.0662332 0.0539165 0.0772706 0.0524416 0.14825 0.0814821 0.00814585 0.0745679 0.0592177 0.0604367
9.9946E-05 0.00489744 9.9946E-05 0.00408797 9.9946E-05 9.9946E-05 9.9946E-05 0.00654394 9.9946E-05 0.00645887 0.972964 0.00444813
0.0858842 0.177087 0.0433736 0.0598461 0.10877 0.0856596 0.145801 0.05923 0.0216165 0.0711066 0.0678498 0.0737752
0.111135 0.333401 0.0521508 0.0486011 0.0545949 0.0461102 0.138283 0.0582521 0.0262038 0.0146155 0.0410246 0.0756272
0.00479133 0.65758 0.0311774 0.0323433 0.0300809 0.036578 0.100146 0.0103819 0.00296607 0.0286025 0.0267454 0.0386067
0.037294 0.771043 0.0115873 0.00536775 0.0378661 0.0317859 0.0324838 0.0182313 0.00655714 0.0159599 0.019118 0.0127055
9.99008E-05 9.99008E-05 9.99008E-05 9.99008E-05 0.998901 9.99008E-05 9.99008E-05 9.99008E-05 9.99008E-05 9.99008E-05 9.99008E-05 9.99008E-05
0.0622421 0.21911 0.0686329 0.0556693 0.0695363 0.0781112 0.148643 0.084708 0.0229251 0.0753315 0.0621445 0.0529456
0.80115 0.0338319 0.0102079 0.0213094 0.0235144 0.0338787 0.0281793 0.00391242 0.00936437 0.0117056 0.022846 9.9991E-05
9.9901E-05 9.9901E-05 9.9901E-05 9.9901E-05 9.9901E-05 9.9901E-05 0.998901 9.9901E-05 9.9901E-05 9.9901E-05 9.9901E-05 9.9901E-05
0.998901 9.99008E-05 9.99008E-05 9.99008E-05 9.99008E-05 9.99008E-05 9.99008E-05 9.99008E-05 9.99008E-05 9.99008E-05 9.99008E-05 9.99008E-05
9.9919E-05 0.000601913 9.9919E-05 0.00567076 9.9919E-05 9.9919E-05 0.992828 9.9919E-05 9.9919E-05 9.9919E-05 9.9919E-05 9.9919E-05
0.00591179 9.9946E-05 0.960276 9.9946E-05 0.0112619 0.00579035 9.9946E-05 0.00857402 0.00758646 9.9946E-05 9.9946E-05 9.9946E-05
9.991E-05 9.991E-05 0.995962 0.00303923 9.991E-05 9.991E-05 9.991E-05 9.991E-05 9.991E-05 9.991E-05 9.991E-05 9.991E-05
9.9901E-05 9.9901E-05 9.9901E-05 9.9901E-05 9.9901E-05 0.998901 9.9901E-05 9.9901E-05 9.9901E-05 9.9901E-05 9.9901E-05 9.9901E-05
9.9901E-05 9.9901E-05 9.9901E-05 9.9901E-05 9.9901E-05 0.998901 9.9901E-05 9.9901E-05 9.9901E-05 9.9901E-05 9.9901E-05 9.9901E-05
9.9946E-05 0.00655379 0.00715606 0.970225 0.00062187 9.9946E-05 9.9946E-05 0.00530446 9.9946E-05 9.9946E-05 9.9946E-05 0.00953957
0.00245151 9.9964E-05 0.0011693 0.00805994 0.00851774 0.00590584 9.9964E-05 0.969673 0.00323823 9.9964E-05 0.000584102 9.9964E-05
0.0522051 0.0918807 0.0427534 0.0581165 0.0464115 0.0391185 0.0953928 0.0364335 0.181939 0.0212449 0.0154251 0.319079
9.9964E-05 0.0157081 0.000532464 0.00726847 0.00528572 0.00196919 9.9964E-05 0.957773 0.0056666 9.9964E-05 0.00539638 9.9964E-05
9.9946E-05 9.9946E-05 0.00481505 9.9946E-05 0.00403159 9.9946E-05 0.00286794 0.000502469 0.00718386 9.9946E-05 0.979999 9.9946E-05
0.135697 0.360654 0.0737413 0.0305743 0.0509877 0.0477698 0.122417 0.0229154 0.0535747 0.0326132 0.0436383 0.0254177
0.0918527 0.183976 0.042738 0.0628911 0.106239 0.083729 0.13383 0.0671587 0.014914 0.0781465 0.0686663 0.065858
0.0701606 0.280004 0.0763201 0.0706638 0.0540947 0.0340501 0.145204 0.0656426 0.0488509 0.0534562 0.0412909 0.0602614
9.999E-05 0.675482 0.0275232 0.0425288 0.0244554 0.0356389 0.078589 0.00821943 0.0126216 0.0313211 0.023084 0.0404366
0.0318109 0.640624 0.0218611 0.0343524 0.0363095 0.0253984 0.0775134 0.0368507 0.0342881 0.0114188 0.0328953 0.0166767
9.9901E-05 9.9901E-05 9.9901E-05 9.9901E-05 9.9901E-05 9.9901E-05 9.9901E-05 9.9901E-05 9.9901E-05 0.998901 9.9901E-05 9.9901E-05
9.99008E-05 9.99008E-05 9.99008E-05 9.99008E-05 0.998901 9.99008E-05 9.99008E-05 9.99008E-05 9.99008E-05 9.99008E-05 9.99008E-05 9.99008E-05
0.046929 0.249626 0.0349718 0.0600749 0.0850708 0.0564046 0.149675 0.090169 0.0121117 0.103824 0.0367427 0.0744005
0.853853 0.00698464 0.0171301 0.0261631 0.0148356 0.0266333 0.0203159 9.9982E-05 0.00825221 0.0105179 0.0151146 9.9982E-05
9.99009E-05 9.99009E-05 9.99009E-05 9.99009E-05 9.99009E-05 9.99009E-05 0.998901 9.99009E-05 9.99009E-05 9.99009E-05 9.99009E-05 9.99009E-05
0.998901 9.99009E-05 9.99009E-05 9.99009E-05 9.99009E-05 9.99009E-05 9.99009E-05 9.99009E-05 9.99009E-05 9.99009E-05 9.99009E-05 9.99009E-05
9.9928E-05 9.9928E-05 9.9928E-05 0.00157716 0.015039 9.9928E-05 0.979745 9.9928E-05 0.00283907 9.9928E-05 9.9928E-05 9.9928E-05
0.00211272 9.9937E-05 0.985987 9.9937E-05 0.00980584 9.9937E-05 9.9937E-05 9.9937E-05 0.0010092 0.000385375 9.9937E-05 9.9937E-05
9.9946E-05 9.9946E-05 9.9946E-05 9.9946E-05 0.0100159 0.961236 0.0152028 0.00710872 9.9946E-05 0.00517875 0.00065817 9.9946E-05
9.99009E-05 9.99009E-05 9.99009E-05 0.998901 9.99009E-05 9.99009E-05 9.99009E-05 9.99009E-05 9.99009E-05 9.99009E-05 9.99009E-05 9.99009E-05
0.0213285 0.11299 0.0497986 0.482876 0.0311193 0.0597756 0.112912 0.040021 0.0251197 0.0213268 0.0227966 0.0199347
0.0443192 0.160582 0.0576798 0.0394612 0.039655 0.0655976 0.117908 0.0301927 0.163703 0.0429686 0.0432116 0.194722
9.99009E-05 9.99009E-05 9.99009E-05 9.99009E-05 9.99009E-05 9.99009E-05 9.99009E-05 0.998901 9.99009E-05 9.99009E-05 9.99009E-05 9.99009E-05
9.9901E-05 9.9901E-05 9.9901E-05 9.9901E-05 9.9901E-05 9.9901E-05 9.9901E-05 9.9901E-05 0.998901 9.9901E-05 9.9901E-05 9.9901E-05
0.00513446 0.0329526 0.0175597 0.0109907 0.0136263 0.022498 9.9991E-05 0.851583 0.008463 0.00988178 0.0247626 0.00244753
9.9901E-05 9.9901E-05 9.9901E-05 9.9901E-05 9.9901E-05 9.9901E-05 9.9901E-05 9.9901E-05 9.9901E-05 9.9901E-05 0.998901 9.9901E-05
0.124644 0.324754 0.0491685 0.055857 0.0600539 0.0522096 0.1405 0.0462999 0.0418515 0.0204118 0.0470122 0.037237
0.0982533 0.169299 0.0504649 0.0466557 0.0914072 0.0867256 0.152045 0.0706708 0.0488341 0.0653488 0.070958 0.0493374
0.0827525 0.31535 0.0500574 0.0508347 0.0851595 0.0333141 0.140142 0.0565512 0.0585701 0.050372 0.0540005 0.0228961
0.0416971 0.727269 0.00657471 0.0362802 0.045065 0.00145535 0.0518224 0.01209 0.0378507 0.0224305 0.00994405 0.00752059
9.9973E-05 0.898897 0.0295454 9.9973E-05 0.00491171 0.00779751 9.9973E-05 0.0141686 0.0171788 0.0023123 0.0219612 0.00292751
9.9901E-05 9.9901E-05 9.9901E-05 9.9901E-05 9.9901E-05 9.9901E-05 9.9901E-05 9.9901E-05 9.9901E-05 0.998901 9.9901E-05 9.9901E-05
0.0215405 0.0197253 0.0240006 0.0134527 0.84882 0.0185255 0.0146928 0.00502931 0.00957668 0.00333427 0.0212027 9.9991E-05
0.0453735 0.263713 0.03686 0.0549747 0.0819446 0.0421754 0.156413 0.0858598 0.0164888 0.100002 0.0463947 0.0698014
0.799944 0.0157764 0.028559 0.0318513 0.00967343 0.028822 0.0198896 0.0100884 0.0101453 0.0158203 0.0248045 0.00462599
9.99009E-05 9.99009E-05 9.99009E-05 9.99009E-05 9.99009E-05 9.99009E-05 0.998901 9.99009E-05 9.99009E-05 9.99009E-05 9.99009E-05 9.99009E-05
0.998901 9.99009E-05 9.99009E-05 9.99009E-05 9.99009E-05 9.99009E-05 9.99009E-05 9.99009E-05 9.99009E-05 9.99009E-05 9.99009E-05 9.99009E-05
9.9901E-05 9.9901E-05 0.998901 9.9901E-05 9.9901E-05 9.9901E-05 9.9901E-05 9.9901E-05 9.9901E-05 9.9901E-05 9.9901E-05 9.9901E-05
