0.9996 9.997E-05 9.997E-05 9.997E-05 9.997E-05
0.00249307 0.0394017 0.00461857 9.9991E-05 0.953387
0.0027289 0.0388724 0.00353405 0.00188774 0.952977
9.997E-05 0.9996 9.997E-05 9.997E-05 9.997E-05
9.997E-05 0.9996 9.997E-05 9.997E-05 9.997E-05
0.0656183 0.728673 0.0608089 0.0454297 0.0994705
9.997E-05 9.997E-05 0.9996 9.997E-05 9.997E-05
9.9982E-05 0.961063 9.9982E-05 0.00410601 0.0346313
0.083366 0.64463 0.0853681 0.131248 0.055388
0.00736365 0.954718 0.000769118 9.9991E-05 0.0370489
0.0761949 0.648754 0.0891584 0.112291 0.0736023
0.0529418 0.612426 0.0965411 0.113784 0.124307
0.0382146 0.793875 0.0867806 0.0549241 0.026206
0.0177793 0.808897 0.0821713 0.0806111 0.0105412
0.0215203 0.37844 0.557862 0.0078432 0.0343342
0.0192258 0.795325 0.0391007 0.0730185 0.0733303
0.00743143 0.796426 0.0423377 0.0577938 0.0960114
0.0742836 0.645153 0.119409 0.0822005 0.0789535
0.0179545 0.131629 0.00630698 0.80796 0.0361495
0.0544271 0.714056 0.0681562 0.0872705 0.0760904
9.9982E-05 9.9982E-05 0.00372166 0.991172 0.0049068
0.0299629 0.800858 0.0538717 0.079543 0.0357643
0.923665 0.0485113 0.0165694 0.0111543 9.9991E-05
9.997E-05 9.997E-05 9.997E-05 9.997E-05 0.9996
0.0101075 0.0563852 0.0107126 9.99939E-05 0.922695
9.997E-05 0.9996 9.997E-05 9.997E-05 9.997E-05
9.997E-05 9.997E-05 0.9996 9.997E-05 9.997E-05
9.9982E-05 0.950465 9.9982E-05 0.00438346 0.044952
0.00208376 0.0489818 0.936478 9.9991E-05 0.0123563
9.9982E-05 0.919717 9.9982E-05 0.0153919 0.0646909
0.055728 0.68019 0.0875549 0.144508 0.0320183
9.9973E-05 0.982115 9.9973E-05 9.9973E-05 0.0175847
0.111594 0.562906 0.115457 0.117306 0.0927365
0.0305296 0.806799 0.0902395 0.0603786 0.0120532
0.0235015 0.798411 0.0883682 0.0752484 0.0144707
0.0680836 0.68477 0.0839241 0.0989817 0.0642406
0.0151071 0.787769 0.0459738 0.084049 0.0671011
0.0430981 0.72981 0.0659905 0.0971864 0.0639154
0.0262535 0.782724 0.0518518 0.0806364 0.0585341
9.997E-05 9.997E-05 9.997E-05 0.9996 9.997E-05
0.0546886 0.739525 0.0655777 0.0824706 0.0577376
0.9996 9.997E-05 9.997E-05 9.997E-05 9.997E-05
0.952083 0.0460616 0.00165552 9.9982E-05 9.9982E-05
9.997E-05 9.997E-05 9.997E-05 9.997E-05 0.9996
0.0107928 0.0793454 0.0157931 0.00967727 0.884391
9.997E-05 0.9996 9.997E-05 9.997E-05 9.997E-05
9.997E-05 9.997E-05 0.9996 9.997E-05 9.997E-05
0.017106 0.875013 0.0248558 0.0164111 0.0666141
9.997E-05 9.997E-05 0.9996 9.997E-05 9.997E-05
0.0247765 0.895187 0.0213394 9.9991E-05 0.0585969
0.0619093 0.672113 0.0940952 0.129671 0.0422109
0.00529755 0.96127 0.00569331 9.9991E-05 0.0276392
0.0672867 0.652269 0.0819132 0.146846 0.0516845
0.0374766 0.788523 0.0826282 0.0668912 0.0244813
0.0388814 0.779044 0.0679792 0.0767819 0.0373134
0.0620033 0.698187 0.0903228 0.0776963 0.071791
0.0135592 0.794112 0.0420254 0.0890793 0.0612243
0.0534548 0.407435 0.0573077 0.409713 0.0720894
0.0376018 0.736275 0.0678376 0.0841393 0.074146
9.997E-05 9.997E-05 9.997E-05 0.9996 9.997E-05
0.0296552 0.806661 0.0424519 0.0654512 0.0557805
0.988922 9.9982E-05 9.9982E-05 0.00650764 0.00437028
0.962456 0.0289509 0.00658448 0.00190876 9.9991E-05
9.997E-05 9.997E-05 9.997E-05 9.997E-05 0.9996
0.0402524 0.308229 0.0353423 0.0490937 0.567083
9.997E-05 0.9996 9.997E-05 9.997E-05 9.997E-05
0.00718282 9.9991E-05 0.984113 0.00171717 0.00688701
0.00735306 0.898306 9.9991E-05 0.0273487 0.066892
0.0181608 0.0781699 0.854968 0.0282569 0.020444
0.0289198 0.887492 0.0239545 0.012382 0.0472519
0.0719816 0.659984 0.0833847 0.134993 0.0496569
9.9973E-05 0.983308 9.9973E-05 9.9973E-05 0.0163917
0.0766396 0.631447 0.0841272 0.145495 0.0622908
0.0661646 0.712211 0.0966654 0.0763739 0.0485854
0.00260969 0.807621 0.0885999 0.0860406 0.0151289
0.00974636 0.784037 0.0422262 0.0655735 0.0984165
0.0783878 0.679482 0.0912427 0.0710574 0.0798305
0.0662358 0.410421 0.0645236 0.380626 0.0781936
0.0403034 0.76913 0.0529073 0.0727421 0.0649168
9.997E-05 9.997E-05 9.997E-05 0.9996 9.997E-05
0.0443225 0.759323 0.0562591 0.0782443 0.0618512
0.9996 9.997E-05 9.997E-05 9.997E-05 9.997E-05
0.9996 9.997E-05 9.997E-05 9.997E-05 9.997E-05
9.997E-05 9.997E-05 9.997E-05 9.997E-05 0.9996
0.0349526 0.2989 0.0492678 0.0413491 0.57553
0.00641715 0.952831 0.0168388 0.0238129 9.9991E-05
9.997E-05 9.997E-05 0.9996 9.997E-05 9.997E-05
9.9982E-05 0.948686 9.9982E-05 0.00116898 0.0499453
0.0351688 0.13753 0.762728 0.0242747 0.0402987
0.0254373 0.910854 0.0145753 0.00478442 0.0443488
0.0718388 0.675176 0.0696117 0.148875 0.0344989
0.00573644 0.976951 9.9982E-05 9.9982E-05 0.0171124
0.0510624 0.651186 0.0823883 0.113031 0.102333
0.0627776 0.677781 0.075375 0.142193 0.0418734
0.0606237 0.747626 0.0736393 0.058553 0.0595585
0.0432119 0.743707 0.0931435 0.0881176 0.0318197
0.0363108 0.718456 0.0666269 0.073461 0.105145
0.0741991 0.69734 0.0899486 0.065551 0.0729618
0.0288148 0.0939877 0.0137183 0.827334 0.0361456
0.0355953 0.787648 0.0697378 0.0523074 0.054711
0.00686915 0.0318507 0.0122596 0.934972 0.0140484
0.0182686 0.829289 0.0593286 0.0707394 0.0223744
0.95371 0.00926998 0.00117893 0.0137421 0.0220993
0.9996 9.997E-05 9.997E-05 9.997E-05 9.997E-05
9.997E-05 9.997E-05 9.997E-05 9.997E-05 0.9996
0.0091701 0.0497804 0.00838409 0.00956712 0.923098
9.997E-05 0.9996 9.997E-05 9.997E-05 9.997E-05
9.997E-05 9.997E-05 0.9996 9.997E-05 9.997E-05
9.9973E-05 0.951859 9.9973E-05 9.9973E-05 0.0478416
9.997E-05 9.997E-05 0.9996 9.997E-05 9.997E-05
0.0213824 0.919654 0.0127746 9.9991E-05 0.0460894
0.0684869 0.671389 0.116746 0.0751193 0.0682587
0.00348059 0.962016 0.00760424 9.9991E-05 0.0267996
0.0470031 0.644331 0.0828468 0.122218 0.103601
0.0583813 0.647878 0.0871429 0.141339 0.0652597
0.0523878 0.772955 0.0676868 0.0625747 0.0443957
0.0370249 0.736855 0.0865408 0.0958528 0.0437263
0.00663775 0.822524 0.0294616 0.0561211 0.0852555
0.0617719 0.655589 0.111503 0.0821465 0.0889897
0.0194633 0.125257 0.00290373 0.831767 0.0206092
0.0293486 0.805911 0.0494344 0.0587404 0.0565652
9.997E-05 9.997E-05 9.997E-05 0.9996 9.997E-05
0.0217163 0.858398 0.0475085 0.0568996 0.0154772
0.970953 0.00294558 9.9991E-05 0.015512 0.0104892
0.9996 9.997E-05 9.997E-05 9.997E-05 9.997E-05
9.997E-05 9.997E-05 9.997E-05 9.997E-05 0.9996
9.997E-05 9.997E-05 9.997E-05 9.997E-05 0.9996
9.997E-05 0.9996 9.997E-05 9.997E-05 9.997E-05
0.000963258 0.0137132 0.976127 0.00556538 0.00363132
0.0477201 0.747872 0.0553984 0.0749926 0.0740167
0.00413137 0.0187379 0.970522 9.9991E-05 0.00650886
0.00941066 0.973919 0.00106059 9.9991E-05 0.0155098
0.0773018 0.623205 0.0628916 0.183571 0.0530302
0.0457646 0.64249 0.0897335 0.110058 0.111954
0.0757282 0.669189 0.0894929 0.10896 0.0566302
0.0618418 0.769021 0.075068 0.0502297 0.043839
0.0523165 0.744125 0.0980736 0.0764025 0.0290827
0.0215507 0.767749 0.0404384 0.0935911 0.0766709
0.0144822 0.805999 0.0330315 0.0571768 0.0893102
0.0457977 0.689746 0.114588 0.0812173 0.0686513
0.0175386 0.0904768 0.00482142 0.85894 0.0282235
0.0131626 0.842187 0.0370715 0.058955 0.0486237
9.997E-05 9.997E-05 9.997E-05 0.9996 9.997E-05
0.0224381 0.828529 0.0598662 0.0610644 0.0281021
0.998063 9.9973E-05 9.9973E-05 0.00163736 9.9973E-05
0.00804454 0.0162781 0.00235099 0.00199154 0.971335
9.997E-05 0.9996 9.997E-05 9.997E-05 9.997E-05
0.0601228 0.808741 0.0447668 0.0203346 0.0660351
0.0665589 0.716309 0.0548947 0.0706771 0.0915607
9.997E-05 9.997E-05 0.9996 9.997E-05 9.997E-05
9.9982E-05 0.933113 9.9982E-05 0.0138804 0.0528066
0.013747 0.0708706 0.868155 0.0210845 0.0261426
9.9973E-05 0.977117 9.9973E-05 9.9973E-05 0.0225833
0.0607865 0.640519 0.0685089 0.159603 0.0705824
0.0616215 0.617289 0.093149 0.119377 0.108563
0.0637528 0.656194 0.0975929 0.115488 0.0669721
0.0342054 0.762196 0.0833557 0.0932446 0.0269987
0.0496747 0.767133 0.0921518 0.0719072 0.0191334
0.0231683 0.782892 0.0366255 0.0686025 0.0887116
0.0288147 0.735336 0.0696635 0.0659621 0.100224
0.0460512 0.705279 0.113232 0.0729523 0.0624853
0.0206367 0.138154 0.00680737 0.806401 0.0280006
0.0303962 0.802055 0.0491869 0.0522282 0.0661332
9.997E-05 9.997E-05 9.997E-05 0.9996 9.997E-05
0.9996 9.997E-05 9.997E-05 9.997E-05 9.997E-05
