9.998E-05 9.998E-05 9.998E-05 0.9997
0.0121743 0.957985 0.0203408 0.00949941
0.0152127 0.958791 0.0178723 0.00812419
9.998E-05 9.998E-05 0.9997 9.998E-05
9.998E-05 9.998E-05 0.9997 9.998E-05
0.0634702 0.107025 0.75352 0.0759843
0.9997 9.998E-05 9.998E-05 9.998E-05
9.999E-05 0.082602 0.915053 0.00224546
0.0977915 0.0551386 0.777297 0.0697729
0.0206714 0.064708 0.888283 0.026338
0.0907449 0.0954815 0.739108 0.0746653
0.104008 0.116659 0.70801 0.0713237
0.0953421 0.0339705 0.816834 0.0538529
0.0904499 0.0229817 0.854842 0.0317263
0.562213 0.0363565 0.369775 0.0316557
0.0440732 0.0879391 0.847171 0.0208164
0.0436849 0.103205 0.836148 0.0169622
0.115663 0.0924271 0.717622 0.0742884
9.9991E-05 0.0329912 0.956668 0.0102405
0.0904534 0.0695771 0.788425 0.0515447
9.998E-05 9.998E-05 0.9997 9.998E-05
0.0619699 0.0473454 0.860844 0.029841
0.0165563 0.00444889 0.0492846 0.92971
9.998E-05 0.9997 9.998E-05 9.998E-05
0.021496 0.9311 0.0336542 0.01375
9.9982E-05 9.9982E-05 0.998145 0.00165462
0.9997 9.998E-05 9.998E-05 9.998E-05
9.9991E-05 0.0781863 0.921 0.000713449
0.938582 0.00759592 0.0428748 0.0109472
9.9991E-05 0.0906543 0.905461 0.00378507
0.0695506 0.0346682 0.833735 0.0620461
0.0154397 0.0459702 0.914134 0.0244562
0.130512 0.126158 0.640399 0.102931
0.0955682 0.0300702 0.828243 0.0461182
0.0882858 0.0214063 0.864276 0.0260315
0.0922633 0.0772338 0.750147 0.0803557
0.0401374 0.0725444 0.860312 0.0270057
0.0779525 0.0703381 0.80742 0.0442897
0.069256 0.0589166 0.828856 0.0429711
9.998E-05 9.998E-05 0.9997 9.998E-05
0.070902 0.0633473 0.810651 0.0550994
9.998E-05 9.998E-05 9.998E-05 0.9997
0.0147192 9.9991E-05 0.0352419 0.949939
9.998E-05 0.9997 9.998E-05 9.998E-05
0.0162717 0.885147 0.0790985 0.0194832
9.998E-05 9.998E-05 0.9997 9.998E-05
0.9997 9.998E-05 9.998E-05 9.998E-05
0.0388237 0.0798175 0.843481 0.0378774
0.9997 9.998E-05 9.998E-05 9.998E-05
0.0342589 0.0826098 0.827915 0.0552163
0.0919379 0.0416212 0.790107 0.0763343
0.0108239 0.0561715 0.900057 0.0329471
0.0824563 0.0633236 0.78412 0.0701006
0.0928202 0.0372791 0.820151 0.0497492
0.0850654 0.0426708 0.830202 0.0420617
0.0991367 0.0934367 0.727289 0.0801371
0.0449298 0.0854719 0.847997 0.0216012
0.046004 0.0658284 0.839073 0.0490949
0.0763983 0.0727784 0.805077 0.0457466
9.998E-05 9.998E-05 0.9997 9.998E-05
0.0534619 0.0554034 0.851373 0.0397621
9.9982E-05 0.0058651 9.9982E-05 0.993935
0.00377092 9.9991E-05 0.0381094 0.95802
9.998E-05 0.9997 9.998E-05 9.998E-05
0.0389884 0.586932 0.329334 0.0447457
0.0059706 9.9991E-05 0.981582 0.0123478
0.991216 9.9991E-05 0.00655626 0.00212739
9.9991E-05 0.100986 0.889049 0.00986521
0.873051 0.0195648 0.0847916 0.0225925
0.0269257 0.0769916 0.857195 0.0388873
0.0856537 0.0561804 0.773786 0.0843795
0.00816653 0.0491807 0.923737 0.0189158
0.0793538 0.0629261 0.78401 0.0737105
0.103861 0.0589027 0.772063 0.0651735
0.0870376 0.0298446 0.866239 0.0168788
0.0346195 0.107105 0.83396 0.024316
0.0952306 0.0925232 0.728409 0.0838369
0.0546767 0.0778689 0.806991 0.0604634
0.0690526 0.0707249 0.814924 0.0452984
9.998E-05 9.998E-05 0.9997 9.998E-05
0.0619443 0.0602837 0.826444 0.0513284
9.998E-05 9.998E-05 9.998E-05 0.9997
9.998E-05 9.998E-05 9.998E-05 0.9997
9.998E-05 0.9997 9.998E-05 9.998E-05
0.0469754 0.584079 0.33057 0.038376
0.0135604 9.9991E-05 0.967044 0.0192956
0.9997 9.998E-05 9.998E-05 9.998E-05
9.9991E-05 0.0756023 0.917937 0.00636105
0.749185 0.042848 0.176629 0.0313382
0.0336824 0.0711763 0.863001 0.0321404
0.0794901 0.0516205 0.810803 0.0580861
0.0175152 0.04075 0.92044 0.0212949
0.0888424 0.104917 0.752972 0.0532691
0.0781573 0.0529705 0.797428 0.0714442
0.0810965 0.0707843 0.779292 0.0688276
0.103284 0.0388129 0.802482 0.0554203
0.066777 0.123765 0.75962 0.049838
0.0965362 0.080734 0.73685 0.0858796
9.9982E-05 0.0168518 0.982948 9.9982E-05
0.0859844 0.0568748 0.813289 0.0438518
0.00151787 9.9982E-05 0.998282 9.9982E-05
0.0636583 0.0285162 0.884189 0.0236363
9.9991E-05 0.0227747 0.0238575 0.953268
9.998E-05 9.998E-05 9.998E-05 0.9997
9.998E-05 0.9997 9.998E-05 9.998E-05
0.014214 0.923447 0.0536654 0.00867371
0.00130962 9.9991E-05 0.994316 0.00427423
0.9997 9.998E-05 9.998E-05 9.998E-05
9.9982E-05 0.0809783 0.918822 9.9982E-05
0.9997 9.998E-05 9.998E-05 9.998E-05
0.0246533 0.0799175 0.851274 0.0441554
0.130238 0.0778813 0.718312 0.0735689
0.0190761 0.0535362 0.900983 0.0264043
0.0790657 0.101485 0.756139 0.0633097
0.0914514 0.0732893 0.766015 0.0692443
0.0701179 0.0525939 0.815799 0.0614897
0.0958988 0.0532243 0.807204 0.0436731
0.0387054 0.0966359 0.853171 0.0114879
0.111545 0.0925687 0.722027 0.0738585
9.9982E-05 0.0156267 0.984173 9.9982E-05
0.0646437 0.0600129 0.841106 0.0342374
9.998E-05 9.998E-05 0.9997 9.998E-05
0.0598468 0.0219546 0.89104 0.0271587
0.00921959 0.00696898 0.0191773 0.964634
9.998E-05 9.998E-05 9.998E-05 0.9997
9.998E-05 0.9997 9.998E-05 9.998E-05
9.998E-05 0.9997 9.998E-05 9.998E-05
0.00876306 9.9991E-05 0.982124 0.00901306
0.99515 0.00388897 9.9991E-05 0.000861319
0.0592418 0.090712 0.784333 0.0657135
0.968036 0.00845607 0.021043 0.00246443
0.0261805 0.0537161 0.891719 0.0283844
0.0629853 0.0675311 0.786835 0.0826487
0.0828257 0.118717 0.739769 0.0586886
0.0907811 0.0544134 0.777777 0.0770283
0.0758984 0.0534344 0.799722 0.0709456
0.096115 0.0447703 0.803333 0.0557815
0.0386896 0.0778695 0.860924 0.022517
0.0427546 0.0865006 0.848321 0.0224241
0.132279 0.0727425 0.7492 0.0457779
9.9982E-05 0.0209884 0.978812 9.9982E-05
0.0602147 0.0527413 0.862832 0.0242124
9.998E-05 9.998E-05 0.9997 9.998E-05
0.0688808 0.0343726 0.861532 0.0352147
9.998E-05 9.998E-05 9.998E-05 0.9997
0.0133062 0.977025 9.9991E-05 0.00956865
9.998E-05 9.998E-05 0.9997 9.998E-05
0.0611408 0.0697344 0.806597 0.062528
0.0670495 0.112928 0.741266 0.0787565
0.9997 9.998E-05 9.998E-05 9.998E-05
9.9991E-05 0.0796584 0.916563 0.00367836
0.861479 0.0297401 0.0841191 0.0246621
0.0118267 0.0518824 0.917547 0.0187443
0.072027 0.0756289 0.785263 0.0670806
0.100649 0.114149 0.722714 0.0624877
0.0785473 0.073046 0.783178 0.0652291
0.0856774 0.0358114 0.837065 0.0414463
0.0927701 0.0407619 0.804373 0.0620947
0.0445356 0.0869922 0.845915 0.0225573
0.0539604 0.105515 0.797833 0.0426913
0.116917 0.0621001 0.766033 0.0549499
9.9982E-05 0.0244971 0.975303 9.9982E-05
0.0567786 0.0690811 0.835117 0.039023
9.998E-05 9.998E-05 0.9997 9.998E-05
9.998E-05 9.998E-05 9.998E-05 0.9997
