9.98921E-05 9.98921E-05 9.98921E-05 9.98921E-05 9.98921E-05 9.98921E-05 9.98921E-05 9.98921E-05 9.98921E-05 9.98921E-05 0.998801 9.98921E-05 9.98921E-05
9.9946E-05 0.943932 9.9946E-05 0.00512504 0.00571702 9.9946E-05 0.0106692 0.0186301 9.9946E-05 0.0113202 0.00400663 9.9946E-05 9.9946E-05
9.9946E-05 0.94342 0.00312731 0.023265 9.9946E-05 9.9946E-05 0.00763769 0.00568213 0.000217407 0.0160512 9.9946E-05 9.9946E-05 9.9946E-05
9.9892E-05 9.9892E-05 9.9892E-05 9.9892E-05 9.9892E-05 9.9892E-05 9.9892E-05 9.9892E-05 9.9892E-05 9.9892E-05 9.9892E-05 0.998801 9.9892E-05
9.9892E-05 9.9892E-05 9.9892E-05 9.9892E-05 9.9892E-05 9.9892E-05 9.9892E-05 9.9892E-05 9.9892E-05 9.9892E-05 9.9892E-05 0.998801 9.9892E-05
0.0949627 0.0596097 0.0294362 0.0734476 0.0492718 0.115097 0.0408299 0.0383511 0.0271709 0.0469067 0.0647825 0.0394257 0.320708
9.9892E-05 9.9892E-05 9.9892E-05 9.9892E-05 0.998801 9.9892E-05 9.9892E-05 9.9892E-05 9.9892E-05 9.9892E-05 9.9892E-05 9.9892E-05 9.9892E-05
9.9892E-05 9.9892E-05 9.9892E-05 9.9892E-05 9.9892E-05 9.9892E-05 9.9892E-05 9.9892E-05 9.9892E-05 9.9892E-05 9.9892E-05 9.9892E-05 0.998801
0.0637547 0.0449566 0.0816937 0.112876 0.0564704 0.404797 0.0421983 0.0238787 0.00968443 0.0241492 0.0648287 0.0402991 0.030413
0.000373632 0.0158281 0.00121483 9.9937E-05 0.000547059 9.9937E-05 9.9937E-05 0.976569 9.9937E-05 9.9937E-05 9.9937E-05 0.00476779 9.9937E-05
0.0590556 0.0683893 0.108272 0.0859677 0.0447889 0.257865 0.0347622 0.0607918 0.040232 0.0607058 0.067465 0.0710004 0.0407048
0.0589501 0.0980933 0.0978097 0.0608036 0.0691848 0.157687 0.0650767 0.0607162 0.0994065 0.0838433 0.0590837 0.0475204 0.0418246
9.99189E-05 9.99189E-05 9.99189E-05 9.99189E-05 9.99189E-05 0.970621 9.99189E-05 9.99189E-05 0.00965109 9.99189E-05 0.0060867 9.99189E-05 0.0127418
9.98918E-05 9.98918E-05 9.98918E-05 9.98918E-05 9.98918E-05 0.998801 9.98918E-05 9.98918E-05 9.98918E-05 9.98918E-05 9.98918E-05 9.98918E-05 9.98918E-05
0.0423428 0.0215193 9.99731E-05 0.0978207 0.537156 0.135218 0.0440608 0.0400465 9.99731E-05 0.0637968 0.00432229 0.0134163 9.99731E-05
9.9892E-05 9.9892E-05 9.9892E-05 9.9892E-05 9.9892E-05 9.9892E-05 0.998801 9.9892E-05 9.9892E-05 9.9892E-05 9.9892E-05 9.9892E-05 9.9892E-05
9.98918E-05 9.98918E-05 9.98918E-05 9.98918E-05 9.98918E-05 9.98918E-05 9.98918E-05 9.98918E-05 9.98918E-05 0.998801 9.98918E-05 9.98918E-05 9.98918E-05
0.0513694 0.0648932 0.0614207 0.184125 0.0849417 0.210347 0.0622065 0.0453004 0.00559513 0.0757967 0.0713765 0.0530821 0.0295463
0.00523458 0.0376213 0.791127 0.00164726 0.016291 0.0016057 0.00769238 0.0326907 0.0142225 0.0234497 0.034244 0.0237194 0.0104539
0.015547 0.0292601 0.0480069 0.618967 0.0218078 0.023022 0.0290117 0.0105404 0.0972441 0.0228056 0.0261465 0.0367621 0.0208788
0.00213236 9.9937E-05 0.986787 9.9937E-05 0.002764 9.9937E-05 9.9937E-05 9.9937E-05 9.9937E-05 0.00440452 9.9937E-05 0.00107586 0.002137
9.9919E-05 0.00806923 0.00288661 9.9919E-05 9.9919E-05 9.9919E-05 9.9919E-05 9.9919E-05 0.976097 9.9919E-05 9.9919E-05 9.9919E-05 0.0120478
9.9955E-05 0.0041847 9.9955E-05 0.0264334 0.0116817 0.0183244 0.00356979 9.9955E-05 9.9955E-05 9.9955E-05 0.921737 0.00935094 0.00421822
9.98919E-05 0.998801 9.98919E-05 9.98919E-05 9.98919E-05 9.98919E-05 9.98919E-05 9.98919E-05 9.98919E-05 9.98919E-05 9.98919E-05 9.98919E-05 9.98919E-05
9.9964E-05 0.904274 9.9964E-05 0.0236573 0.0100678 0.00725342 0.0139204 0.0103757 9.9964E-05 0.0183184 0.00585537 0.00587807 9.9964E-05
9.9892E-05 9.9892E-05 9.9892E-05 9.9892E-05 9.9892E-05 9.9892E-05 9.9892E-05 9.9892E-05 9.9892E-05 9.9892E-05 9.9892E-05 0.998801 9.9892E-05
9.9892E-05 9.9892E-05 9.9892E-05 9.9892E-05 0.998801 9.9892E-05 9.9892E-05 9.9892E-05 9.9892E-05 9.9892E-05 9.9892E-05 9.9892E-05 9.9892E-05
9.9892E-05 9.9892E-05 9.9892E-05 9.9892E-05 9.9892E-05 9.9892E-05 9.9892E-05 9.9892E-05 9.9892E-05 9.9892E-05 9.9892E-05 9.9892E-05 0.998801
0.00297443 0.0149372 0.0130613 0.00167312 0.927388 9.9973E-05 9.9973E-05 0.00386414 0.00246557 0.0155705 0.0155536 0.00221184 9.9973E-05
9.9937E-05 9.9937E-05 0.00841126 0.00235355 0.00518177 9.9937E-05 9.9937E-05 9.9937E-05 9.9937E-05 0.00727929 0.00568419 9.9937E-05 0.97039
0.0476331 0.0178077 0.105163 0.123691 0.0352064 0.448029 0.042066 0.0177352 0.00742657 0.0280235 0.0472775 0.0413314 0.0386092
9.9892E-05 9.9892E-05 9.9892E-05 9.9892E-05 9.9892E-05 9.9892E-05 9.9892E-05 0.998801 9.9892E-05 9.9892E-05 9.9892E-05 9.9892E-05 9.9892E-05
0.0400265 0.0927752 0.0982884 0.0699968 0.0971225 0.219661 0.0363039 0.0510989 0.0320385 0.0561991 0.0995849 0.0568051 0.0500989
9.99189E-05 9.99189E-05 9.99189E-05 9.99189E-05 0.00122399 0.987298 9.99189E-05 9.99189E-05 9.99189E-05 9.99189E-05 9.99189E-05 0.00156897 0.0090094
9.98918E-05 9.98918E-05 9.98918E-05 9.98918E-05 9.98918E-05 0.998801 9.98918E-05 9.98918E-05 9.98918E-05 9.98918E-05 9.98918E-05 9.98918E-05 9.98918E-05
0.0314838 0.0447479 0.0664959 0.183531 0.0468118 0.243457 0.0958001 0.0532439 9.9991E-05 0.124655 0.0614478 0.0334259 0.0147995
9.98919E-05 9.98919E-05 9.98919E-05 9.98919E-05 9.98919E-05 9.98919E-05 0.998801 9.98919E-05 9.98919E-05 9.98919E-05 9.98919E-05 9.98919E-05 9.98919E-05
0.0266686 0.0126527 0.0639898 0.0901915 0.0380267 0.0849798 0.0586045 0.0389657 0.0222497 0.44605 0.0341589 0.0438041 0.0396584
9.98919E-05 9.98919E-05 9.98919E-05 0.998801 9.98919E-05 9.98919E-05 9.98919E-05 9.98919E-05 9.98919E-05 9.98919E-05 9.98919E-05 9.98919E-05 9.98919E-05
9.98919E-05 9.98919E-05 0.998801 9.98919E-05 9.98919E-05 9.98919E-05 9.98919E-05 9.98919E-05 9.98919E-05 9.98919E-05 9.98919E-05 9.98919E-05 9.98919E-05
0.0193531 0.0341173 0.0465167 0.40593 0.0256437 0.0445307 0.0241798 0.0110805 0.273988 0.0329048 0.0370001 0.0257599 0.0189954
9.9892E-05 9.9892E-05 9.9892E-05 9.9892E-05 9.9892E-05 9.9892E-05 9.9892E-05 9.9892E-05 9.9892E-05 9.9892E-05 0.998801 9.9892E-05 9.9892E-05
9.9955E-05 9.9955E-05 0.00572587 0.00269845 0.000410555 0.0222888 9.9955E-05 0.0050007 0.00922646 9.9955E-05 0.942419 0.0117302 9.9955E-05
9.9892E-05 0.998801 9.9892E-05 9.9892E-05 9.9892E-05 9.9892E-05 9.9892E-05 9.9892E-05 9.9892E-05 9.9892E-05 9.9892E-05 9.9892E-05 9.9892E-05
0.0104613 0.860846 9.9991E-05 0.0489503 0.0141652 0.000907182 0.015198 0.0109148 0.0021479 0.0137325 0.00985017 0.00175671 0.0109703
9.98921E-05 9.98921E-05 9.98921E-05 9.98921E-05 9.98921E-05 9.98921E-05 9.98921E-05 9.98921E-05 9.98921E-05 9.98921E-05 9.98921E-05 0.998801 9.98921E-05
9.9892E-05 9.9892E-05 9.9892E-05 9.9892E-05 0.998801 9.9892E-05 9.9892E-05 9.9892E-05 9.9892E-05 9.9892E-05 9.9892E-05 9.9892E-05 9.9892E-05
0.979048 9.9946E-05 0.0039682 0.00783748 0.000350386 9.9946E-05 9.9946E-05 0.00330979 0.0026091 9.9946E-05 0.00227748 9.9946E-05 9.9946E-05
9.9892E-05 9.9892E-05 9.9892E-05 9.9892E-05 0.998801 9.9892E-05 9.9892E-05 9.9892E-05 9.9892E-05 9.9892E-05 9.9892E-05 9.9892E-05 9.9892E-05
0.998801 9.9892E-05 9.9892E-05 9.9892E-05 9.9892E-05 9.9892E-05 9.9892E-05 9.9892E-05 9.9892E-05 9.9892E-05 9.9892E-05 9.9892E-05 9.9892E-05
0.0503615 0.0317372 0.0979527 0.118356 0.0585715 0.396906 0.0587157 0.025297 0.0112119 0.0241392 0.0588067 0.0357739 0.0321707
0.00511634 9.9928E-05 9.9928E-05 9.9928E-05 0.000977136 9.9928E-05 9.9928E-05 0.981897 9.9928E-05 9.9928E-05 9.9928E-05 0.00882187 0.00238844
0.0395102 0.0380514 0.112235 0.176886 0.0443932 0.301765 0.0279765 0.0451272 0.0082542 0.0600285 0.0520408 0.0585635 0.0351677
9.99459E-05 0.00141712 9.99459E-05 9.99459E-05 9.99459E-05 0.963251 9.99459E-05 0.00596204 0.00877886 9.99459E-05 0.00187456 0.00693645 0.01118
9.98919E-05 9.98919E-05 9.98919E-05 9.98919E-05 9.98919E-05 0.998801 9.98919E-05 9.98919E-05 9.98919E-05 9.98919E-05 9.98919E-05 9.98919E-05 9.98919E-05
0.0576006 0.0561148 0.042805 0.156635 0.0643667 0.21747 0.0873688 0.0690868 0.0197455 0.0841801 0.0531064 0.0560987 0.0354217
9.98919E-05 9.98919E-05 9.98919E-05 9.98919E-05 9.98919E-05 9.98919E-05 0.998801 9.98919E-05 9.98919E-05 9.98919E-05 9.98919E-05 9.98919E-05 9.98919E-05
0.0106887 0.0740738 0.40763 0.0831295 0.0313863 0.162273 0.0140402 0.0410153 0.0167988 0.0377591 0.0427193 0.0407908 0.0376958
0.00864623 0.00554341 0.00469702 0.944833 0.01583 9.9955E-05 9.9955E-05 9.9955E-05 9.9955E-05 0.00573165 0.00906433 0.00515483 9.9955E-05
9.98919E-05 9.98919E-05 0.998801 9.98919E-05 9.98919E-05 9.98919E-05 9.98919E-05 9.98919E-05 9.98919E-05 9.98919E-05 9.98919E-05 9.98919E-05 9.98919E-05
9.99009E-05 9.99009E-05 9.99009E-05 0.885601 9.99009E-05 9.99009E-05 9.99009E-05 9.99009E-05 0.1133 9.99009E-05 9.99009E-05 9.99009E-05 9.99009E-05
9.9937E-05 0.000817396 0.00314719 9.9937E-05 9.9937E-05 9.9937E-05 0.000166248 9.9937E-05 9.9937E-05 0.00272854 0.988144 9.9937E-05 0.00429709
9.9937E-05 9.9937E-05 9.9937E-05 0.019422 0.00236645 0.0184034 9.9937E-05 9.9937E-05 0.00695637 9.9937E-05 0.943487 0.00866538 9.9937E-05
9.9892E-05 0.998801 9.9892E-05 9.9892E-05 9.9892E-05 9.9892E-05 9.9892E-05 9.9892E-05 9.9892E-05 9.9892E-05 9.9892E-05 9.9892E-05 9.9892E-05
0.0246218 0.57002 0.0403922 0.0481834 0.0261733 0.0567279 0.0306761 0.0362916 0.0577029 0.0222112 0.025672 0.0314222 0.0299053
9.9946E-05 9.9946E-05 0.00478562 9.9946E-05 9.9946E-05 0.0100097 0.00462321 9.9946E-05 9.9946E-05 0.00404613 0.00966763 0.959473 0.00679478
0.00884895 0.00547269 9.9937E-05 9.9937E-05 0.969483 9.9937E-05 0.00483536 9.9937E-05 0.00274588 0.00791426 9.9937E-05 9.9937E-05 9.9937E-05
9.9964E-05 0.0159393 0.015319 0.00230632 0.00543524 9.9964E-05 9.9964E-05 0.0141114 9.9964E-05 0.0051381 0.00387075 0.00120093 0.936279
0.0162758 0.0211671 0.0137725 0.0173317 0.84775 0.0145952 0.00652957 0.0127018 9.9991E-05 0.00886934 0.0141824 0.00486458 0.02186
0.998801 9.98919E-05 9.98919E-05 9.98919E-05 9.98919E-05 9.98919E-05 9.98919E-05 9.98919E-05 9.98919E-05 9.98919E-05 9.98919E-05 9.98919E-05 9.98919E-05
0.0512963 0.0441423 0.0842873 0.131704 0.0559231 0.364583 0.0427723 0.0209006 9.9991E-05 0.043222 0.0720668 0.0541468 0.0348552
9.9892E-05 9.9892E-05 9.9892E-05 9.9892E-05 9.9892E-05 9.9892E-05 9.9892E-05 0.998801 9.9892E-05 9.9892E-05 9.9892E-05 9.9892E-05 9.9892E-05
0.0438415 0.0403959 0.117241 0.132424 0.0451177 0.331674 0.0263337 0.0450227 0.00983145 0.0463893 0.0715156 0.0527508 0.0374615
0.00278129 0.0253026 0.0329839 0.076139 0.0391697 0.652994 0.0126358 0.0194531 0.00249469 0.0331326 0.0413668 0.0346102 0.0269367
9.98918E-05 9.98918E-05 9.98918E-05 9.98918E-05 9.98918E-05 0.998801 9.98918E-05 9.98918E-05 9.98918E-05 9.98918E-05 9.98918E-05 9.98918E-05 9.98918E-05
9.98919E-05 9.98919E-05 9.98919E-05 9.98919E-05 9.98919E-05 9.98919E-05 9.98919E-05 9.98919E-05 9.98919E-05 0.998801 9.98919E-05 9.98919E-05 9.98919E-05
0.0609346 0.062891 0.0516918 0.165743 0.0732059 0.219516 0.0693825 0.0811107 0.00548 0.0711527 0.0559517 0.0694402 0.0134999
0.0222149 0.0673406 0.358285 0.085456 0.0390989 0.159365 0.0206343 0.0451264 0.029591 0.0428407 0.0471185 0.0374992 0.0454294
9.99009E-05 9.99009E-05 9.99009E-05 0.996072 9.99009E-05 9.99009E-05 9.99009E-05 9.99009E-05 9.99009E-05 0.00282937 9.99009E-05 9.99009E-05 9.99009E-05
9.98919E-05 9.98919E-05 0.998801 9.98919E-05 9.98919E-05 9.98919E-05 9.98919E-05 9.98919E-05 9.98919E-05 9.98919E-05 9.98919E-05 9.98919E-05 9.98919E-05
0.0103351 0.0232957 0.0312903 0.445891 0.000376005 0.0557004 0.0209237 0.000766635 0.305789 0.0334478 0.0238126 0.0215619 0.0268101
9.98921E-05 9.98921E-05 9.98921E-05 9.98921E-05 9.98921E-05 9.98921E-05 9.98921E-05 9.98921E-05 9.98921E-05 9.98921E-05 0.998801 9.98921E-05 9.98921E-05
9.98921E-05 9.98921E-05 9.98921E-05 9.98921E-05 9.98921E-05 9.98921E-05 9.98921E-05 9.98921E-05 9.98921E-05 9.98921E-05 0.998801 9.98921E-05 9.98921E-05
9.98919E-05 0.998801 9.98919E-05 9.98919E-05 9.98919E-05 9.98919E-05 9.98919E-05 9.98919E-05 9.98919E-05 9.98919E-05 9.98919E-05 9.98919E-05 9.98919E-05
0.0255993 0.555444 0.03538 0.0526829 0.0373574 0.0495096 0.0430218 0.0394834 0.0349385 0.0217098 0.0343843 0.0372751 0.0332135
0.00977378 0.0226888 0.0268088 0.0193755 0.0169239 0.0270122 0.011108 0.0169779 0.00846018 0.00440162 0.00116615 0.835203 9.9991E-05
9.9892E-05 9.9892E-05 9.9892E-05 9.9892E-05 0.998801 9.9892E-05 9.9892E-05 9.9892E-05 9.9892E-05 9.9892E-05 9.9892E-05 9.9892E-05 9.9892E-05
9.9892E-05 9.9892E-05 9.9892E-05 9.9892E-05 9.9892E-05 9.9892E-05 9.9892E-05 9.9892E-05 9.9892E-05 9.9892E-05 9.9892E-05 9.9892E-05 0.998801
0.0151183 0.0379388 0.0303931 0.010468 0.740848 0.0477779 0.0134037 0.026722 0.0139364 9.9991E-05 0.0292573 0.0202236 0.0138124
0.998801 9.98919E-05 9.98919E-05 9.98919E-05 9.98919E-05 9.98919E-05 9.98919E-05 9.98919E-05 9.98919E-05 9.98919E-05 9.98919E-05 9.98919E-05 9.98919E-05
0.045534 0.0299631 0.0981048 0.114813 0.0426711 0.410428 0.0364815 0.0254915 0.00690834 0.0388657 0.0573253 0.047268 0.0461457
9.98919E-05 9.98919E-05 9.98919E-05 9.98919E-05 9.98919E-05 9.98919E-05 9.98919E-05 0.998801 9.98919E-05 9.98919E-05 9.98919E-05 9.98919E-05 9.98919E-05
0.0797041 0.0744421 0.0933368 0.0454787 0.0670641 0.170165 0.092123 0.0677228 0.0760312 0.114584 0.0436887 0.0538301 0.0218297
0.0355198 0.0260524 0.100434 0.12946 0.0388408 0.38159 0.0234133 0.060157 0.0130498 0.0581844 0.0492852 0.0473675 0.0366462
0.0213737 0.0282713 0.0166861 0.0849996 0.0174432 0.631 0.0369908 0.0303388 0.020774 0.0380752 0.0292718 0.0424855 0.00229027
0.00537716 0.00980628 0.0180781 0.0174844 0.0205714 0.803131 0.0110449 0.0318049 0.016259 0.0216447 0.0177425 0.0172571 0.00979837
0.0381925 0.0413576 0.0239389 0.0255044 0.0320852 0.0934324 0.0468175 0.0202787 0.0214382 0.546514 0.0380456 0.0362347 0.0361601
0.0613243 0.058447 0.0582947 0.155335 0.0733411 0.214641 0.0798609 0.0675777 0.00410691 0.0705185 0.0669983 0.0695706 0.0199846
9.9982E-05 0.0304934 0.837508 0.0104747 9.9982E-05 0.00673272 0.00163826 0.0209908 0.0237583 0.0199682 0.0182474 0.0167872 0.0132008
9.98919E-05 9.98919E-05 9.98919E-05 0.998801 9.98919E-05 9.98919E-05 9.98919E-05 9.98919E-05 9.98919E-05 9.98919E-05 9.98919E-05 9.98919E-05 9.98919E-05
9.9964E-05 0.00712425 0.947333 9.9964E-05 0.00507904 0.0081269 9.9964E-05 0.00878464 0.00751086 0.00476784 0.0043514 0.00652259 9.9964E-05
9.98919E-05 9.98919E-05 9.98919E-05 9.98919E-05 9.98919E-05 9.98919E-05 9.98919E-05 9.98919E-05 0.998801 9.98919E-05 9.98919E-05 9.98919E-05 9.98919E-05
0.00994329 0.00965228 0.00566256 9.9937E-05 9.9937E-05 9.9937E-05 0.00698733 9.9937E-05 9.9937E-05 0.0133271 0.953728 9.9937E-05 9.9937E-05
9.98921E-05 9.98921E-05 9.98921E-05 9.98921E-05 9.98921E-05 9.98921E-05 9.98921E-05 9.98921E-05 9.98921E-05 9.98921E-05 0.998801 9.98921E-05 9.98921E-05
9.9892E-05 0.998801 9.9892E-05 9.9892E-05 9.9892E-05 9.9892E-05 9.9892E-05 9.9892E-05 9.9892E-05 9.9892E-05 9.9892E-05 9.9892E-05 9.9892E-05
0.00177428 0.90689 0.00847921 0.0184582 0.00375262 0.00617457 0.00784518 0.0121289 9.9982E-05 0.0173126 0.00998819 0.00699666 9.9982E-05
9.9901E-05 9.9901E-05 9.9901E-05 9.9901E-05 9.9901E-05 9.9901E-05 9.9901E-05 9.9901E-05 9.9901E-05 9.9901E-05 0.003281 0.99562 9.9901E-05
9.9892E-05 9.9892E-05 9.9892E-05 9.9892E-05 0.998801 9.9892E-05 9.9892E-05 9.9892E-05 9.9892E-05 9.9892E-05 9.9892E-05 9.9892E-05 9.9892E-05
9.9892E-05 9.9892E-05 9.9892E-05 9.9892E-05 9.9892E-05 9.9892E-05 9.9892E-05 9.9892E-05 9.9892E-05 9.9892E-05 9.9892E-05 9.9892E-05 0.998801
9.98921E-05 9.98921E-05 9.98921E-05 9.98921E-05 0.998801 9.98921E-05 9.98921E-05 9.98921E-05 9.98921E-05 9.98921E-05 9.98921E-05 9.98921E-05 9.98921E-05
0.998801 9.98919E-05 9.98919E-05 9.98919E-05 9.98919E-05 9.98919E-05 9.98919E-05 9.98919E-05 9.98919E-05 9.98919E-05 9.98919E-05 9.98919E-05 9.98919E-05
0.0472247 0.0486831 0.0487976 0.169541 0.092936 0.264765 0.0708297 0.0607852 9.9991E-05 0.082444 0.0608967 0.0482687 0.00472797
9.9955E-05 9.9955E-05 9.9955E-05 9.9955E-05 0.00435312 0.0104294 0.00116696 0.97047 0.00382074 0.00477734 0.00311127 9.9955E-05 0.001371
0.0858103 0.0711294 0.09252 0.0661758 0.0612849 0.162808 0.0854465 0.0701572 0.0689948 0.116142 0.0410844 0.0534854 0.0249618
0.0756033 0.0440369 0.0969615 0.151242 0.0580671 0.293004 0.0253623 0.0358671 0.0252385 0.0655186 0.0388882 0.053653 0.0365573
0.0267569 0.0321907 0.0102444 0.0761077 0.0148494 0.653271 0.0308725 0.0267899 0.0289268 0.0284103 0.0294728 0.0406663 0.00144147
0.0238057 0.0237097 0.0425713 0.0353573 0.0155279 0.771855 0.0153923 0.0171052 9.9982E-05 0.0300015 0.0129355 0.0115384 9.9982E-05
9.98918E-05 9.98918E-05 9.98918E-05 9.98918E-05 9.98918E-05 9.98918E-05 9.98918E-05 9.98918E-05 9.98918E-05 0.998801 9.98918E-05 9.98918E-05 9.98918E-05
0.0399312 0.0696184 0.0609838 0.147262 0.0799844 0.225403 0.0827661 0.0612639 0.0044251 0.0785174 0.0645923 0.0559479 0.0293043
9.9982E-05 0.0302537 0.82701 9.9982E-05 0.00189174 0.0136772 0.00993078 0.0193672 0.0278142 0.0218539 0.0115847 0.0288909 0.00752618
9.99009E-05 9.99009E-05 9.99009E-05 0.88277 9.99009E-05 9.99009E-05 9.99009E-05 9.99009E-05 0.116131 9.99009E-05 9.99009E-05 9.99009E-05 9.99009E-05
9.98919E-05 9.98919E-05 0.998801 9.98919E-05 9.98919E-05 9.98919E-05 9.98919E-05 9.98919E-05 9.98919E-05 9.98919E-05 9.98919E-05 9.98919E-05 9.98919E-05
9.98919E-05 9.98919E-05 9.98919E-05 9.98919E-05 9.98919E-05 9.98919E-05 9.98919E-05 9.98919E-05 0.998801 9.98919E-05 9.98919E-05 9.98919E-05 9.98919E-05
0.00558613 0.00804357 0.00771404 9.9955E-05 9.9955E-05 9.9955E-05 0.00101886 0.00267582 9.9955E-05 0.0124508 0.95086 9.9955E-05 0.0111513
9.991E-05 9.991E-05 9.991E-05 0.00328382 9.991E-05 9.991E-05 9.991E-05 9.991E-05 9.991E-05 9.991E-05 0.994286 0.00143139 9.991E-05
9.9892E-05 0.998801 9.9892E-05 9.9892E-05 9.9892E-05 9.9892E-05 9.9892E-05 9.9892E-05 9.9892E-05 9.9892E-05 9.9892E-05 9.9892E-05 9.9892E-05
9.9892E-05 0.998801 9.9892E-05 9.9892E-05 9.9892E-05 9.9892E-05 9.9892E-05 9.9892E-05 9.9892E-05 9.9892E-05 9.9892E-05 9.9892E-05 9.9892E-05
9.9946E-05 0.00361142 0.00110315 9.9946E-05 0.00931505 9.9946E-05 9.9946E-05 9.9946E-05 0.0050265 9.9946E-05 0.00844375 0.969234 0.00266628
0.000528858 9.9946E-05 0.00183871 9.9946E-05 0.971262 9.9946E-05 0.00474799 0.00457061 9.9946E-05 9.9946E-05 9.9946E-05 0.0110904 0.00536211
0.32925 0.0362816 0.0556197 0.0675252 0.0359758 0.0647362 0.0333361 0.00941016 0.0263945 0.0445892 0.0495574 0.0582677 0.189056
9.9973E-05 0.00196095 0.00562727 0.002677 0.963211 0.0061652 0.000607462 0.00423941 9.9973E-05 9.9973E-05 0.00388604 0.00638717 0.00493908
0.00133422 9.9937E-05 0.00355616 0.00309495 9.9937E-05 9.9937E-05 0.000317747 0.985206 9.9937E-05 9.9937E-05 0.00579089 9.9937E-05 9.9937E-05
0.0201751 0.0549255 0.136937 0.13736 0.0234844 0.364002 0.0270281 0.0384092 0.00292571 0.058525 0.0563233 0.036225 0.0436799
0.0699027 0.0856165 0.0879072 0.0660779 0.0661095 0.167571 0.0848067 0.0757076 0.0584697 0.118139 0.0361321 0.058106 0.0254539
0.0751819 0.0269973 0.079334 0.132243 0.0671819 0.273957 0.0567255 0.0404969 0.00973466 0.0527812 0.0641505 0.0708185 0.0503983
0.0265449 0.0214292 0.00629532 0.0627059 0.0164776 0.668594 0.0326608 0.029771 0.01781 0.0197054 0.0399698 0.0486618 0.00937391
0.00735805 0.0122587 0.0300714 0.0284384 0.0404819 0.648136 0.0158092 0.0359041 0.0250645 0.0380497 0.0285626 0.0455688 0.0442968
9.9892E-05 9.9892E-05 9.9892E-05 9.9892E-05 9.9892E-05 9.9892E-05 0.998801 9.9892E-05 9.9892E-05 9.9892E-05 9.9892E-05 9.9892E-05 9.9892E-05
9.98918E-05 9.98918E-05 9.98918E-05 9.98918E-05 9.98918E-05 9.98918E-05 9.98918E-05 9.98918E-05 9.98918E-05 0.998801 9.98918E-05 9.98918E-05 9.98918E-05
0.0609219 0.0539179 0.0401205 0.183674 0.0842029 0.240332 0.102218 0.0401773 9.9991E-05 0.0974916 0.0349041 0.0578622 0.00407765
9.9973E-05 0.0398432 0.858288 0.00901733 9.9973E-05 0.00616024 0.00689858 0.0172737 0.0117684 0.0076811 0.0227384 0.0200307 9.9973E-05
9.99008E-05 9.99008E-05 9.99008E-05 0.891446 9.99008E-05 9.99008E-05 9.99008E-05 9.99008E-05 0.107455 9.99008E-05 9.99008E-05 9.99008E-05 9.99008E-05
9.98919E-05 9.98919E-05 0.998801 9.98919E-05 9.98919E-05 9.98919E-05 9.98919E-05 9.98919E-05 9.98919E-05 9.98919E-05 9.98919E-05 9.98919E-05 9.98919E-05
9.9892E-05 9.9892E-05 9.9892E-05 9.9892E-05 9.9892E-05 9.9892E-05 9.9892E-05 9.9892E-05 0.998801 9.9892E-05 9.9892E-05 9.9892E-05 9.9892E-05
9.991E-05 0.00358175 0.00150924 9.991E-05 9.991E-05 9.991E-05 9.991E-05 9.991E-05 9.991E-05 9.991E-05 0.99391 9.991E-05 9.991E-05
9.9937E-05 0.955999 9.9937E-05 0.0160066 9.9937E-05 9.9937E-05 0.00032949 0.00764229 9.9937E-05 0.016689 0.00263393 9.9937E-05 9.9937E-05
9.9892E-05 9.9892E-05 9.9892E-05 9.9892E-05 9.9892E-05 9.9892E-05 9.9892E-05 9.9892E-05 9.9892E-05 9.9892E-05 9.9892E-05 0.998801 9.9892E-05
0.0173269 0.0707242 0.0101554 0.0620115 0.0471452 0.0990886 0.0303544 0.0241217 0.0380261 0.0312862 0.0420706 0.493053 0.0346365
0.199262 0.0643996 0.0461411 0.0760478 0.0333871 0.145079 0.0429401 0.0377225 0.0343214 0.0444382 0.0662585 0.0436878 0.166315
9.98919E-05 9.98919E-05 9.98919E-05 9.98919E-05 0.998801 9.98919E-05 9.98919E-05 9.98919E-05 9.98919E-05 9.98919E-05 9.98919E-05 9.98919E-05 9.98919E-05
9.9892E-05 9.9892E-05 9.9892E-05 9.9892E-05 9.9892E-05 9.9892E-05 9.9892E-05 9.9892E-05 9.9892E-05 9.9892E-05 9.9892E-05 9.9892E-05 0.998801
0.00743781 0.0177813 0.0225503 0.0033566 0.848233 0.0265826 0.00267749 0.0146925 0.00102219 0.0082082 0.0113673 0.0196584 0.0164318
9.9892E-05 9.9892E-05 9.9892E-05 9.9892E-05 9.9892E-05 9.9892E-05 9.9892E-05 0.998801 9.9892E-05 9.9892E-05 9.9892E-05 9.9892E-05 9.9892E-05
0.0365475 0.0565697 0.126184 0.131597 0.0412964 0.328402 0.0306406 0.039092 0.00701185 0.0731246 0.0439114 0.0506275 0.0349963
0.0626349 0.0865458 0.0908267 0.0634636 0.0700771 0.164502 0.0804952 0.0611978 0.0900566 0.0789847 0.0563915 0.0416378 0.0531868
0.0144921 0.0453813 0.0887043 0.119856 0.058501 0.311825 0.0465345 0.0328781 0.0329005 0.081516 0.0632003 0.0503048 0.0539063
0.00226515 0.00244592 0.0316481 0.0500754 0.0105693 0.714003 0.0273613 0.0195585 0.0114344 0.0360042 0.0129433 0.0381817 0.0435097
0.00773805 0.00416736 9.9973E-05 9.9973E-05 0.0178979 0.899573 9.9973E-05 0.0258052 0.00171421 0.000399406 0.021638 0.00147336 0.0192937
9.9892E-05 9.9892E-05 9.9892E-05 9.9892E-05 9.9892E-05 9.9892E-05 0.998801 9.9892E-05 9.9892E-05 9.9892E-05 9.9892E-05 9.9892E-05 9.9892E-05
0.00746596 0.0177939 0.0252061 9.9982E-05 0.00949169 0.0066263 9.9982E-05 0.00963924 0.00482848 0.86815 0.0224762 0.0189212 0.00920093
0.0517678 0.0393442 0.0442208 0.188062 0.0777532 0.236207 0.112303 0.046616 9.9991E-05 0.0995038 0.032518 0.0562181 0.0153863
9.999E-05 0.0333649 0.795168 0.0163824 0.0100354 0.015232 0.0117177 0.0340494 0.0230523 0.0192908 0.0179474 0.0113927 0.0122674
9.99009E-05 9.99009E-05 9.99009E-05 0.899022 9.99009E-05 9.99009E-05 9.99009E-05 9.99009E-05 0.0998794 9.99009E-05 9.99009E-05 9.99009E-05 9.99009E-05
9.98919E-05 9.98919E-05 0.998801 9.98919E-05 9.98919E-05 9.98919E-05 9.98919E-05 9.98919E-05 9.98919E-05 9.98919E-05 9.98919E-05 9.98919E-05 9.98919E-05
9.9901E-05 9.9901E-05 9.9901E-05 9.9901E-05 9.9901E-05 9.9901E-05 9.9901E-05 9.9901E-05 9.9901E-05 0.00122241 0.997679 9.9901E-05 9.9901E-05
