9.995E-05 0.9994 9.995E-05 9.995E-05 9.995E-05 9.995E-05 9.995E-05
9.9964E-05 9.9964E-05 0.00166529 0.953982 9.9964E-05 0.0439529 9.9964E-05
0.00435527 0.00040513 9.9982E-05 0.951831 9.9982E-05 0.0417215 0.00148728
9.995E-05 9.995E-05 9.995E-05 9.995E-05 9.995E-05 9.995E-05 0.9994
9.995E-05 9.995E-05 9.995E-05 9.995E-05 9.995E-05 9.995E-05 0.9994
0.0325355 0.0662331 0.0715808 0.0679294 0.411838 0.304302 0.0455819
9.995E-05 9.995E-05 0.9994 9.995E-05 9.995E-05 9.995E-05 9.995E-05
9.995E-05 9.995E-05 9.995E-05 9.995E-05 0.9994 9.995E-05 9.995E-05
0.128627 0.0739328 0.077235 0.0435634 0.0811241 0.551823 0.0436952
9.995E-05 9.995E-05 9.995E-05 9.995E-05 9.995E-05 0.9994 9.995E-05
0.111912 0.0762744 0.082654 0.0790387 0.0882289 0.474365 0.0875275
0.108424 0.0566116 0.0935238 0.0980438 0.0951971 0.487039 0.06116
0.0409178 0.0346711 0.0700252 0.00620929 0.0539738 0.752332 0.0418706
0.056672 0.00796892 0.0754826 9.9991E-05 0.0187139 0.815999 0.0250634
0.0173846 0.01785 0.551125 0.0296601 0.0120459 0.352963 0.0189721
0.0509693 0.0103541 0.0242893 0.0411969 0.0850116 0.743941 0.0442384
0.0508836 0.00126096 0.0223424 0.0678152 0.0611685 0.756449 0.0400799
0.0666322 0.0717835 0.0973041 0.0684205 0.0794902 0.542201 0.0741687
0.790668 0.022275 0.00800101 0.0411292 0.0177121 0.0971107 0.023104
0.0846116 0.0414895 0.062229 0.0404213 0.0506133 0.657097 0.0635381
0.979725 9.9964E-05 9.9964E-05 0.014804 9.9964E-05 9.9964E-05 0.00507072
0.0613484 0.0203049 0.030757 0.00677346 0.0313002 0.80056 0.0489564
0.00720049 0.924109 0.0210285 0.00678011 0.0013557 0.0300339 0.00949233
9.995E-05 9.995E-05 9.995E-05 0.9994 9.995E-05 9.995E-05 9.995E-05
9.9982E-05 0.00306083 0.0169763 0.92143 9.9982E-05 0.0519461 0.00638642
9.995E-05 9.995E-05 9.995E-05 9.995E-05 9.995E-05 9.995E-05 0.9994
9.995E-05 9.995E-05 0.9994 9.995E-05 9.995E-05 9.995E-05 9.995E-05
9.995E-05 9.995E-05 9.995E-05 9.995E-05 0.9994 9.995E-05 9.995E-05
0.0176968 0.00375063 0.934576 0.0021428 0.0114475 0.0208196 0.00956635
9.995E-05 9.995E-05 9.995E-05 9.995E-05 0.9994 9.995E-05 9.995E-05
0.127873 0.0599344 0.0642753 0.0258564 0.100649 0.55947 0.061942
9.995E-05 9.995E-05 9.995E-05 9.995E-05 9.995E-05 0.9994 9.995E-05
0.12337 0.0929541 0.103128 0.0910244 0.086001 0.424872 0.0786499
0.0444712 0.0292376 0.0708093 9.9991E-05 0.0559205 0.762789 0.0366726
0.070307 0.0122618 0.0660091 9.9991E-05 0.0320647 0.787459 0.0317987
0.0851939 0.0656821 0.0761854 0.0485351 0.054926 0.615618 0.053859
0.0717247 0.00956076 0.0195577 0.0319591 0.0733258 0.757164 0.0367084
0.0903764 0.0391891 0.0626232 0.045567 0.101159 0.584566 0.0765191
0.0523431 0.0191516 0.0389315 0.0216914 0.0459965 0.790313 0.0315733
0.9994 9.995E-05 9.995E-05 9.995E-05 9.995E-05 9.995E-05 9.995E-05
0.0831243 0.0510265 0.0457984 0.0373046 0.0728376 0.657581 0.0523274
9.995E-05 0.9994 9.995E-05 9.995E-05 9.995E-05 9.995E-05 9.995E-05
0.00187997 0.950464 0.00245698 9.9982E-05 9.9982E-05 0.0352666 0.00973271
9.995E-05 9.995E-05 9.995E-05 0.9994 9.995E-05 9.995E-05 9.995E-05
0.00524772 0.00364597 0.0101764 0.878105 0.0177759 0.0781065 0.00694242
9.995E-05 9.995E-05 9.995E-05 9.995E-05 9.995E-05 9.995E-05 0.9994
9.995E-05 9.995E-05 0.9994 9.995E-05 9.995E-05 9.995E-05 9.995E-05
0.016031 0.0350676 0.0314299 0.0177114 0.587809 0.287148 0.0248033
9.995E-05 9.995E-05 0.9994 9.995E-05 9.995E-05 9.995E-05 9.995E-05
0.0029386 0.0325 0.0283209 0.0185449 0.610763 0.277811 0.0291212
0.119304 0.06446 0.076619 0.0414793 0.0853938 0.547021 0.065723
9.995E-05 9.995E-05 9.995E-05 9.995E-05 9.995E-05 0.9994 9.995E-05
0.126301 0.0657565 0.0649238 0.0329381 0.0807217 0.563906 0.0654523
0.0512105 0.0318298 0.0660986 0.0158952 0.0585033 0.73366 0.0428026
0.0704836 0.0327044 0.0550969 0.0129837 0.0457543 0.753935 0.0290417
0.068928 0.067138 0.0913467 0.0664306 0.0721017 0.54866 0.0853946
0.0668492 0.0056661 0.0288799 0.0441035 0.0828122 0.728336 0.0433528
0.408917 0.0500382 0.0563295 0.0639111 0.0607752 0.309376 0.0506533
0.0740835 0.0307392 0.043788 0.050071 0.0510794 0.707186 0.0430526
0.9994 9.995E-05 9.995E-05 9.995E-05 9.995E-05 9.995E-05 9.995E-05
0.0394774 0.0170466 0.0267862 0.0109533 0.0338792 0.848818 0.0230391
0.00224921 0.991676 9.9973E-05 0.00537503 0.000399513 9.9973E-05 9.9973E-05
9.9964E-05 0.964245 9.9964E-05 9.9964E-05 9.9964E-05 0.0239074 0.0114481
9.995E-05 9.995E-05 9.995E-05 0.9994 9.995E-05 9.995E-05 9.995E-05
0.0468865 0.0322858 0.0351209 0.556367 0.062801 0.219621 0.0469181
0.00134088 0.0147868 0.00207573 9.9991E-05 0.00617071 0.00676844 0.968757
0.00281563 0.00809321 0.981002 0.00604002 0.00184935 9.9982E-05 9.9982E-05
0.0106658 0.000545 9.9973E-05 0.00739967 0.98109 9.9973E-05 9.9973E-05
0.0178642 0.0209262 0.83918 0.0134731 0.0232734 0.0745716 0.0107111
0.0136179 0.0277028 0.0222774 0.0099099 0.639166 0.275521 0.0118045
0.127565 0.0799517 0.0835786 0.0349537 0.0893077 0.522198 0.0624449
9.995E-05 9.995E-05 9.995E-05 9.995E-05 9.995E-05 0.9994 9.995E-05
0.123175 0.0752879 0.0644546 0.0605749 0.0721044 0.53602 0.0683833
0.0805136 0.0535495 0.0809615 0.0412081 0.0679898 0.611402 0.0643759
0.0825434 0.000740341 0.0583167 0.00702514 0.0284056 0.796185 0.0267836
0.0515594 0.0135907 0.0228044 0.069946 0.0677689 0.728012 0.0463188
0.0617679 0.0715139 0.0801728 0.0711042 0.0656593 0.569965 0.079817
0.359929 0.0606668 0.0546141 0.0822839 0.0687374 0.307922 0.0658466
0.0548812 0.0146117 0.0430942 0.0453305 0.0455756 0.761615 0.0348922
0.9994 9.995E-05 9.995E-05 9.995E-05 9.995E-05 9.995E-05 9.995E-05
0.0687134 0.0347686 0.0351282 0.0333847 0.0542629 0.72444 0.0493023
9.995E-05 0.9994 9.995E-05 9.995E-05 9.995E-05 9.995E-05 9.995E-05
9.995E-05 0.9994 9.995E-05 9.995E-05 9.995E-05 9.995E-05 9.995E-05
9.995E-05 9.995E-05 9.995E-05 0.9994 9.995E-05 9.995E-05 9.995E-05
0.0454264 0.0383977 0.0379377 0.563476 0.060363 0.219049 0.0353501
0.0295728 0.0111935 0.0142426 0.0184003 0.0168197 0.0661733 0.843598
9.995E-05 9.995E-05 0.9994 9.995E-05 9.995E-05 9.995E-05 9.995E-05
9.995E-05 9.995E-05 9.995E-05 9.995E-05 0.9994 9.995E-05 9.995E-05
0.022449 0.0354471 0.75654 0.0388163 0.021428 0.104019 0.0213005
0.00683951 0.0310564 0.0173133 0.00442946 0.643645 0.272756 0.0239611
0.129867 0.060405 0.0683379 0.0314366 0.0897488 0.566754 0.0534512
9.995E-05 9.995E-05 9.995E-05 9.995E-05 9.995E-05 0.9994 9.995E-05
0.0960056 0.0450392 0.0838294 0.0933727 0.0804943 0.532894 0.0683643
0.131128 0.0587496 0.0562023 0.0410238 0.0715319 0.581547 0.059818
0.0517954 0.0457265 0.0545108 0.0407133 0.0514311 0.68287 0.0729527
0.0770192 0.0377297 0.0716857 0.0117574 0.0515182 0.693931 0.0563588
0.0615064 0.0402983 0.0572284 0.0824436 0.101462 0.592493 0.0645688
0.0654636 0.0767632 0.0845581 0.0678872 0.0590945 0.544677 0.101557
0.827281 0.0230522 0.0082886 0.0319531 0.00141851 0.087428 0.0205789
0.0413629 0.0259005 0.0537351 0.0315245 0.0327502 0.78151 0.0332163
0.929425 0.00297907 0.00718495 0.0211961 0.0140364 0.0184155 0.00676301
0.0545549 0.00484097 0.042925 9.9991E-05 0.0286904 0.828192 0.0406969
0.00800024 0.952405 9.9991E-05 0.0190257 0.0157015 0.00123083 0.00353638
9.995E-05 0.9994 9.995E-05 9.995E-05 9.995E-05 9.995E-05 9.995E-05
9.995E-05 9.995E-05 9.995E-05 0.9994 9.995E-05 9.995E-05 9.995E-05
9.9991E-05 0.0122242 0.00324207 0.912883 0.00828036 0.0524321 0.0108384
9.9955E-05 0.00370504 9.9955E-05 9.9955E-05 9.9955E-05 9.9955E-05 0.995795
9.995E-05 9.995E-05 0.9994 9.995E-05 9.995E-05 9.995E-05 9.995E-05
9.995E-05 9.995E-05 9.995E-05 9.995E-05 0.9994 9.995E-05 9.995E-05
9.995E-05 9.995E-05 0.9994 9.995E-05 9.995E-05 9.995E-05 9.995E-05
9.9991E-05 0.0339417 0.0141499 0.0112945 0.645043 0.273816 0.0216549
0.0634162 0.0661681 0.114103 0.0581243 0.0441604 0.59286 0.0611676
9.995E-05 9.995E-05 9.995E-05 9.995E-05 9.995E-05 0.9994 9.995E-05
0.109855 0.0462918 0.0807861 0.0965457 0.0773547 0.515723 0.0734437
0.136984 0.0460028 0.0863759 0.0561821 0.0943451 0.505868 0.0742416
0.0497455 0.0554139 0.0534061 0.0373807 0.0649039 0.675662 0.063488
0.0861199 0.0339388 0.0816015 0.0266514 0.0499558 0.68008 0.0416524
0.0366122 9.9991E-05 0.0165599 0.0535437 0.067511 0.779828 0.0458452
0.0840321 0.0728737 0.0999016 0.0658217 0.060425 0.547215 0.0697306
0.815792 0.0224055 9.9991E-05 0.0266109 0.0123181 0.0955026 0.0272705
0.0418399 0.0130214 0.0347606 0.0283453 0.0269188 0.832826 0.0222879
0.9994 9.995E-05 9.995E-05 9.995E-05 9.995E-05 9.995E-05 9.995E-05
0.0566857 0.00246209 0.0259035 9.9991E-05 0.0302364 0.841547 0.0430655
0.0118948 0.966005 9.9973E-05 0.010597 0.0112031 9.9973E-05 9.9973E-05
9.9955E-05 0.998418 9.9955E-05 9.9955E-05 9.9955E-05 9.9955E-05 0.0010819
9.995E-05 9.995E-05 9.995E-05 0.9994 9.995E-05 9.995E-05 9.995E-05
9.995E-05 9.995E-05 9.995E-05 0.9994 9.995E-05 9.995E-05 9.995E-05
9.9973E-05 0.00425761 9.9973E-05 0.0160028 0.00749418 9.9973E-05 0.971946
0.00513386 0.000322737 0.97678 0.00981954 0.00774419 9.99884E-05 9.99884E-05
0.0637001 0.0545477 0.0621624 0.0450955 0.419305 0.293408 0.061782
0.000559525 0.00259963 0.971373 9.9982E-05 0.000847534 0.0244206 9.9982E-05
9.995E-05 9.995E-05 9.995E-05 9.995E-05 9.995E-05 0.9994 9.995E-05
0.161924 0.0707322 0.0471716 0.0504756 0.0933226 0.524904 0.0514703
0.094164 0.0475538 0.0921816 0.0973929 0.0760999 0.522443 0.0701651
0.108442 0.0679397 0.0855262 0.0421451 0.100363 0.514917 0.0806663
0.0466605 0.0572789 0.0589548 0.0402755 0.0551196 0.670235 0.0714758
0.0783459 0.0423053 0.0845403 0.0253814 0.0724443 0.632695 0.0642878
0.0733627 0.0100343 0.0232323 0.0446008 0.0719593 0.72884 0.0479707
0.0481859 0.00532348 0.0260007 0.0527508 0.0704615 0.756904 0.0403734
0.0700203 0.0419141 0.103774 0.0696331 0.0525476 0.58265 0.0794609
0.848719 0.0203624 0.00312785 0.0274346 0.00234185 0.0708914 0.0271232
0.0332933 0.00024102 0.0298769 0.0155552 0.0172234 0.885755 0.0180546
0.9994 9.995E-05 9.995E-05 9.995E-05 9.995E-05 9.995E-05 9.995E-05
0.0481443 0.0103556 0.0454552 0.00180106 0.0330944 0.816197 0.044952
9.9955E-05 0.998629 9.9955E-05 9.9955E-05 0.000871716 9.9955E-05 9.9955E-05
9.9973E-05 0.00228341 0.0039335 0.958589 9.9973E-05 0.0348944 9.9973E-05
9.995E-05 9.995E-05 9.995E-05 9.995E-05 9.995E-05 9.995E-05 0.9994
0.0226576 0.052807 0.0498048 0.080519 0.0377232 0.260557 0.495932
0.0722916 0.0670198 0.052278 0.0702963 0.312861 0.381614 0.0436389
9.995E-05 9.995E-05 0.9994 9.995E-05 9.995E-05 9.995E-05 9.995E-05
9.995E-05 9.995E-05 9.995E-05 9.995E-05 0.9994 9.995E-05 9.995E-05
0.015071 0.0190356 0.859403 0.0186055 0.0139457 0.0534179 0.0205215
9.995E-05 9.995E-05 9.995E-05 9.995E-05 9.995E-05 0.9994 9.995E-05
0.157499 0.0511903 0.0653933 0.0642984 0.0796222 0.515917 0.0660798
0.114955 0.0554567 0.0942913 0.105726 0.0945357 0.474714 0.0603213
0.12869 0.0633939 0.07527 0.0450046 0.0860849 0.522441 0.0791157
0.0811884 0.0260432 0.0681202 0.0158022 0.081853 0.662022 0.0649714
0.0638273 0.0417738 0.0728919 0.00709123 0.0626151 0.717568 0.0342326
0.050537 0.0111856 0.0265802 0.0613327 0.0783133 0.733858 0.0381934
0.0655219 0.0305747 0.0374511 0.0616275 0.0674205 0.676895 0.0605091
0.079439 0.034781 0.102659 0.0541326 0.047906 0.599612 0.0814713
0.794237 0.0211447 0.00590913 0.0304967 0.0124772 0.107113 0.0286227
0.0361278 0.0186542 0.0338957 0.0228602 0.0180255 0.853967 0.0164695
0.9994 9.995E-05 9.995E-05 9.995E-05 9.995E-05 9.995E-05 9.995E-05
9.995E-05 0.9994 9.995E-05 9.995E-05 9.995E-05 9.995E-05 9.995E-05
