9.99201E-05 9.99201E-05 9.99201E-05 9.99201E-05 9.99201E-05 9.99201E-05 0.999101 9.99201E-05 9.99201E-05 9.99201E-05
0.945724 0.000588353 9.9964E-05 0.0229296 9.9964E-05 0.0078155 0.00729907 0.0152436 9.9964E-05 9.9964E-05
0.942924 9.9964E-05 0.00351403 0.0309213 0.0039166 9.9964E-05 9.9964E-05 0.00725137 9.9964E-05 0.011073
9.99201E-05 0.999101 9.99201E-05 9.99201E-05 9.99201E-05 9.99201E-05 9.99201E-05 9.99201E-05 9.99201E-05 9.99201E-05
9.99201E-05 0.999101 9.99201E-05 9.99201E-05 9.99201E-05 9.99201E-05 9.99201E-05 9.99201E-05 9.99201E-05 9.99201E-05
0.0606524 0.0452614 0.0242993 0.0862414 0.0551535 0.127613 0.0649445 0.0337367 0.411528 0.0905697
9.99201E-05 9.99201E-05 9.99201E-05 9.99201E-05 0.999101 9.99201E-05 9.99201E-05 9.99201E-05 9.99201E-05 9.99201E-05
9.99201E-05 9.99201E-05 9.99201E-05 9.99201E-05 9.99201E-05 9.99201E-05 9.99201E-05 9.99201E-05 0.999101 9.99201E-05
0.0353279 0.0389053 0.100968 0.0732065 0.0524995 0.449314 0.0475325 0.0202105 0.0706093 0.111426
0.0122928 0.000387181 9.9946E-05 9.9946E-05 0.00391559 9.9946E-05 9.9946E-05 0.982805 9.9946E-05 9.9946E-05
0.0671362 0.0792992 0.0916356 0.117527 0.0615151 0.283086 0.0648997 0.0554332 0.061746 0.117723
0.0956243 0.0539473 0.0983037 0.171423 0.0716371 0.172905 0.0646725 0.0574939 0.0792305 0.134762
9.99459E-05 9.99459E-05 9.99459E-05 9.99459E-05 0.000754306 0.994506 0.0038166 9.99459E-05 0.000323004 9.99459E-05
9.99201E-05 9.99201E-05 9.99201E-05 9.99201E-05 9.99201E-05 0.999101 9.99201E-05 9.99201E-05 9.99201E-05 9.99201E-05
0.0259241 0.00540535 0.00500682 0.144811 0.550096 0.157436 0.0139899 0.0296125 0.00239267 0.065325
9.99201E-05 9.99201E-05 9.99201E-05 0.999101 9.99201E-05 9.99201E-05 9.99201E-05 9.99201E-05 9.99201E-05 9.99201E-05
0.0143775 9.9964E-05 9.9964E-05 0.965831 0.0103672 0.00321303 0.00459492 9.9964E-05 0.00121689 9.9964E-05
0.0783525 0.0666589 0.0520468 0.175349 0.0756498 0.229415 0.0534875 0.0344539 0.0600124 0.174574
0.0345792 0.0208614 0.786888 0.0371544 0.0161808 0.00930979 0.0270264 0.019676 0.00906491 0.0392592
0.0393913 0.0389697 0.0354464 0.0460976 0.0292653 0.00566008 0.0324981 0.0258824 0.0286392 0.71815
0.00251256 9.9937E-05 0.985045 9.9937E-05 9.9937E-05 9.9937E-05 9.9937E-05 9.9937E-05 9.9937E-05 0.0117429
0.000561487 0.0132424 0.0032309 0.0234618 9.9982E-05 0.017523 0.0102511 9.9982E-05 0.00640913 0.92512
0.0140318 0.0079174 0.00108413 9.9982E-05 0.0157159 0.00837072 0.924665 0.00628665 9.9982E-05 0.0217284
0.999101 9.99201E-05 9.99201E-05 9.99201E-05 9.99201E-05 9.99201E-05 9.99201E-05 9.99201E-05 9.99201E-05 9.99201E-05
0.914568 0.00277145 0.00104763 0.0257105 0.0132677 0.00180155 0.0125692 0.0119503 0.000735518 0.0155783
9.99201E-05 0.999101 9.99201E-05 9.99201E-05 9.99201E-05 9.99201E-05 9.99201E-05 9.99201E-05 9.99201E-05 9.99201E-05
9.99201E-05 9.99201E-05 9.99201E-05 9.99201E-05 0.999101 9.99201E-05 9.99201E-05 9.99201E-05 9.99201E-05 9.99201E-05
9.99201E-05 9.99201E-05 9.99201E-05 9.99201E-05 9.99201E-05 9.99201E-05 9.99201E-05 9.99201E-05 0.999101 9.99201E-05
0.0179561 0.0147497 0.0036551 9.9991E-05 0.91522 0.0101623 0.0127174 0.00661612 0.00639637 0.0124271
9.99201E-05 9.99201E-05 9.99201E-05 9.99201E-05 9.99201E-05 9.99201E-05 9.99201E-05 9.99201E-05 0.999101 9.99201E-05
0.0223502 0.0368752 0.093824 0.0689355 0.031564 0.512682 0.0459159 0.0106764 0.0715981 0.105579
9.99201E-05 9.99201E-05 9.99201E-05 9.99201E-05 9.99201E-05 9.99201E-05 9.99201E-05 0.999101 9.99201E-05 9.99201E-05
0.079106 0.0587385 0.0883952 0.110979 0.109868 0.216092 0.0744964 0.0727013 0.0746818 0.114941
9.99201E-05 9.99201E-05 9.99201E-05 9.99201E-05 9.99201E-05 0.999101 9.99201E-05 9.99201E-05 9.99201E-05 9.99201E-05
9.99201E-05 9.99201E-05 9.99201E-05 9.99201E-05 9.99201E-05 0.999101 9.99201E-05 9.99201E-05 9.99201E-05 9.99201E-05
0.0375891 0.0409527 0.0557486 0.246413 0.0599147 0.256265 0.0628224 0.0469847 0.0322539 0.161056
9.99201E-05 9.99201E-05 9.99201E-05 0.999101 9.99201E-05 9.99201E-05 9.99201E-05 9.99201E-05 9.99201E-05 9.99201E-05
0.0137566 0.0415442 0.0561947 0.507822 0.0413746 0.0956511 0.0333136 0.0281848 0.065735 0.116424
0.00302846 0.0054712 0.0127526 9.9973E-05 9.9973E-05 9.9973E-05 0.00189053 0.00920452 0.00562067 0.961732
9.99201E-05 9.99201E-05 0.999101 9.99201E-05 9.99201E-05 9.99201E-05 9.99201E-05 9.99201E-05 9.99201E-05 9.99201E-05
0.0283897 0.0308011 0.0335905 0.0537684 0.0131918 0.0515541 0.0362237 0.0123218 0.0354706 0.704688
9.99201E-05 9.99201E-05 9.99201E-05 9.99201E-05 9.99201E-05 9.99201E-05 0.999101 9.99201E-05 9.99201E-05 9.99201E-05
9.9973E-05 0.0117666 0.00179039 9.9973E-05 0.00218338 0.0220108 0.944172 0.000804599 9.9973E-05 0.0169721
0.999101 9.99201E-05 9.99201E-05 9.99201E-05 9.99201E-05 9.99201E-05 9.99201E-05 9.99201E-05 9.99201E-05 9.99201E-05
0.87323 0.00509184 0.00764098 0.0356101 0.00875247 0.00744313 0.0118924 0.0133147 0.0185291 0.0184951
9.99201E-05 0.999101 9.99201E-05 9.99201E-05 9.99201E-05 9.99201E-05 9.99201E-05 9.99201E-05 9.99201E-05 9.99201E-05
9.99201E-05 9.99201E-05 9.99201E-05 9.99201E-05 0.999101 9.99201E-05 9.99201E-05 9.99201E-05 9.99201E-05 9.99201E-05
0.0328486 0.0146263 9.9991E-05 0.0871835 0.0209051 0.172458 0.0324624 0.0360467 0.581914 0.0214558
9.99201E-05 9.99201E-05 9.99201E-05 9.99201E-05 0.999101 9.99201E-05 9.99201E-05 9.99201E-05 9.99201E-05 9.99201E-05
0.0249398 0.0106658 9.9991E-05 0.0869427 0.0177789 0.164337 0.0421731 0.0330289 0.602291 0.0177421
0.0286044 0.0486426 0.0818842 0.0805296 0.0460534 0.466393 0.0644107 0.019843 0.0617849 0.101854
0.00698261 0.00305648 9.9964E-05 0.00172084 9.9964E-05 9.9964E-05 0.00309135 0.977849 0.00689937 9.9964E-05
0.0384046 0.0580745 0.106363 0.0890378 0.0414127 0.318453 0.0553096 0.0505426 0.0694866 0.172915
0.0131444 0.00379482 9.99639E-05 9.99639E-05 9.99639E-05 0.969467 0.00437603 0.00238297 0.00643528 9.99639E-05
9.99201E-05 9.99201E-05 9.99201E-05 9.99201E-05 9.99201E-05 0.999101 9.99201E-05 9.99201E-05 9.99201E-05 9.99201E-05
0.0539349 0.0662708 0.0507568 0.190069 0.0678687 0.234265 0.0657855 0.0687871 0.0629385 0.139323
9.99201E-05 9.99201E-05 9.99201E-05 0.999101 9.99201E-05 9.99201E-05 9.99201E-05 9.99201E-05 9.99201E-05 9.99201E-05
0.059485 0.0513909 0.385284 0.0554547 0.0487952 0.175094 0.046939 0.0405779 0.0508995 0.0860797
0.0343437 0.0037894 0.00772457 9.9991E-05 0.0227745 0.00650413 0.023167 0.0171013 0.0231985 0.861297
9.99201E-05 9.99201E-05 0.999101 9.99201E-05 9.99201E-05 9.99201E-05 9.99201E-05 9.99201E-05 9.99201E-05 9.99201E-05
9.99201E-05 9.99201E-05 9.99201E-05 9.99201E-05 9.99201E-05 9.99201E-05 9.99201E-05 9.99201E-05 9.99201E-05 0.999101
0.0116118 9.9937E-05 0.00167561 9.9937E-05 9.9937E-05 9.9937E-05 0.986013 9.9937E-05 9.9937E-05 9.9937E-05
9.9964E-05 0.00820065 9.9964E-05 9.9964E-05 0.00072704 0.0141228 0.953198 0.00478972 9.9964E-05 0.0185617
0.999101 9.99201E-05 9.99201E-05 9.99201E-05 9.99201E-05 9.99201E-05 9.99201E-05 9.99201E-05 9.99201E-05 9.99201E-05
0.564983 0.0315059 0.0411602 0.072033 0.0291686 0.0671281 0.0316666 0.0339296 0.0507395 0.077685
0.00572382 0.955623 9.9982E-05 0.00514358 9.9982E-05 0.00525841 0.00785629 0.000865921 0.00193171 0.0173969
0.00356768 0.000859314 0.00913365 0.0024585 0.977015 9.9973E-05 0.00541171 0.00125433 9.9973E-05 9.9973E-05
0.00425657 9.99369E-05 0.0158121 9.99369E-05 9.99369E-05 9.99369E-05 9.99369E-05 9.99369E-05 0.979232 9.99369E-05
0.0126976 0.0153124 0.015463 0.00550127 0.843485 0.023126 0.0161864 0.024691 0.0225811 0.0209564
0.0172064 0.00651746 9.9991E-05 0.0969012 0.018989 0.166021 0.028593 0.0339984 0.625608 0.00606637
0.0369724 0.0528774 0.103626 0.0705397 0.046244 0.422529 0.0582973 0.0343885 0.0684941 0.106032
9.99201E-05 9.99201E-05 9.99201E-05 9.99201E-05 9.99201E-05 9.99201E-05 9.99201E-05 0.999101 9.99201E-05 9.99201E-05
0.0498837 0.0547065 0.112451 0.0807803 0.0525324 0.383208 0.0536694 0.0534807 0.0461178 0.11317
0.0291853 0.0313042 0.0302771 0.0538589 0.035462 0.653812 0.0330497 0.016426 0.0284743 0.0881503
9.99201E-05 9.99201E-05 9.99201E-05 9.99201E-05 9.99201E-05 0.999101 9.99201E-05 9.99201E-05 9.99201E-05 9.99201E-05
0.0129085 0.00227144 0.00714529 0.952539 9.9982E-05 0.00306279 0.00891722 9.9982E-05 0.00438116 0.00857487
0.0590936 0.0692428 0.0412656 0.186491 0.0687028 0.236939 0.0697573 0.0687185 0.0522761 0.147514
0.0655632 0.0442335 0.352716 0.0740652 0.0498267 0.165956 0.0527063 0.0464705 0.0601046 0.0883578
0.0337572 0.0111189 0.0104686 9.9973E-05 9.9973E-05 9.9973E-05 0.00312444 0.0118181 0.0231146 0.906298
9.99201E-05 9.99201E-05 0.999101 9.99201E-05 9.99201E-05 9.99201E-05 9.99201E-05 9.99201E-05 9.99201E-05 9.99201E-05
0.025275 0.0238152 0.0289108 0.0477406 0.00588333 0.0461051 0.0232825 0.00627963 0.0312867 0.761421
0.0007136 9.9937E-05 9.9937E-05 0.00144758 9.9937E-05 9.9937E-05 0.997139 9.9937E-05 9.9937E-05 9.9937E-05
9.99201E-05 9.99201E-05 9.99201E-05 9.99201E-05 9.99201E-05 9.99201E-05 0.999101 9.99201E-05 9.99201E-05 9.99201E-05
0.999101 9.99201E-05 9.99201E-05 9.99201E-05 9.99201E-05 9.99201E-05 9.99201E-05 9.99201E-05 9.99201E-05 9.99201E-05
0.571687 0.0290905 0.0320015 0.0614845 0.0352674 0.0665469 0.0358149 0.0412528 0.0409863 0.0858683
0.00517441 0.836898 0.029056 9.9991E-05 0.020892 0.03234 0.00910784 0.014132 0.0176717 0.0346276
9.99201E-05 9.99201E-05 9.99201E-05 9.99201E-05 0.999101 9.99201E-05 9.99201E-05 9.99201E-05 9.99201E-05 9.99201E-05
9.99201E-05 9.99201E-05 9.99201E-05 9.99201E-05 9.99201E-05 9.99201E-05 9.99201E-05 9.99201E-05 0.999101 9.99201E-05
0.0330505 0.0193383 0.021496 0.0161666 0.741319 0.0451526 0.0350952 0.0201104 0.0358702 0.032401
0.0173156 0.0027866 9.9991E-05 0.106242 0.0172159 0.151897 0.031814 0.0317586 0.630909 0.00996084
0.02507 0.0388948 0.103301 0.0729046 0.046436 0.468671 0.059144 0.0241594 0.0633777 0.0980415
9.99201E-05 9.99201E-05 9.99201E-05 9.99201E-05 9.99201E-05 9.99201E-05 9.99201E-05 0.999101 9.99201E-05 9.99201E-05
0.0782921 0.0503244 0.0780724 0.224765 0.0604427 0.210417 0.0428239 0.061794 0.0659629 0.127105
0.0394578 0.0528729 0.107385 0.0781236 0.0293037 0.418028 0.0469317 0.0633208 0.0509442 0.113632
0.0461093 0.0360524 0.0220081 0.067011 0.0232973 0.626499 0.0307202 0.0192971 0.0239583 0.105047
0.0129517 0.0132928 0.0203714 0.0171618 0.0213657 0.824786 0.026138 0.0209479 0.00786276 0.0351221
0.0541158 0.0232767 0.021241 0.555096 0.0435638 0.106345 0.0348281 0.0256043 0.0760561 0.0598732
0.0551669 0.0778708 0.036478 0.194636 0.0775961 0.218941 0.0725922 0.0594535 0.0664799 0.140785
0.0312528 0.0240355 0.816976 0.03526 0.00478711 0.0180049 0.0218916 0.00803102 9.9991E-05 0.0396606
9.9964E-05 9.9964E-05 0.00329176 9.9964E-05 0.0127896 9.9964E-05 0.0144388 0.0167843 0.00503327 0.947262
0.0123429 9.9973E-05 0.94483 0.00128893 0.00692282 9.9973E-05 0.0118231 0.00315098 0.0193416 9.9973E-05
9.9928E-05 9.9928E-05 9.9928E-05 9.9928E-05 0.00654083 9.9928E-05 9.9928E-05 9.9928E-05 9.9928E-05 0.99266
0.0112117 9.9982E-05 0.00804462 0.0123407 0.000704769 9.9982E-05 0.955016 0.00017552 0.00704794 0.00525851
9.99201E-05 9.99201E-05 9.99201E-05 9.99201E-05 9.99201E-05 9.99201E-05 0.999101 9.99201E-05 9.99201E-05 9.99201E-05
0.999101 9.99201E-05 9.99201E-05 9.99201E-05 9.99201E-05 9.99201E-05 9.99201E-05 9.99201E-05 9.99201E-05 9.99201E-05
0.901904 0.00148458 0.0006497 0.0424388 0.0131598 0.00566212 0.0128822 0.0100082 0.00105466 0.010756
9.99201E-05 0.999101 9.99201E-05 9.99201E-05 9.99201E-05 9.99201E-05 9.99201E-05 9.99201E-05 9.99201E-05 9.99201E-05
9.99201E-05 9.99201E-05 9.99201E-05 9.99201E-05 0.999101 9.99201E-05 9.99201E-05 9.99201E-05 9.99201E-05 9.99201E-05
9.99201E-05 9.99201E-05 9.99201E-05 9.99201E-05 9.99201E-05 9.99201E-05 9.99201E-05 9.99201E-05 0.999101 9.99201E-05
9.99201E-05 9.99201E-05 9.99201E-05 9.99201E-05 0.999101 9.99201E-05 9.99201E-05 9.99201E-05 9.99201E-05 9.99201E-05
0.0140361 0.00523832 9.9982E-05 0.0919282 0.0167178 0.178122 0.0210953 0.0406155 0.632047 9.9982E-05
0.0592144 0.0372881 0.0529614 0.193542 0.0829511 0.280858 0.0580329 0.0545348 0.0270038 0.153613
9.9973E-05 9.9973E-05 0.000946587 9.9973E-05 0.0124502 0.00321763 0.0048392 0.967374 0.00280073 0.00807196
0.0794235 0.0472669 0.0895975 0.219876 0.0556343 0.203122 0.041717 0.0775845 0.0576429 0.128136
0.0487096 0.0507515 0.092018 0.0946436 0.0657705 0.344679 0.0401422 0.037742 0.0748927 0.150651
0.029403 0.0387826 0.00934275 0.0741679 0.0117565 0.654923 0.0327263 0.0161877 0.0309608 0.10175
0.0239982 0.0022273 0.0332835 0.0558965 0.0156495 0.800919 0.00937845 0.00653686 0.00913916 0.0429717
9.9928E-05 9.9928E-05 9.9928E-05 0.996445 9.9928E-05 9.9928E-05 9.9928E-05 9.9928E-05 9.9928E-05 0.00275579
0.0589535 0.0644124 0.0574482 0.18346 0.0815009 0.247925 0.0654417 0.0552029 0.0535784 0.132077
0.0291974 0.0175285 0.81902 0.0298205 9.9991E-05 0.00662122 0.0256602 0.0256069 0.0214318 0.0250131
0.00294998 9.99279E-05 9.99279E-05 9.99279E-05 9.99279E-05 9.99279E-05 9.99279E-05 9.99279E-05 9.99279E-05 0.996251
9.99201E-05 9.99201E-05 0.999101 9.99201E-05 9.99201E-05 9.99201E-05 9.99201E-05 9.99201E-05 9.99201E-05 9.99201E-05
9.9928E-05 0.00158024 9.9928E-05 9.9928E-05 9.9928E-05 9.9928E-05 9.9928E-05 9.9928E-05 9.9928E-05 0.99762
9.99674E-05 9.99674E-05 0.0106606 0.0159145 0.000494612 9.99674E-05 0.956164 0.00337142 0.0129951 9.99674E-05
9.9946E-05 0.00199178 9.9946E-05 9.9946E-05 0.00181413 0.00522013 0.990374 9.9946E-05 9.9946E-05 9.9946E-05
0.999101 9.99201E-05 9.99201E-05 9.99201E-05 9.99201E-05 9.99201E-05 9.99201E-05 9.99201E-05 9.99201E-05 9.99201E-05
0.999101 9.99201E-05 9.99201E-05 9.99201E-05 9.99201E-05 9.99201E-05 9.99201E-05 9.99201E-05 9.99201E-05 9.99201E-05
0.00655181 0.971644 9.9946E-05 0.0103126 0.0108916 9.9946E-05 9.9946E-05 9.9946E-05 9.9946E-05 9.9946E-05
9.9955E-05 0.00386755 9.9955E-05 0.0156305 0.967493 0.00279182 9.9955E-05 9.9955E-05 0.00971723 9.9955E-05
0.0452834 0.0593817 0.0551142 0.0977545 0.0381253 0.133824 0.0603646 0.0157347 0.398197 0.0962203
0.00594516 0.00133528 0.00184143 9.9982E-05 0.95923 9.9982E-05 0.00871166 0.0102019 0.00196199 0.0105722
9.9955E-05 9.9955E-05 0.0010317 9.9955E-05 0.000351811 9.9955E-05 0.00315191 0.989471 9.9955E-05 0.00549375
0.0409038 0.0336586 0.129172 0.100948 0.0267644 0.389466 0.0597445 0.0393678 0.0589333 0.121041
0.0890715 0.0536106 0.0755732 0.220853 0.063191 0.207471 0.0500122 0.067484 0.0525177 0.120216
0.0282354 0.0744356 0.0663521 0.144866 0.0615561 0.30347 0.0596065 0.0455991 0.0839884 0.131891
0.0261975 0.0490635 0.0103046 0.0531189 0.0159395 0.666537 0.0345667 0.0224572 0.0329898 0.0888255
0.0209094 0.0397875 0.0325889 0.0513124 0.0435647 0.660982 0.0234612 0.0331039 0.040927 0.0533631
9.99201E-05 9.99201E-05 9.99201E-05 0.999101 9.99201E-05 9.99201E-05 9.99201E-05 9.99201E-05 9.99201E-05 9.99201E-05
9.9955E-05 9.9955E-05 9.9955E-05 0.984961 0.00512311 0.00351052 9.9955E-05 0.0032349 0.00267023 9.9955E-05
0.035244 0.0681013 0.0318009 0.252825 0.0934925 0.278172 0.043387 0.0288384 0.0301647 0.137974
0.0266058 0.0234508 0.849428 0.0202871 9.9991E-05 0.00328356 0.0244773 0.0186867 0.00959434 0.0240861
9.99201E-05 9.99201E-05 9.99201E-05 9.99201E-05 9.99201E-05 9.99201E-05 9.99201E-05 9.99201E-05 9.99201E-05 0.999101
9.99201E-05 9.99201E-05 0.999101 9.99201E-05 9.99201E-05 9.99201E-05 9.99201E-05 9.99201E-05 9.99201E-05 9.99201E-05
9.9946E-05 0.00580127 9.9946E-05 9.9946E-05 9.9946E-05 0.00571905 9.9946E-05 9.9946E-05 0.00735472 0.980525
9.9928E-05 9.9928E-05 0.00429601 9.9928E-05 9.9928E-05 9.9928E-05 0.994905 9.9928E-05 9.9928E-05 9.9928E-05
0.96148 9.9955E-05 9.9955E-05 0.0286266 0.00107764 9.9955E-05 9.9955E-05 0.00678523 9.9955E-05 0.00153123
9.99201E-05 0.999101 9.99201E-05 9.99201E-05 9.99201E-05 9.99201E-05 9.99201E-05 9.99201E-05 9.99201E-05 9.99201E-05
0.0617222 0.487295 0.0149656 0.0586864 0.0385928 0.129245 0.0533548 0.0257252 0.0344226 0.0959902
0.0608064 0.0369585 0.038815 0.12285 0.0442828 0.162653 0.0640061 0.0401253 0.311057 0.118446
9.99201E-05 9.99201E-05 9.99201E-05 9.99201E-05 0.999101 9.99201E-05 9.99201E-05 9.99201E-05 9.99201E-05 9.99201E-05
9.99201E-05 9.99201E-05 9.99201E-05 9.99201E-05 9.99201E-05 9.99201E-05 9.99201E-05 9.99201E-05 0.999101 9.99201E-05
0.0293783 0.0103893 0.0214644 0.0137123 0.851427 0.00978865 0.0167724 0.0244373 0.0193218 0.00330849
9.99201E-05 9.99201E-05 9.99201E-05 9.99201E-05 9.99201E-05 9.99201E-05 9.99201E-05 0.999101 9.99201E-05 9.99201E-05
0.0598275 0.0503272 0.124448 0.108995 0.0391102 0.338352 0.0579106 0.0390146 0.0666063 0.115408
0.087036 0.0592426 0.0894855 0.181117 0.0634102 0.178929 0.0482876 0.0587382 0.0804863 0.153267
0.0402265 0.0607749 0.0981186 0.137505 0.0497232 0.322595 0.0646744 0.0543469 0.0566618 0.115374
0.00141374 0.0473925 0.0374528 0.0545951 0.02086 0.726236 0.0099341 0.0226665 0.0353053 0.0441444
0.00886059 0.00825413 0.00253548 9.9982E-05 0.00873103 0.907011 0.0238781 0.0182427 0.022287 9.9982E-05
9.99201E-05 9.99201E-05 9.99201E-05 0.999101 9.99201E-05 9.99201E-05 9.99201E-05 9.99201E-05 9.99201E-05 9.99201E-05
0.0327294 0.024642 0.0253662 0.795081 0.0284521 0.00241178 0.0220255 0.0181219 0.0262062 0.0249641
0.0436821 0.0646025 0.0383571 0.238247 0.0790175 0.270078 0.0392513 0.044354 0.0410052 0.141405
0.0250953 0.0258513 0.789798 0.0364815 0.012378 0.0120341 0.0342975 0.0275723 0.0113885 0.0251035
9.99201E-05 9.99201E-05 9.99201E-05 9.99201E-05 9.99201E-05 9.99201E-05 9.99201E-05 9.99201E-05 9.99201E-05 0.999101
9.99201E-05 9.99201E-05 0.999101 9.99201E-05 9.99201E-05 9.99201E-05 9.99201E-05 9.99201E-05 9.99201E-05 9.99201E-05
9.99201E-05 9.99201E-05 9.99201E-05 9.99201E-05 9.99201E-05 9.99201E-05 0.999101 9.99201E-05 9.99201E-05 9.99201E-05
