9.99201E-05 9.99201E-05 9.99201E-05 0.999101 9.99201E-05 9.99201E-05 9.99201E-05 9.99201E-05 9.99201E-05 9.99201E-05
0.94659 0.0163467 9.9964E-05 0.00813242 0.00694237 9.9964E-05 9.9964E-05 0.00150838 0.0200807 9.9964E-05
0.945785 0.0192394 9.9946E-05 9.9946E-05 0.025452 9.9946E-05 9.9946E-05 9.9946E-05 0.00892377 9.9946E-05
9.99201E-05 9.99201E-05 0.999101 9.99201E-05 9.99201E-05 9.99201E-05 9.99201E-05 9.99201E-05 9.99201E-05 9.99201E-05
9.99201E-05 9.99201E-05 0.999101 9.99201E-05 9.99201E-05 9.99201E-05 9.99201E-05 9.99201E-05 9.99201E-05 9.99201E-05
0.0602483 0.0823023 0.0458568 0.0672949 0.215539 0.0590731 0.0316021 0.309316 0.0450193 0.0837487
9.99201E-05 9.99201E-05 9.99201E-05 9.99201E-05 9.99201E-05 0.999101 9.99201E-05 9.99201E-05 9.99201E-05 9.99201E-05
9.99201E-05 9.99201E-05 9.99201E-05 9.99201E-05 9.99201E-05 9.99201E-05 9.99201E-05 0.999101 9.99201E-05 9.99201E-05
0.033339 0.0810829 0.0336959 0.0556631 0.610507 0.0421296 0.0716092 0.0266397 0.0154305 0.0299031
0.00731997 9.9955E-05 0.00203555 9.9955E-05 9.9955E-05 0.00150446 9.9955E-05 9.9955E-05 0.982414 0.00622632
0.0609371 0.126477 0.0554722 0.0760701 0.418911 0.0345668 0.0808159 0.0411963 0.054654 0.0509002
0.0945045 0.14467 0.0363106 0.0531074 0.368653 0.0663318 0.0772648 0.0443726 0.0567854 0.0579996
9.99369E-05 9.99369E-05 9.99369E-05 0.000951018 0.985158 0.0131914 9.99369E-05 9.99369E-05 9.99369E-05 9.99369E-05
9.99201E-05 9.99201E-05 9.99201E-05 9.99201E-05 0.999101 9.99201E-05 9.99201E-05 9.99201E-05 9.99201E-05 9.99201E-05
0.0150386 0.062364 0.00946805 0.00655667 0.293408 0.537519 0.0011102 9.9991E-05 0.0374628 0.0369734
0.0249048 9.9964E-05 0.00221511 9.9964E-05 0.894726 9.9964E-05 0.00724002 0.0301254 0.0403893 9.9964E-05
0.0494688 0.0235733 0.021462 9.9982E-05 0.802562 9.9982E-05 0.00226792 0.00467641 0.044572 0.0512176
0.051856 0.165301 0.052859 0.059566 0.417109 0.0846577 0.0401141 0.0251789 0.0446717 0.0586863
0.0382426 0.0342262 0.0190757 0.0225879 0.0630643 0.00168137 0.78377 0.00959056 0.0234939 0.00426735
0.0361519 0.706721 0.0266675 0.0360564 0.0696003 0.0312109 0.0371716 0.00536186 0.0181566 0.0329023
0.000854489 9.9955E-05 0.00651576 0.00479833 9.9955E-05 9.9955E-05 0.983597 0.00373457 9.9955E-05 9.9955E-05
9.9973E-05 0.928679 0.00989412 0.015501 0.0145854 0.00325701 0.022006 9.9973E-05 0.00577726 9.9973E-05
0.00520292 0.0252569 0.0144977 0.924634 0.0144407 0.0124797 9.9982E-05 9.9982E-05 0.000735898 0.00255211
0.999101 9.99201E-05 9.99201E-05 9.99201E-05 9.99201E-05 9.99201E-05 9.99201E-05 9.99201E-05 9.99201E-05 9.99201E-05
0.92212 0.0171281 9.9964E-05 0.015476 0.0110491 0.0127399 9.9964E-05 9.9964E-05 0.0210875 9.9964E-05
9.99201E-05 9.99201E-05 0.999101 9.99201E-05 9.99201E-05 9.99201E-05 9.99201E-05 9.99201E-05 9.99201E-05 9.99201E-05
9.99201E-05 9.99201E-05 9.99201E-05 9.99201E-05 9.99201E-05 0.999101 9.99201E-05 9.99201E-05 9.99201E-05 9.99201E-05
9.99201E-05 9.99201E-05 9.99201E-05 9.99201E-05 9.99201E-05 9.99201E-05 9.99201E-05 0.999101 9.99201E-05 9.99201E-05
0.00430752 0.00594974 0.00978307 0.0103791 0.0241192 0.929223 0.00635923 0.00278483 0.00136589 0.00572826
0.0145415 9.9964E-05 0.00418146 9.9964E-05 0.00538207 0.00281037 9.9964E-05 0.971634 0.0010504 9.9964E-05
0.00268245 0.0899341 0.0344241 0.0452451 0.660717 0.0219621 0.0881619 0.0211777 9.9991E-05 0.0355953
9.99201E-05 9.99201E-05 9.99201E-05 9.99201E-05 9.99201E-05 9.99201E-05 9.99201E-05 9.99201E-05 0.999101 9.99201E-05
0.0796695 0.114023 0.0590542 0.106808 0.310065 0.0851982 0.099295 0.0420394 0.053444 0.0504033
9.99279E-05 9.99279E-05 9.99279E-05 9.99279E-05 0.987504 0.011697 9.99279E-05 9.99279E-05 9.99279E-05 9.99279E-05
9.99201E-05 9.99201E-05 9.99201E-05 9.99201E-05 0.999101 9.99201E-05 9.99201E-05 9.99201E-05 9.99201E-05 9.99201E-05
0.0409252 0.150028 0.0254487 0.0530941 0.548115 0.0510674 0.0466785 0.0170186 0.0429198 0.0247046
0.0251071 0.00497872 0.012233 9.9973E-05 0.890714 9.9973E-05 0.00559833 0.0261652 0.0349038 9.9973E-05
0.0353469 0.113398 0.0384536 0.029643 0.545032 0.0374305 0.05986 0.0409207 0.0396208 0.0602944
0.00196679 0.953917 9.9973E-05 0.00227368 9.9973E-05 0.00394106 0.0135931 9.9973E-05 0.00617115 0.0178372
9.99201E-05 9.99201E-05 9.99201E-05 9.99201E-05 9.99201E-05 9.99201E-05 0.999101 9.99201E-05 9.99201E-05 9.99201E-05
0.0256605 0.682457 0.0199113 0.0314358 0.125895 0.0187276 0.0168089 0.0186121 0.0239274 0.0365641
9.99201E-05 9.99201E-05 9.99201E-05 0.999101 9.99201E-05 9.99201E-05 9.99201E-05 9.99201E-05 9.99201E-05 9.99201E-05
0.000276587 0.0162641 0.00623858 0.946352 0.0185265 0.0105246 0.00151774 9.9973E-05 9.9973E-05 9.9973E-05
0.999101 9.99201E-05 9.99201E-05 9.99201E-05 9.99201E-05 9.99201E-05 9.99201E-05 9.99201E-05 9.99201E-05 9.99201E-05
0.874476 0.0289815 0.00402109 0.01087 0.033076 9.9991E-05 0.00143834 0.0128553 0.0167348 0.0174469
9.99201E-05 9.99201E-05 0.999101 9.99201E-05 9.99201E-05 9.99201E-05 9.99201E-05 9.99201E-05 9.99201E-05 9.99201E-05
9.9928E-05 9.9928E-05 9.9928E-05 9.9928E-05 9.9928E-05 0.998018 0.0011827 9.9928E-05 9.9928E-05 9.9928E-05
0.000507813 0.00217367 9.9964E-05 9.9964E-05 9.9964E-05 0.00527862 0.0048205 9.9964E-05 0.00936915 0.97745
9.99201E-05 9.99201E-05 9.99201E-05 9.99201E-05 9.99201E-05 0.999101 9.99201E-05 9.99201E-05 9.99201E-05 9.99201E-05
9.9937E-05 0.00284548 9.9937E-05 0.00361101 9.9937E-05 9.9937E-05 9.9937E-05 9.9937E-05 9.9937E-05 0.992844
0.0270174 0.0850922 0.0304072 0.0535139 0.604099 0.0394671 0.0827261 0.0263126 0.0184468 0.0329175
0.00311206 9.9955E-05 0.000377117 0.0106367 9.9955E-05 9.9955E-05 9.9955E-05 0.0032072 0.982167 9.9955E-05
0.0374417 0.146767 0.0455686 0.0590523 0.467779 0.039334 0.104868 0.0244819 0.0342539 0.0404535
9.99459E-05 9.99459E-05 0.00349803 0.0114816 0.966447 0.017974 9.99459E-05 9.99459E-05 9.99459E-05 9.99459E-05
9.99279E-05 9.99279E-05 9.99279E-05 0.00756888 0.991632 9.99279E-05 9.99279E-05 9.99279E-05 9.99279E-05 9.99279E-05
0.0672793 0.120926 0.0541017 0.0551915 0.445671 0.0625004 0.040835 0.0333947 0.0540071 0.0660926
0.0204747 9.9964E-05 0.007419 9.9964E-05 0.889842 9.9964E-05 0.0124921 0.0300577 0.0393144 9.9964E-05
0.0726523 0.0842202 0.0446894 0.0382621 0.232264 0.0462063 0.393752 0.038801 0.0410915 0.00806095
0.0281018 0.841034 0.0204117 0.00526263 0.00657738 0.0287035 0.0285933 0.00038889 0.0168671 0.02406
9.99201E-05 9.99201E-05 9.99201E-05 9.99201E-05 9.99201E-05 9.99201E-05 0.999101 9.99201E-05 9.99201E-05 9.99201E-05
9.99201E-05 0.999101 9.99201E-05 9.99201E-05 9.99201E-05 9.99201E-05 9.99201E-05 9.99201E-05 9.99201E-05 9.99201E-05
0.00698059 9.9946E-05 9.9946E-05 0.98868 9.9946E-05 9.9946E-05 0.00278258 0.000957577 9.9946E-05 9.9946E-05
9.9955E-05 0.0205673 0.0107193 0.957795 0.00145138 0.00896715 9.9955E-05 9.9955E-05 9.9955E-05 9.9955E-05
0.999101 9.99201E-05 9.99201E-05 9.99201E-05 9.99201E-05 9.99201E-05 9.99201E-05 9.99201E-05 9.99201E-05 9.99201E-05
0.562497 0.0806096 0.0299298 0.0294404 0.119702 0.0292662 0.0419914 0.0390422 0.0316388 0.0358823
0.00586181 0.00682669 0.958411 0.0058672 0.00974153 9.9982E-05 9.9982E-05 0.00301732 0.00877807 0.00129616
0.00564633 9.9955E-05 9.9955E-05 0.00851733 9.9955E-05 0.974034 0.0012653 0.0100372 9.9955E-05 9.9955E-05
0.0242453 0.0206205 9.9973E-05 0.0110468 9.9973E-05 0.00264283 0.00785773 0.930645 0.0026422 9.9973E-05
0.0157645 0.0241106 0.0112654 0.0238755 0.0192076 0.85464 0.012033 0.0145944 0.0185208 0.00598798
9.99201E-05 9.99201E-05 9.99201E-05 9.99201E-05 9.99201E-05 9.99201E-05 9.99201E-05 9.99201E-05 9.99201E-05 0.999101
0.0201847 0.0917967 0.0448815 0.0597862 0.564056 0.038101 0.0816018 0.0340115 0.0278628 0.0377181
9.99201E-05 9.99201E-05 9.99201E-05 9.99201E-05 9.99201E-05 9.99201E-05 9.99201E-05 9.99201E-05 0.999101 9.99201E-05
0.0461222 0.0834552 0.0448623 0.0535142 0.514793 0.0430592 0.098509 0.0336656 0.0559644 0.0260546
0.0183476 0.0832754 0.021142 0.0320889 0.748593 0.0401557 0.0213869 0.0344523 0.000458424 9.9991E-05
9.99201E-05 9.99201E-05 9.99201E-05 9.99201E-05 0.999101 9.99201E-05 9.99201E-05 9.99201E-05 9.99201E-05 9.99201E-05
0.0514213 0.0256491 0.0135543 9.9982E-05 0.788362 9.9982E-05 0.0176021 0.0124258 0.0399213 0.0508644
0.0735913 0.13652 0.0650915 0.0643424 0.439908 0.061191 0.0373029 0.00552175 0.064982 0.0515498
0.07 0.074226 0.0480934 0.066268 0.249597 0.0396032 0.34583 0.0469102 0.0451256 0.0143467
0.0182738 0.909301 0.00565772 0.010425 0.00334174 0.0174018 0.0128307 0.0097877 9.99968E-05 0.0128809
9.99201E-05 9.99201E-05 9.99201E-05 9.99201E-05 9.99201E-05 9.99201E-05 0.999101 9.99201E-05 9.99201E-05 9.99201E-05
0.0353636 0.751127 0.0129866 0.0103714 0.135175 0.00506345 0.0139019 0.022134 0.00493089 0.00894651
9.99201E-05 9.99201E-05 9.99201E-05 0.999101 9.99201E-05 9.99201E-05 9.99201E-05 9.99201E-05 9.99201E-05 9.99201E-05
9.99201E-05 9.99201E-05 9.99201E-05 0.999101 9.99201E-05 9.99201E-05 9.99201E-05 9.99201E-05 9.99201E-05 9.99201E-05
0.999101 9.99201E-05 9.99201E-05 9.99201E-05 9.99201E-05 9.99201E-05 9.99201E-05 9.99201E-05 9.99201E-05 9.99201E-05
0.556135 0.0813911 0.0228694 0.0316454 0.136371 0.0320257 0.0447423 0.0316311 0.0382436 0.0249456
0.0161535 0.024575 0.83959 0.0058371 0.0382954 0.0215871 0.0185919 0.0022929 0.0217488 0.0113282
9.99201E-05 9.99201E-05 9.99201E-05 9.99201E-05 9.99201E-05 0.999101 9.99201E-05 9.99201E-05 9.99201E-05 9.99201E-05
9.99201E-05 9.99201E-05 9.99201E-05 9.99201E-05 9.99201E-05 9.99201E-05 9.99201E-05 0.999101 9.99201E-05 9.99201E-05
0.032883 0.0381204 0.0140279 0.045179 0.0457354 0.735831 0.0250064 0.0141353 0.0223149 0.0267672
9.99201E-05 9.99201E-05 9.99201E-05 9.99201E-05 9.99201E-05 9.99201E-05 9.99201E-05 9.99201E-05 9.99201E-05 0.999101
0.0160737 0.0916844 0.0363548 0.0448659 0.610817 0.0332761 0.0902629 0.0362479 0.0162267 0.0241905
9.99201E-05 9.99201E-05 9.99201E-05 9.99201E-05 9.99201E-05 9.99201E-05 9.99201E-05 9.99201E-05 0.999101 9.99201E-05
0.0763662 0.123395 0.0552794 0.0431585 0.424575 0.0527567 0.0724898 0.0147653 0.0614923 0.0757211
0.0272813 0.0953698 0.0457311 0.0491455 0.573973 0.026929 0.0857846 0.0252023 0.0495425 0.0210412
0.0279467 0.0972329 0.0231551 0.0239287 0.771722 0.0167051 0.0108756 9.9991E-05 0.0135903 0.0147433
9.9973E-05 9.9973E-05 0.0154665 0.0278463 0.885963 0.0266595 0.0190722 0.00462963 0.0200633 9.9973E-05
0.0666957 0.053164 0.0436179 0.0332697 0.576659 0.0326711 0.0432523 0.0306192 0.0469816 0.0730699
0.0647574 0.128426 0.0704121 0.0528936 0.440665 0.0690557 0.039098 0.00865764 0.0629237 0.0631112
0.0253539 0.0405206 0.0124328 0.0215176 0.042159 0.00365909 0.824266 0.0117946 0.0181963 9.9991E-05
0.00163562 0.952137 9.9955E-05 9.9955E-05 9.9955E-05 0.00977537 9.9955E-05 9.9955E-05 0.013024 0.0229282
0.0161472 0.00277293 0.00491282 0.00925426 0.0111567 0.00154484 0.937188 9.9991E-05 0.00307577 0.0138472
9.9928E-05 0.995465 9.9928E-05 9.9928E-05 9.9928E-05 9.9928E-05 0.0037351 9.9928E-05 9.9928E-05 9.9928E-05
0.00936371 0.00138381 0.00052037 0.958038 9.9991E-05 0.00235131 0.0143426 0.00645562 0.00116565 0.00627891
9.99201E-05 9.99201E-05 9.99201E-05 0.999101 9.99201E-05 9.99201E-05 9.99201E-05 9.99201E-05 9.99201E-05 9.99201E-05
0.999101 9.99201E-05 9.99201E-05 9.99201E-05 9.99201E-05 9.99201E-05 9.99201E-05 9.99201E-05 9.99201E-05 9.99201E-05
0.916463 0.015208 0.00210914 0.0106903 0.0340234 0.00152492 9.9991E-05 0.00274082 0.0120537 0.00508683
9.9937E-05 9.9937E-05 0.996819 0.00144553 9.9937E-05 9.9937E-05 0.00103567 9.9937E-05 9.9937E-05 9.9937E-05
9.99201E-05 9.99201E-05 9.99201E-05 9.99201E-05 9.99201E-05 0.999101 9.99201E-05 9.99201E-05 9.99201E-05 9.99201E-05
9.99201E-05 9.99201E-05 9.99201E-05 9.99201E-05 9.99201E-05 9.99201E-05 9.99201E-05 0.999101 9.99201E-05 9.99201E-05
9.99201E-05 9.99201E-05 9.99201E-05 9.99201E-05 9.99201E-05 0.999101 9.99201E-05 9.99201E-05 9.99201E-05 9.99201E-05
9.99201E-05 9.99201E-05 9.99201E-05 9.99201E-05 9.99201E-05 9.99201E-05 9.99201E-05 9.99201E-05 9.99201E-05 0.999101
0.0443607 0.138614 0.0389582 0.0488565 0.523085 0.0829636 0.035014 0.000782223 0.0501041 0.0372621
9.9946E-05 9.9946E-05 9.9946E-05 9.9946E-05 9.9946E-05 0.0132123 9.9946E-05 0.00451016 0.981118 0.00056012
0.0790959 0.109974 0.0532488 0.039943 0.419037 0.059827 0.0865722 0.00973805 0.0640919 0.0784718
0.0473722 0.129663 0.0495463 0.0428722 0.458487 0.0556218 0.0963749 0.0273616 0.0313469 0.0613544
0.0158295 0.081208 0.0245306 0.0394058 0.782967 0.00744219 0.00640384 9.9991E-05 0.0142197 0.0278938
0.0158584 0.0289674 0.000721532 0.0174414 0.857526 0.0272777 0.0319556 0.00404479 0.00452272 0.0116848
0.0469228 0.0155495 0.0130766 9.9964E-05 0.83721 9.9964E-05 9.9964E-05 9.9964E-05 0.0352727 0.051569
0.0698867 0.137454 0.0557632 0.0582465 0.452522 0.0720324 0.0418048 0.021944 0.0571355 0.0332108
0.0299008 0.0196875 0.0241558 0.0152048 0.0533618 0.00674823 0.80932 0.0229452 0.0141154 0.00456056
9.99201E-05 0.999101 9.99201E-05 9.99201E-05 9.99201E-05 9.99201E-05 9.99201E-05 9.99201E-05 9.99201E-05 9.99201E-05
9.99201E-05 9.99201E-05 9.99201E-05 9.99201E-05 9.99201E-05 9.99201E-05 0.999101 9.99201E-05 9.99201E-05 9.99201E-05
9.9928E-05 0.989475 0.00972528 9.9928E-05 9.9928E-05 9.9928E-05 9.9928E-05 9.9928E-05 9.9928E-05 9.9928E-05
0.00669935 9.9964E-05 9.9964E-05 0.956059 9.9964E-05 9.9964E-05 0.0139118 0.00574254 0.0115557 0.00563162
9.99357E-05 9.99357E-05 0.00466039 0.99454 9.99357E-05 9.99357E-05 9.99357E-05 9.99357E-05 9.99357E-05 9.99357E-05
0.999101 9.99201E-05 9.99201E-05 9.99201E-05 9.99201E-05 9.99201E-05 9.99201E-05 9.99201E-05 9.99201E-05 9.99201E-05
0.999101 9.99201E-05 9.99201E-05 9.99201E-05 9.99201E-05 9.99201E-05 9.99201E-05 9.99201E-05 9.99201E-05 9.99201E-05
0.00898214 9.99587E-05 0.973546 9.99587E-05 9.99587E-05 0.00063919 0.00664818 9.99587E-05 9.99587E-05 0.00968516
0.00460394 0.00931222 9.9964E-05 9.9964E-05 9.9964E-05 0.978464 9.9964E-05 0.00504232 0.00117185 0.00100601
0.0415126 0.0978426 0.0548176 0.0427707 0.169058 0.0366704 0.0474375 0.181393 0.00807589 0.320422
0.00236924 0.00498287 0.00585073 0.0056598 0.0072749 0.963872 0.00397092 0.00185606 0.00406362 9.9991E-05
9.9946E-05 0.00119728 9.9946E-05 0.00685419 9.9946E-05 9.9946E-05 9.9946E-05 0.00174825 0.989601 9.9946E-05
0.0445477 0.101544 0.0228549 0.0591071 0.511164 0.0260309 0.122846 0.0534522 0.0378837 0.0205688
0.0828376 0.116087 0.0496968 0.046298 0.399141 0.0536854 0.0827686 0.0191798 0.073763 0.0765431
0.0288453 0.113685 0.0627255 0.0691782 0.440216 0.0667181 0.074078 0.0471455 0.0387903 0.0586176
0.0201377 0.0659996 0.0310483 0.0335227 0.795964 0.00980833 0.00126419 0.00361761 0.0119586 0.0266789
0.00602869 0.0493958 0.0316299 0.027219 0.755038 0.0433931 0.0283497 0.0289117 0.017815 0.0122188
0.0293247 9.9964E-05 0.0131685 9.9964E-05 0.88426 9.9964E-05 0.0151524 0.0215794 0.0361149 9.9964E-05
0.0513207 0.0116375 0.000760483 9.9982E-05 0.818793 9.9982E-05 0.0114299 0.00669783 0.0433423 0.0558187
0.0502507 0.126836 0.060204 0.0173071 0.539399 0.0804658 0.028851 0.00296017 0.0380123 0.0557134
0.0267715 0.0320463 0.0209159 0.0134917 0.0163866 0.00600473 0.847426 0.015721 0.0211361 9.9991E-05
9.99201E-05 0.999101 9.99201E-05 9.99201E-05 9.99201E-05 9.99201E-05 9.99201E-05 9.99201E-05 9.99201E-05 9.99201E-05
9.99201E-05 9.99201E-05 9.99201E-05 9.99201E-05 9.99201E-05 9.99201E-05 0.999101 9.99201E-05 9.99201E-05 9.99201E-05
9.99371E-05 0.98761 0.00880101 9.99371E-05 9.99371E-05 0.00288973 9.99371E-05 9.99371E-05 9.99371E-05 9.99371E-05
9.9937E-05 9.9937E-05 9.9937E-05 0.998169 9.9937E-05 9.9937E-05 9.9937E-05 0.000283803 0.000847566 9.9937E-05
0.962201 0.0236013 9.9964E-05 0.00269773 0.00179209 0.000203898 9.9964E-05 9.9964E-05 0.00910372 9.9964E-05
9.99201E-05 9.99201E-05 0.999101 9.99201E-05 9.99201E-05 9.99201E-05 9.99201E-05 9.99201E-05 9.99201E-05 9.99201E-05
0.0616147 0.119475 0.486352 0.0419708 0.164011 0.0445723 0.0106925 0.0261807 0.0191383 0.0259925
0.0646456 0.100878 0.0369607 0.0664072 0.253083 0.0351765 0.0410216 0.164459 0.0445951 0.192774
9.99201E-05 9.99201E-05 9.99201E-05 9.99201E-05 9.99201E-05 0.999101 9.99201E-05 9.99201E-05 9.99201E-05 9.99201E-05
9.99201E-05 9.99201E-05 9.99201E-05 9.99201E-05 9.99201E-05 9.99201E-05 9.99201E-05 0.999101 9.99201E-05 9.99201E-05
0.0258293 9.9991E-05 0.0125463 0.0126176 0.0476856 0.845641 0.0132119 0.0197236 0.0218922 0.000752867
9.99201E-05 9.99201E-05 9.99201E-05 9.99201E-05 9.99201E-05 9.99201E-05 9.99201E-05 9.99201E-05 0.999101 9.99201E-05
0.0437206 0.116937 0.0574712 0.0478927 0.479686 0.0374918 0.115727 0.0377074 0.0382264 0.0251402
0.0865152 0.146431 0.0437707 0.0411215 0.364814 0.0610043 0.0932068 0.0539277 0.059269 0.0499395
0.0489544 0.107221 0.0500281 0.0590612 0.501116 0.0427064 0.0827275 0.0549401 0.0462963 0.00694912
0.00121201 0.0311035 0.0410347 0.0202628 0.811034 0.0264664 0.0252038 0.0279944 0.0155887 9.9991E-05
9.9955E-05 9.9955E-05 9.9955E-05 0.0232264 0.929525 0.0276445 9.9955E-05 0.0118653 0.0072394 9.9955E-05
0.0365606 9.9973E-05 0.00903618 9.9973E-05 0.887084 9.9973E-05 0.00352911 0.0220365 0.0360612 0.00539262
0.0641104 0.0223277 0.0378889 0.0200405 0.681131 0.0124052 0.0387491 0.0167428 0.0387666 0.0678383
0.0375935 0.130814 0.0452596 0.0284104 0.543708 0.0782679 0.0270409 0.00856266 0.0419075 0.0584352
0.0351954 0.0364683 0.0230159 0.0118342 0.0332837 0.0127524 0.791609 0.0242298 0.0315113 9.9991E-05
9.99201E-05 0.999101 9.99201E-05 9.99201E-05 9.99201E-05 9.99201E-05 9.99201E-05 9.99201E-05 9.99201E-05 9.99201E-05
9.99201E-05 9.99201E-05 9.99201E-05 9.99201E-05 9.99201E-05 9.99201E-05 0.999101 9.99201E-05 9.99201E-05 9.99201E-05
9.99201E-05 9.99201E-05 9.99201E-05 0.999101 9.99201E-05 9.99201E-05 9.99201E-05 9.99201E-05 9.99201E-05 9.99201E-05
