9.994E-05 9.994E-05 9.994E-05 0.9993 9.994E-05 9.994E-05 9.994E-05 9.994E-05
9.9982E-05 9.9982E-05 0.00361937 0.00573719 0.020179 0.0199789 0.00195444 0.948331
9.9973E-05 9.9973E-05 0.00889344 0.00377587 0.00956799 0.0285419 9.9973E-05 0.948921
9.994E-05 9.994E-05 9.994E-05 9.994E-05 9.994E-05 9.994E-05 0.9993 9.994E-05
9.994E-05 9.994E-05 9.994E-05 9.994E-05 9.994E-05 9.994E-05 0.9993 9.994E-05
0.0221377 0.403594 0.0620788 0.0599837 0.0436804 0.299045 0.0477422 0.0617382
9.994E-05 9.994E-05 0.9993 9.994E-05 9.994E-05 9.994E-05 9.994E-05 9.994E-05
9.994E-05 0.9993 9.994E-05 9.994E-05 9.994E-05 9.994E-05 9.994E-05 9.994E-05
0.0788069 0.0518732 0.0397602 0.0550145 0.011502 0.71969 0.0261363 0.0172168
9.9955E-05 9.9955E-05 9.9955E-05 9.9955E-05 0.987951 9.9955E-05 0.00748009 0.00406942
0.0802835 0.0756267 0.0642897 0.0675538 0.0574435 0.527484 0.0708416 0.0564775
0.0945508 0.0800042 0.0696626 0.0531148 0.0646002 0.499333 0.0360728 0.102661
9.9973E-05 0.0132313 0.0171866 0.0180174 9.9973E-05 0.949815 0.00144926 9.9973E-05
9.994E-05 9.994E-05 9.994E-05 9.994E-05 9.994E-05 0.9993 9.994E-05 9.994E-05
9.999E-05 0.0152416 0.530209 0.00750752 0.0342595 0.381682 0.00486684 0.0261337
0.0231306 0.0527325 9.9982E-05 9.9982E-05 0.0487049 0.811112 0.0265368 0.0375829
0.0215567 0.0366398 9.9982E-05 9.9982E-05 0.0452914 0.804946 0.0268555 0.064511
0.0483369 0.0716537 0.0733464 0.0596015 0.0435122 0.590832 0.0551829 0.0575345
0.792066 0.0154931 9.9991E-05 0.0244352 0.0321705 0.0796373 0.014514 0.0415843
0.0432466 0.0344867 0.0264916 0.0436307 0.0207023 0.754579 0.0477718 0.0290909
0.994181 0.00462456 0.000694391 9.9955E-05 9.9955E-05 9.9955E-05 9.9955E-05 9.9955E-05
0.00443546 9.9973E-05 9.9973E-05 0.00475098 0.000356322 0.982163 0.00799479 9.9973E-05
9.9982E-05 9.9982E-05 0.00593711 0.925712 0.00521495 0.0384451 0.0146306 0.00986028
9.994E-05 9.994E-05 9.994E-05 9.994E-05 9.994E-05 9.994E-05 9.994E-05 0.9993
9.9973E-05 9.9973E-05 0.0122681 0.00986216 0.0219709 0.0382372 9.9973E-05 0.917362
9.994E-05 9.994E-05 9.994E-05 9.994E-05 9.994E-05 9.994E-05 0.9993 9.994E-05
9.994E-05 9.994E-05 0.9993 9.994E-05 9.994E-05 9.994E-05 9.994E-05 9.994E-05
9.994E-05 0.9993 9.994E-05 9.994E-05 9.994E-05 9.994E-05 9.994E-05 9.994E-05
0.000932384 0.00732864 0.922788 0.0117195 0.00168791 0.0349628 0.00446809 0.0161125
9.994E-05 0.9993 9.994E-05 9.994E-05 9.994E-05 9.994E-05 9.994E-05 9.994E-05
0.0892613 0.0536174 0.0271831 0.04213 0.00423274 0.759826 0.0122893 0.0114603
9.994E-05 9.994E-05 9.994E-05 9.994E-05 0.9993 9.994E-05 9.994E-05 9.994E-05
0.059304 0.0912778 0.103831 0.0853305 0.0679843 0.429972 0.0612658 0.101035
9.9964E-05 0.00862306 0.0240494 0.00586775 9.9964E-05 0.96106 9.9964E-05 9.9964E-05
9.9946E-05 9.9946E-05 0.00914996 9.9946E-05 9.9946E-05 0.99025 9.9946E-05 9.9946E-05
0.0546494 0.0318118 0.049699 0.0601525 0.0512044 0.669586 0.0297672 0.0531303
0.029686 0.0471156 0.00309078 0.00609375 0.0483836 0.816569 0.0141666 0.0348948
0.061048 0.0790024 0.047066 0.0333219 0.0509277 0.639793 0.0468361 0.0420047
0.0159632 0.00951337 0.00166431 0.00642913 0.0139224 0.931559 0.00514609 0.0158021
0.9993 9.994E-05 9.994E-05 9.994E-05 9.994E-05 9.994E-05 9.994E-05 9.994E-05
0.0416136 0.0318826 0.0145598 0.0347671 0.012077 0.819305 0.0185747 0.0272206
9.994E-05 9.994E-05 9.994E-05 0.9993 9.994E-05 9.994E-05 9.994E-05 9.994E-05
0.000279738 9.9982E-05 0.0112171 0.954398 0.000951684 0.0223722 0.0105814 9.9982E-05
9.994E-05 9.994E-05 9.994E-05 9.994E-05 9.994E-05 9.994E-05 9.994E-05 0.9993
0.000256921 0.0124909 0.00861807 0.0124325 0.0147382 0.0616259 0.00903707 0.8808
9.994E-05 9.994E-05 9.994E-05 9.994E-05 9.994E-05 9.994E-05 0.9993 9.994E-05
9.994E-05 9.994E-05 0.9993 9.994E-05 9.994E-05 9.994E-05 9.994E-05 9.994E-05
0.00187087 0.588594 0.0179073 0.0289217 0.0344953 0.293644 0.0135692 0.0209972
9.994E-05 9.994E-05 0.9993 9.994E-05 9.994E-05 9.994E-05 9.994E-05 9.994E-05
9.999E-05 0.602411 0.0315331 0.0241136 0.0328544 0.287792 0.00982601 0.0113698
0.078315 0.0620534 0.0436674 0.0462603 0.0157014 0.70343 0.0304615 0.0201106
9.9964E-05 0.0108677 0.00831302 9.9964E-05 0.972036 9.9964E-05 0.00838308 9.9964E-05
0.0975359 0.0689764 0.041537 0.0552002 0.0335858 0.626388 0.0459649 0.0308121
9.9982E-05 0.0191256 0.0233531 0.0239659 9.9982E-05 0.911109 0.0152288 0.00701745
0.0115307 0.0149117 0.00908096 0.0142702 9.9982E-05 0.944519 9.9982E-05 0.00548781
0.0645768 0.0594979 0.0608646 0.0570718 0.0612336 0.578282 0.0511442 0.0673292
0.0315442 0.0516168 9.9982E-05 9.9982E-05 0.0513107 0.804341 0.0225444 0.0384427
0.380959 0.0588569 0.0464969 0.0386187 0.0576322 0.322664 0.0311354 0.0636371
0.0285752 0.0218784 0.0200562 0.0108509 0.0159623 0.852073 0.021061 0.0295425
0.9993 9.994E-05 9.994E-05 9.994E-05 9.994E-05 9.994E-05 9.994E-05 9.994E-05
9.9946E-05 9.9946E-05 9.9946E-05 9.9946E-05 9.9946E-05 0.995231 9.9946E-05 0.00416915
0.00390556 0.00251782 9.9973E-05 0.979866 0.0007266 9.9973E-05 9.9973E-05 0.0126837
9.9973E-05 0.00177076 0.00845454 0.949033 9.9973E-05 0.0304582 0.00998355 9.9973E-05
9.994E-05 9.994E-05 9.994E-05 9.994E-05 9.994E-05 9.994E-05 9.994E-05 0.9993
0.0307221 0.0463199 0.0246216 0.0397709 0.0358059 0.229466 0.0269458 0.566348
0.00407481 0.00716358 9.9973E-05 0.00580133 9.9973E-05 0.02027 0.96239 9.9973E-05
9.9964E-05 0.00608241 0.982898 0.00988897 0.000730618 9.9964E-05 9.9964E-05 9.9964E-05
0.0174859 0.97712 9.9955E-05 9.9955E-05 9.9955E-05 9.9955E-05 9.9955E-05 0.00489384
0.017925 0.02819 0.85007 0.0142631 0.0130252 0.0376793 0.0176674 0.0211799
0.000553419 0.634431 0.0279212 0.021359 0.028581 0.276449 0.00435733 0.00634769
0.0871916 0.0565248 0.047339 0.0564179 0.00924411 0.676304 0.0358757 0.0311027
9.994E-05 9.994E-05 9.994E-05 9.994E-05 0.9993 9.994E-05 9.994E-05 9.994E-05
0.113693 0.0548605 0.0458357 0.0650156 0.0560908 0.593102 0.0350333 0.0363697
0.0315674 0.0375907 0.0453796 0.032251 0.0132762 0.786742 0.0241782 0.0290152
9.9946E-05 9.9946E-05 0.00209318 9.9946E-05 9.9946E-05 0.997307 9.9946E-05 9.9946E-05
0.0169052 0.0451674 9.9982E-05 9.9982E-05 0.0488893 0.796391 0.019741 0.0727059
0.0431414 0.0543253 0.0577924 0.0667685 0.05588 0.5849 0.0618946 0.0752976
0.34867 0.0533374 0.0410672 0.0567229 0.0624058 0.320425 0.049052 0.0683202
0.00880829 0.0185797 0.00484719 0.0102672 0.00488458 0.931284 0.00171128 0.0196175
0.9993 9.994E-05 9.994E-05 9.994E-05 9.994E-05 9.994E-05 9.994E-05 9.994E-05
0.0265954 0.0335165 9.9991E-05 0.0119441 0.00605384 0.884641 0.00694063 0.0302088
9.9946E-05 9.9946E-05 9.9946E-05 0.998993 9.9946E-05 9.9946E-05 9.9946E-05 0.000407198
9.994E-05 9.994E-05 9.994E-05 0.9993 9.994E-05 9.994E-05 9.994E-05 9.994E-05
9.994E-05 9.994E-05 9.994E-05 9.994E-05 9.994E-05 9.994E-05 9.994E-05 0.9993
0.0344378 0.0546973 0.0208747 0.0335619 0.0353081 0.226221 0.0239865 0.570912
0.0205287 0.0170337 0.0177699 0.0108129 0.0152653 0.0727799 0.834221 0.0115887
9.994E-05 9.994E-05 0.9993 9.994E-05 9.994E-05 9.994E-05 9.994E-05 9.994E-05
9.994E-05 0.9993 9.994E-05 9.994E-05 9.994E-05 9.994E-05 9.994E-05 9.994E-05
0.0100656 0.0286393 0.740878 0.0359294 0.0182846 0.0908118 0.0245899 0.0508012
9.9991E-05 0.631305 0.0195915 0.023703 0.0322583 0.278752 0.00560461 0.00868536
0.0971159 0.0484487 0.0463958 0.0477737 0.017181 0.694884 0.0264229 0.0217781
9.994E-05 9.994E-05 9.994E-05 9.994E-05 0.9993 9.994E-05 9.994E-05 9.994E-05
0.0737016 0.060042 0.0588441 0.0430583 0.0576409 0.575229 0.0453063 0.086178
0.105805 0.0472404 0.0282065 0.0467536 0.0506264 0.652518 0.0371329 0.0317175
0.00911225 0.00949016 0.0208792 0.038902 0.0224873 0.828373 0.0352773 0.0354788
0.0288994 0.0220944 0.0357827 0.0318908 0.018056 0.838852 0.0212888 0.00313593
0.0312392 0.0946912 0.0310583 0.0373705 0.0561947 0.642397 0.0294307 0.0776181
0.0341128 0.0483931 0.0616651 0.0613222 0.063934 0.602702 0.0652148 0.0626563
0.836956 0.0032097 0.00350614 0.00836127 0.0298169 0.0682191 0.0168211 0.0331098
0.00251443 0.0138533 0.0152 0.00518897 0.0116204 0.938635 0.00246042 0.0105278
0.932153 0.00772375 0.0114944 0.00203059 9.9982E-05 0.0357835 9.9982E-05 0.0106149
9.994E-05 9.994E-05 9.994E-05 9.994E-05 9.994E-05 0.9993 9.994E-05 9.994E-05
0.0162132 0.0105853 0.00504741 0.953733 0.00584391 0.0039743 9.9991E-05 0.00450284
9.994E-05 9.994E-05 9.994E-05 0.9993 9.994E-05 9.994E-05 9.994E-05 9.994E-05
9.994E-05 9.994E-05 9.994E-05 9.994E-05 9.994E-05 9.994E-05 9.994E-05 0.9993
0.00438066 0.000552394 0.00506784 0.0120256 0.0161066 0.0498881 0.000848905 0.91113
9.994E-05 9.994E-05 9.994E-05 9.994E-05 9.994E-05 9.994E-05 0.9993 9.994E-05
9.994E-05 9.994E-05 0.9993 9.994E-05 9.994E-05 9.994E-05 9.994E-05 9.994E-05
9.994E-05 0.9993 9.994E-05 9.994E-05 9.994E-05 9.994E-05 9.994E-05 9.994E-05
9.994E-05 9.994E-05 0.9993 9.994E-05 9.994E-05 9.994E-05 9.994E-05 9.994E-05
9.9991E-05 0.642178 0.0124895 0.0156791 0.0340674 0.288431 0.00374803 0.00330732
0.0415709 0.0272416 0.0653852 0.0616722 0.0504053 0.665747 0.0286287 0.0593487
9.9973E-05 0.0072878 0.00905039 0.00514632 0.973113 0.00510258 9.9973E-05 9.9973E-05
0.0837302 0.0557246 0.0525772 0.0401257 0.0799776 0.563283 0.0393763 0.0852057
0.0850482 0.0831952 0.0635441 0.0554138 0.0215581 0.597137 0.0435963 0.0505071
0.0153362 0.0252938 0.0124722 0.0311158 0.0107028 0.857129 0.034344 0.0136061
0.0385137 0.0142449 0.0298558 0.015971 0.00472663 0.865759 0.0143632 0.0165657
0.00786879 0.0388645 9.9982E-05 9.9982E-05 0.0471914 0.834574 0.0186926 0.052609
0.0543565 0.0541077 0.0794714 0.0546818 0.0491109 0.591035 0.042941 0.0742958
0.814119 0.0144343 0.00783823 0.0214012 0.0329689 0.0656404 0.0198464 0.0237519
9.9946E-05 9.9946E-05 9.9946E-05 9.9946E-05 9.9946E-05 0.994269 9.9946E-05 0.0051309
0.9993 9.994E-05 9.994E-05 9.994E-05 9.994E-05 9.994E-05 9.994E-05 9.994E-05
9.9946E-05 9.9946E-05 9.9946E-05 9.9946E-05 9.9946E-05 0.989749 0.00965172 9.9946E-05
0.00690434 0.01129 0.000932096 0.954898 0.0127799 9.9991E-05 0.000119368 0.0129766
9.9964E-05 9.9964E-05 0.00196924 0.993852 9.9964E-05 0.00161471 0.00216465 9.9964E-05
9.994E-05 9.994E-05 9.994E-05 9.994E-05 9.994E-05 9.994E-05 9.994E-05 0.9993
9.994E-05 9.994E-05 9.994E-05 9.994E-05 9.994E-05 9.994E-05 9.994E-05 0.9993
0.0018233 0.00392166 0.000852503 9.9973E-05 9.9973E-05 9.9973E-05 0.983857 0.00924588
0.000827807 0.0146281 0.971529 9.9982E-05 0.00120355 9.9982E-05 0.00911936 0.00249226
0.047968 0.394896 0.0414112 0.0525878 0.0259459 0.343987 0.052009 0.0411954
9.9973E-05 0.00249408 0.96361 9.9973E-05 0.00886589 0.0100952 9.9973E-05 0.0146345
0.00389109 9.9964E-05 0.00458856 9.9964E-05 0.990803 9.9964E-05 0.000317251 9.9964E-05
0.128675 0.0697108 0.0294345 0.0631425 0.0340933 0.616816 0.0236899 0.0344378
0.0817013 0.0483493 0.0644072 0.0318958 0.0670414 0.569294 0.0465014 0.0908097
0.0673109 0.0870956 0.0567262 0.0583673 0.0427402 0.594618 0.0608851 0.0322565
0.00202006 0.0307699 0.0218575 0.0336927 0.0271465 0.825442 0.0441354 0.0149355
0.0332755 0.0542926 0.0482605 0.0338402 0.0260919 0.752256 0.0391048 0.0128782
0.0429423 0.052575 9.9982E-05 9.9982E-05 0.0442257 0.802918 0.0166262 0.0405132
0.0217004 0.0469397 9.9982E-05 9.9982E-05 0.047314 0.813425 0.0178871 0.0525341
0.0386168 0.0362295 0.0802586 0.0303743 0.0396471 0.672993 0.0564649 0.045416
0.855393 9.9982E-05 9.9982E-05 0.026731 0.0276541 0.0468877 0.0176842 0.0254501
9.994E-05 9.994E-05 9.994E-05 9.994E-05 9.994E-05 0.9993 9.994E-05 9.994E-05
0.9993 9.994E-05 9.994E-05 9.994E-05 9.994E-05 9.994E-05 9.994E-05 9.994E-05
9.9946E-05 9.9946E-05 9.9946E-05 9.9946E-05 9.9946E-05 0.998133 0.00126693 9.9946E-05
0.00355418 9.9946E-05 9.9946E-05 0.995846 9.9946E-05 9.9946E-05 9.9946E-05 9.9946E-05
9.9973E-05 9.9973E-05 0.00797397 0.00407923 0.0125834 0.0170099 9.9973E-05 0.958054
9.994E-05 9.994E-05 9.994E-05 9.994E-05 9.994E-05 9.994E-05 0.9993 9.994E-05
0.0106211 0.0471038 0.0309247 0.0533449 0.0201764 0.296191 0.476463 0.0651752
0.0443853 0.297636 0.0407143 0.0721291 0.041788 0.39428 0.0424138 0.0666534
9.994E-05 9.994E-05 0.9993 9.994E-05 9.994E-05 9.994E-05 9.994E-05 9.994E-05
9.994E-05 0.9993 9.994E-05 9.994E-05 9.994E-05 9.994E-05 9.994E-05 9.994E-05
0.0135034 0.00706124 0.862591 0.0213284 0.0165257 0.0415133 0.0149298 0.0225469
9.994E-05 9.994E-05 9.994E-05 9.994E-05 0.9993 9.994E-05 9.994E-05 9.994E-05
0.117368 0.056104 0.0384571 0.0460762 0.0345603 0.601062 0.0434484 0.0629233
0.0911808 0.0822302 0.0615261 0.0527345 0.0692276 0.504207 0.0478892 0.0910049
0.08549 0.075645 0.0522108 0.0563238 0.0382523 0.608012 0.0433066 0.0407591
0.0463735 0.0386233 0.0313332 0.0222624 0.0122046 0.801157 0.0479457 9.9991E-05
0.00639977 0.0351416 0.0386154 0.0217753 0.0221051 0.875763 9.9982E-05 9.9982E-05
0.0230664 0.0604189 9.9982E-05 9.9982E-05 0.0536969 0.793849 0.0168487 0.0519197
0.0254078 0.0486821 0.0144131 0.0198185 0.0552614 0.728672 0.0318623 0.0758828
0.0390435 0.0487643 0.0760371 0.0326844 0.0473509 0.657819 0.0530111 0.0452899
0.778945 0.00463947 0.0152724 0.0342441 0.035484 0.0802964 0.0212 0.0299188
9.9946E-05 9.9946E-05 9.9946E-05 9.9946E-05 9.9946E-05 0.994943 9.9946E-05 0.00445726
0.9993 9.994E-05 9.994E-05 9.994E-05 9.994E-05 9.994E-05 9.994E-05 9.994E-05
9.994E-05 9.994E-05 9.994E-05 0.9993 9.994E-05 9.994E-05 9.994E-05 9.994E-05
