0.999201 9.993E-05 9.993E-05 9.993E-05 9.993E-05 9.993E-05 9.993E-05 9.993E-05 9.993E-05
0.00774587 0.0184998 9.9973E-05 0.944849 9.9973E-05 9.9973E-05 0.0193905 0.00678587 0.00242918
0.00768307 0.0106223 9.9973E-05 0.946371 0.0145902 9.9973E-05 0.0128577 0.00757565 9.9973E-05
9.993E-05 9.993E-05 9.993E-05 9.993E-05 9.993E-05 9.993E-05 9.993E-05 9.993E-05 0.999201
9.993E-05 9.993E-05 9.993E-05 9.993E-05 9.993E-05 9.993E-05 9.993E-05 9.993E-05 0.999201
0.0630619 0.0368102 0.394356 0.0616235 0.100387 0.026928 0.226333 0.0544225 0.0360777
9.993E-05 9.993E-05 9.993E-05 9.993E-05 9.993E-05 9.993E-05 9.993E-05 0.999201 9.993E-05
9.993E-05 9.993E-05 0.999201 9.993E-05 9.993E-05 9.993E-05 9.993E-05 9.993E-05 9.993E-05
0.0495681 0.0204201 0.0342592 0.0308849 0.100524 0.102005 0.597667 0.0376548 0.0270177
9.9946E-05 0.978699 9.9946E-05 0.016813 9.9946E-05 9.9946E-05 9.9946E-05 9.9946E-05 0.00388859
0.0590104 0.0390175 0.0697987 0.0589512 0.129542 0.0838665 0.421004 0.0537412 0.0850688
0.0532394 0.0618191 0.0730199 0.0971604 0.138892 0.0892605 0.376226 0.0759457 0.0344374
0.00540691 9.99459E-05 9.99459E-05 9.99459E-05 9.99459E-05 9.99459E-05 0.987541 0.00645235 9.99459E-05
9.993E-05 9.993E-05 9.993E-05 9.993E-05 9.993E-05 9.993E-05 0.999201 9.993E-05 9.993E-05
0.0154255 0.0349939 0.00889994 0.0154847 0.0510627 0.00491274 0.327354 0.535428 0.00643791
9.9982E-05 0.0357471 0.0199891 0.0266792 0.00341104 0.00635203 0.896376 9.9982E-05 0.0112454
9.999E-05 0.0352058 0.0252788 0.0518108 0.0109009 0.00265838 0.847296 0.00373353 0.0230162
0.0559184 0.0292817 0.0602802 0.0631476 0.163503 0.0555582 0.456164 0.0641464 0.0520005
0.0276501 0.0254067 0.0172769 0.0296129 0.0171045 0.783476 0.0761448 0.00720353 0.016125
0.0408719 0.0164666 0.0324894 0.033592 0.707454 0.0412502 0.0668703 0.0213701 0.0396354
0.000705029 9.9955E-05 0.0140108 0.0106067 9.9955E-05 0.974178 9.9955E-05 9.9955E-05 9.9955E-05
0.00254767 0.000865734 0.00401129 9.9982E-05 0.938941 0.018227 0.0266107 9.9982E-05 0.00859657
0.917742 0.00591804 0.00323079 0.00712105 0.0159831 0.00306957 0.0207313 0.0160767 0.0101277
9.993E-05 9.993E-05 9.993E-05 0.999201 9.993E-05 9.993E-05 9.993E-05 9.993E-05 9.993E-05
0.0112355 0.0204861 9.9973E-05 0.911082 0.0172414 9.9973E-05 0.0198062 0.0198493 9.9973E-05
9.993E-05 9.993E-05 9.993E-05 9.993E-05 9.993E-05 9.993E-05 9.993E-05 9.993E-05 0.999201
9.993E-05 9.993E-05 9.993E-05 9.993E-05 9.993E-05 9.993E-05 9.993E-05 0.999201 9.993E-05
9.993E-05 9.993E-05 0.999201 9.993E-05 9.993E-05 9.993E-05 9.993E-05 9.993E-05 9.993E-05
0.0123721 0.010941 0.00331177 0.0137001 0.0162112 0.00148417 0.0172382 0.918152 0.00658962
9.993E-05 9.993E-05 0.999201 9.993E-05 9.993E-05 9.993E-05 9.993E-05 9.993E-05 9.993E-05
0.0386718 9.9991E-05 0.0418939 0.0151213 0.100309 0.0884425 0.665351 0.0218498 0.028261
9.993E-05 0.999201 9.993E-05 9.993E-05 9.993E-05 9.993E-05 9.993E-05 9.993E-05 9.993E-05
0.0911043 0.0629715 0.0833827 0.0736794 0.122807 0.0973638 0.316535 0.0840777 0.0680782
9.99369E-05 9.99369E-05 9.99369E-05 9.99369E-05 9.99369E-05 9.99369E-05 0.991699 0.00760143 9.99369E-05
9.993E-05 9.993E-05 9.993E-05 9.993E-05 9.993E-05 9.993E-05 0.999201 9.993E-05 9.993E-05
0.0462615 0.0576041 0.018419 0.0510336 0.134964 0.0575343 0.570111 0.037362 0.02671
0.00522641 0.0346944 0.0117656 0.026021 9.9982E-05 0.0147118 0.898179 9.9982E-05 0.00920178
0.0245703 0.0453236 0.0660151 0.0368105 0.116526 0.0557383 0.568726 0.0402255 0.0460646
9.9973E-05 0.00547667 0.00912273 0.0051961 0.973988 9.9973E-05 9.9973E-05 0.00296368 0.00295295
9.993E-05 9.993E-05 9.993E-05 9.993E-05 9.993E-05 0.999201 9.993E-05 9.993E-05 9.993E-05
0.0355533 0.0117802 0.0336698 0.0273147 0.690162 0.0384438 0.112433 0.0224551 0.0281873
0.999201 9.993E-05 9.993E-05 9.993E-05 9.993E-05 9.993E-05 9.993E-05 9.993E-05 9.993E-05
0.94941 9.9973E-05 9.9973E-05 9.9973E-05 0.0119322 0.002997 0.0185811 0.00233697 0.0144433
9.993E-05 9.993E-05 9.993E-05 0.999201 9.993E-05 9.993E-05 9.993E-05 9.993E-05 9.993E-05
0.0127167 0.0156084 0.0175606 0.873859 0.0142413 0.00599161 0.0334767 0.0120526 0.014493
9.993E-05 9.993E-05 9.993E-05 9.993E-05 9.993E-05 9.993E-05 9.993E-05 9.993E-05 0.999201
9.993E-05 9.993E-05 9.993E-05 9.993E-05 9.993E-05 9.993E-05 9.993E-05 0.999201 9.993E-05
0.0294967 0.0228587 0.546243 0.0182271 0.00427421 9.9991E-05 0.352518 0.0135079 0.012775
9.993E-05 9.993E-05 9.993E-05 9.993E-05 9.993E-05 9.993E-05 9.993E-05 0.999201 9.993E-05
0.0321271 0.0180121 0.562235 0.0218237 9.9982E-05 9.9982E-05 0.334339 0.0198045 0.0114586
0.0502154 0.0148567 0.0422163 0.0290092 0.0931532 0.0831084 0.596283 0.0430664 0.048091
9.9964E-05 0.981671 0.00402262 9.9964E-05 9.9964E-05 0.00249669 9.9964E-05 0.00258863 0.0088209
0.0468543 0.0429885 0.0459615 0.0276595 0.155552 0.10542 0.469189 0.0454241 0.0609509
0.00109883 9.9964E-05 0.00417931 9.9964E-05 9.9964E-05 9.9964E-05 0.980086 0.00618044 0.00805587
9.99369E-05 9.99369E-05 9.99369E-05 9.99369E-05 9.99369E-05 9.99369E-05 0.992782 0.0065182 9.99369E-05
0.0500495 0.0505349 0.0436365 0.0648171 0.14276 0.0459915 0.500543 0.0522378 0.04943
9.9973E-05 0.023713 0.0221825 0.0261151 9.9973E-05 0.0202132 0.895506 9.9973E-05 0.01197
0.0441196 0.0445506 0.0383338 0.0660269 0.0696228 0.397871 0.24761 0.043002 0.0488642
0.0176306 0.014329 0.0250383 0.0334387 0.848523 0.0129028 0.0195917 0.0183494 0.0101968
9.993E-05 9.993E-05 9.993E-05 9.993E-05 9.993E-05 0.999201 9.993E-05 9.993E-05 9.993E-05
9.993E-05 9.993E-05 9.993E-05 9.993E-05 0.999201 9.993E-05 9.993E-05 9.993E-05 9.993E-05
0.98838 9.9946E-05 0.00767342 9.9946E-05 9.9946E-05 0.00334731 9.9946E-05 9.9946E-05 9.9946E-05
0.951953 0.00286947 9.9973E-05 9.9973E-05 0.0196354 9.9973E-05 0.000931075 0.0130101 0.011301
9.993E-05 9.993E-05 9.993E-05 0.999201 9.993E-05 9.993E-05 9.993E-05 9.993E-05 9.993E-05
0.0269682 0.0455155 0.0561336 0.569303 0.063139 0.0395429 0.151586 0.0223285 0.0254832
0.00189817 9.9991E-05 0.00652009 0.0012921 0.00398999 0.00681666 0.0119149 0.00478365 0.962684
0.00451093 9.9955E-05 0.00889108 9.9955E-05 9.9955E-05 9.9955E-05 9.9955E-05 0.979908 0.0061901
9.9955E-05 9.9955E-05 0.983877 0.00769537 9.9955E-05 0.00768876 9.9955E-05 9.9955E-05 0.00023958
0.0210118 0.0157084 0.0166382 0.0311383 0.0280639 0.00881093 0.0294653 0.836921 0.0122419
0.032485 0.0201972 0.590502 0.010119 9.9973E-05 9.9973E-05 0.329627 0.0167701 9.9973E-05
0.0635481 0.030007 0.0527747 0.0281673 0.091534 0.100641 0.543531 0.044402 0.0453951
9.993E-05 0.999201 9.993E-05 9.993E-05 9.993E-05 9.993E-05 9.993E-05 9.993E-05 9.993E-05
0.0524823 0.0510297 0.0376615 0.0419075 0.0990719 0.10416 0.523142 0.0479006 0.0426443
0.0435214 0.00938777 0.0115326 0.01773 0.0744828 0.0330426 0.747499 0.046609 0.0161947
9.993E-05 9.993E-05 9.993E-05 9.993E-05 9.993E-05 9.993E-05 0.999201 9.993E-05 9.993E-05
9.999E-05 0.0386822 0.0205881 0.0572078 0.0122533 0.00112872 0.845488 0.00514733 0.0194045
0.0771922 0.0527761 0.0271272 0.0545712 0.132202 0.0417559 0.504378 0.0500635 0.0599344
0.0513958 0.0465826 0.0544943 0.0590457 0.0896094 0.350557 0.254271 0.0459609 0.0480837
0.00790045 0.00114016 0.0146596 0.0139435 0.939583 0.0124476 0.00198637 0.00243366 0.00590532
9.993E-05 9.993E-05 9.993E-05 9.993E-05 9.993E-05 0.999201 9.993E-05 9.993E-05 9.993E-05
0.0263741 0.00262655 0.0266125 0.0166532 0.754497 0.0207512 0.131858 9.9991E-05 0.0205272
0.999201 9.993E-05 9.993E-05 9.993E-05 9.993E-05 9.993E-05 9.993E-05 9.993E-05 9.993E-05
0.999201 9.993E-05 9.993E-05 9.993E-05 9.993E-05 9.993E-05 9.993E-05 9.993E-05 9.993E-05
9.993E-05 9.993E-05 9.993E-05 0.999201 9.993E-05 9.993E-05 9.993E-05 9.993E-05 9.993E-05
0.0320093 0.0315409 0.0469305 0.571651 0.0860724 0.0389601 0.137237 0.0280162 0.0275832
0.00548665 0.0120826 0.0174523 0.0205632 0.0344903 0.0237255 0.0270576 0.0197334 0.839408
9.993E-05 9.993E-05 9.993E-05 9.993E-05 9.993E-05 9.993E-05 9.993E-05 0.999201 9.993E-05
9.993E-05 9.993E-05 0.999201 9.993E-05 9.993E-05 9.993E-05 9.993E-05 9.993E-05 9.993E-05
0.0226176 0.0215958 0.0355562 0.035562 0.0379149 0.024538 0.0621864 0.738275 0.0217543
0.0165707 0.0218166 0.595028 0.0162441 0.00279116 9.9982E-05 0.332879 0.0144697 9.9982E-05
0.0587804 0.0149111 0.0418558 0.0168924 0.0960124 0.104779 0.604893 0.0348255 0.0270503
9.993E-05 0.999201 9.993E-05 9.993E-05 9.993E-05 9.993E-05 9.993E-05 9.993E-05 9.993E-05
0.0366307 0.0603266 0.0605232 0.0790259 0.136893 0.0765354 0.438654 0.0610016 0.0504099
0.0485198 0.046883 0.0367883 0.0179732 0.102631 0.0947362 0.574172 0.028549 0.0497473
0.0361619 0.00877085 0.00331795 0.0238271 0.0952487 0.0189908 0.772081 0.0153865 0.0262156
0.0311388 0.0138216 9.9991E-05 0.00471345 0.0245743 0.0168846 0.86803 0.0275922 0.0131449
0.0276386 0.0449958 0.0947032 0.0681135 0.0446064 0.0279873 0.628723 0.0268712 0.0363608
0.0695502 0.0567988 0.0296921 0.0539483 0.142371 0.0489743 0.483201 0.0451898 0.0702736
0.0168072 0.0242499 0.00197454 0.0178129 0.0343429 0.821497 0.0544891 0.00647863 0.0223475
0.000891458 0.0100571 0.00844362 0.00205311 0.967363 9.9982E-05 9.9982E-05 0.00986505 0.00112664
0.0111477 0.00103939 0.0156888 0.00405196 0.0160814 0.929593 9.9991E-05 0.0176091 0.00468816
9.993E-05 9.993E-05 9.993E-05 9.993E-05 0.999201 9.993E-05 9.993E-05 9.993E-05 9.993E-05
0.956087 9.9955E-05 0.0179404 0.0170568 9.9955E-05 0.00841602 9.9955E-05 9.9955E-05 9.9955E-05
0.999201 9.993E-05 9.993E-05 9.993E-05 9.993E-05 9.993E-05 9.993E-05 9.993E-05 9.993E-05
9.993E-05 9.993E-05 9.993E-05 0.999201 9.993E-05 9.993E-05 9.993E-05 9.993E-05 9.993E-05
0.0115115 0.0112533 9.9982E-05 0.915881 0.0159133 0.0019057 0.0328329 0.010502 9.9982E-05
0.00273079 9.9946E-05 0.0012581 9.9946E-05 9.9946E-05 9.9946E-05 9.9946E-05 9.9946E-05 0.995411
9.993E-05 9.993E-05 9.993E-05 9.993E-05 9.993E-05 9.993E-05 9.993E-05 0.999201 9.993E-05
9.993E-05 9.993E-05 0.999201 9.993E-05 9.993E-05 9.993E-05 9.993E-05 9.993E-05 9.993E-05
9.993E-05 9.993E-05 9.993E-05 9.993E-05 9.993E-05 9.993E-05 9.993E-05 0.999201 9.993E-05
0.0175602 0.0266096 0.595807 0.013461 9.9982E-05 9.9982E-05 0.333204 0.00996659 0.0031916
0.0539765 0.0520351 0.00923518 0.0378087 0.135173 0.0463791 0.549612 0.0820689 0.0337108
9.9955E-05 0.978808 9.9955E-05 9.9955E-05 0.00132218 9.9955E-05 0.0050029 0.014367 9.9955E-05
0.0324747 0.0667727 0.0640724 0.0897691 0.131244 0.0823221 0.427987 0.0545438 0.0508146
0.0558277 0.0326989 0.0699041 0.044376 0.143514 0.100817 0.454816 0.0509499 0.0470969
0.0326128 0.015265 0.00412881 0.0207405 0.0787138 0.00348012 0.804136 0.00789337 0.0330299
0.0191002 0.00118981 0.000478161 0.0107469 0.0461457 0.0372942 0.868263 0.0163726 0.000409538
9.9973E-05 0.0348072 0.0201969 0.0367804 0.00347444 9.9973E-05 0.889813 9.9973E-05 0.0146279
0.0662512 0.0570873 0.0418989 0.0579196 0.12872 0.0453026 0.477816 0.0721915 0.0528126
0.0197525 0.0117164 0.018601 0.0283676 0.0096033 0.81447 0.0721155 0.00665922 0.0187144
9.993E-05 9.993E-05 9.993E-05 9.993E-05 0.999201 9.993E-05 9.993E-05 9.993E-05 9.993E-05
9.993E-05 9.993E-05 9.993E-05 9.993E-05 9.993E-05 0.999201 9.993E-05 9.993E-05 9.993E-05
9.9937E-05 9.9937E-05 9.9937E-05 9.9937E-05 0.993089 9.9937E-05 9.9937E-05 9.9937E-05 0.00621141
0.962032 0.00910868 0.012763 9.9955E-05 9.9955E-05 0.0155967 9.9955E-05 9.9955E-05 9.9955E-05
0.994223 9.9937E-05 9.9937E-05 9.9937E-05 9.9937E-05 9.9937E-05 9.9937E-05 9.9937E-05 0.00507768
9.993E-05 9.993E-05 9.993E-05 0.999201 9.993E-05 9.993E-05 9.993E-05 9.993E-05 9.993E-05
9.993E-05 9.993E-05 9.993E-05 0.999201 9.993E-05 9.993E-05 9.993E-05 9.993E-05 9.993E-05
0.00911965 9.9964E-05 0.0088482 0.0135448 9.9964E-05 0.00230331 9.9964E-05 9.9964E-05 0.965784
0.000795799 9.9973E-05 0.0061061 0.00524323 0.00996442 9.9973E-05 0.0120048 0.965586 9.9973E-05
0.0571389 0.0201582 0.381829 0.0400207 0.0968638 0.0485655 0.257255 0.0489137 0.0492554
0.00527218 0.00128924 0.00316981 0.00971861 0.00456532 9.9991E-05 0.00961454 0.963925 0.00234573
9.9946E-05 0.98897 0.00482122 0.00560942 9.9946E-05 9.9946E-05 9.9946E-05 9.9946E-05 9.9946E-05
0.0595416 0.0319264 0.0506061 0.0365032 0.116261 0.13448 0.518674 0.0328658 0.0191424
0.0407174 0.0606685 0.0531759 0.0817142 0.150445 0.077026 0.44215 0.043353 0.0507496
0.0660505 0.030281 0.0792268 0.0327347 0.121279 0.0765262 0.472003 0.0664068 0.0554924
0.0350897 0.0171103 0.00745585 0.0147023 0.0633711 0.00205007 0.810283 0.0181138 0.0318237
0.0261266 0.0223993 0.0473128 9.9991E-05 0.0513733 0.0324897 0.737755 0.0444591 0.0379844
9.9982E-05 0.0332792 0.00908073 0.0384711 0.0116378 0.0230355 0.873336 9.9982E-05 0.0109595
9.9973E-05 0.0259318 0.0269049 0.0417325 0.0138539 9.9973E-05 0.886462 9.9973E-05 0.00481467
0.0279665 0.0336159 0.0253524 0.042786 0.127646 0.0302781 0.572773 0.0822061 0.0573765
0.0199385 0.016531 0.000806624 0.0212784 0.0290785 0.854281 0.0299238 0.00110068 0.0270614
9.993E-05 9.993E-05 9.993E-05 9.993E-05 0.999201 9.993E-05 9.993E-05 9.993E-05 9.993E-05
9.993E-05 9.993E-05 9.993E-05 9.993E-05 9.993E-05 0.999201 9.993E-05 9.993E-05 9.993E-05
9.9973E-05 0.002698 0.00246325 9.9973E-05 0.976769 9.9973E-05 0.00764708 0.000276631 0.0098466
0.99555 9.9946E-05 0.00200846 9.9946E-05 9.9946E-05 0.00184179 9.9946E-05 9.9946E-05 9.9946E-05
0.00628652 0.0122208 9.9973E-05 0.959645 0.00769613 9.9973E-05 0.00741519 0.00643631 9.9973E-05
9.993E-05 9.993E-05 9.993E-05 9.993E-05 9.993E-05 9.993E-05 9.993E-05 9.993E-05 0.999201
0.049497 0.0123423 0.0325288 0.0726301 0.0859883 0.0176274 0.202729 0.041813 0.484844
0.0667658 0.0411914 0.288508 0.0627714 0.114788 0.0450388 0.305346 0.0411217 0.0344696
9.993E-05 9.993E-05 9.993E-05 9.993E-05 9.993E-05 9.993E-05 9.993E-05 0.999201 9.993E-05
9.993E-05 9.993E-05 0.999201 9.993E-05 9.993E-05 9.993E-05 9.993E-05 9.993E-05 9.993E-05
0.0084146 0.0137383 0.0112882 0.032085 0.017991 0.0167506 0.034347 0.862369 0.00301616
9.993E-05 0.999201 9.993E-05 9.993E-05 9.993E-05 9.993E-05 9.993E-05 9.993E-05 9.993E-05
0.0493176 0.0461317 0.0510923 0.0525579 0.113487 0.114741 0.486077 0.0375544 0.0490402
0.0547726 0.0648839 0.0719626 0.0913629 0.142006 0.0794308 0.398399 0.0618276 0.0353549
0.0603793 0.0397321 0.0568128 0.0509955 0.111984 0.0693397 0.510411 0.0516218 0.0487236
0.0139223 0.00373163 0.0330922 9.9991E-05 0.0543388 0.0319681 0.814094 0.0129657 0.035787
0.0198438 0.0116805 0.0102888 0.0012262 9.9973E-05 9.9973E-05 0.935268 0.021393 9.9973E-05
9.9964E-05 0.039742 0.0250982 0.0334245 9.9964E-05 9.9964E-05 0.893341 9.9964E-05 0.00799446
0.00971878 0.0441983 0.0485178 0.0518543 0.022916 0.0227634 0.754072 0.0169284 0.0290309
0.0267474 0.0345814 0.0290778 0.0390849 0.12123 0.0357352 0.585037 0.0738735 0.0546324
0.0239304 0.0315125 0.00963599 0.030231 0.0228746 0.790464 0.0542705 0.0163053 0.0207762
9.993E-05 9.993E-05 9.993E-05 9.993E-05 0.999201 9.993E-05 9.993E-05 9.993E-05 9.993E-05
9.993E-05 9.993E-05 9.993E-05 9.993E-05 9.993E-05 0.999201 9.993E-05 9.993E-05 9.993E-05
0.999201 9.993E-05 9.993E-05 9.993E-05 9.993E-05 9.993E-05 9.993E-05 9.993E-05 9.993E-05
