9.993E-05 9.993E-05 9.993E-05 9.993E-05 9.993E-05 9.993E-05 9.993E-05 9.993E-05 0.999201
0.019521 9.9973E-05 0.0153766 9.9973E-05 0.00855968 0.947455 0.00403003 9.9973E-05 0.00475804
0.00929422 9.9973E-05 0.0333784 0.00242108 9.9973E-05 0.940359 0.00733126 9.9973E-05 0.00691659
9.993E-05 9.993E-05 9.993E-05 9.993E-05 0.999201 9.993E-05 9.993E-05 9.993E-05 9.993E-05
9.993E-05 9.993E-05 9.993E-05 9.993E-05 0.999201 9.993E-05 9.993E-05 9.993E-05 9.993E-05
0.0385684 0.22985 0.100262 0.0295071 0.0286041 0.064056 0.0572629 0.379895 0.071994
9.993E-05 9.993E-05 9.993E-05 9.993E-05 9.993E-05 9.993E-05 0.999201 9.993E-05 9.993E-05
9.993E-05 9.993E-05 9.993E-05 9.993E-05 9.993E-05 9.993E-05 9.993E-05 0.999201 9.993E-05
0.0265033 0.568193 0.0950849 0.0994701 0.0308824 0.025842 0.0553986 0.0366718 0.0619536
0.974897 9.9955E-05 9.9955E-05 0.00497458 9.9955E-05 0.0104658 0.00916322 9.9955E-05 9.9955E-05
0.0554327 0.418118 0.122561 0.0942582 0.076851 0.0653175 0.0532397 0.0548901 0.0593326
0.0650426 0.377527 0.156085 0.0859061 0.0364716 0.0873385 0.0664694 0.0692814 0.0558777
9.99459E-05 0.980123 9.99459E-05 9.99459E-05 9.99459E-05 9.99459E-05 0.01014 9.99459E-05 0.00913737
9.993E-05 0.999201 9.993E-05 9.993E-05 9.993E-05 9.993E-05 9.993E-05 9.993E-05 9.993E-05
0.0409216 0.329524 0.0537757 9.9991E-05 0.0128917 0.02571 0.532919 0.00315086 0.00100689
0.0511378 0.823287 0.0145562 0.0243474 0.0207149 0.0325226 9.9982E-05 0.0332343 9.9982E-05
0.0414675 0.814183 0.0212843 0.0137514 0.0197114 0.0609088 9.9982E-05 0.0284935 9.9982E-05
0.0346239 0.434989 0.167373 0.0398073 0.065537 0.0616474 0.0819047 0.05317 0.0609478
0.024814 0.052192 0.0228634 0.803416 0.0280635 0.0303743 0.00972848 0.00502802 0.0235201
0.0281631 0.0585478 0.717303 0.0424276 0.0205165 0.0352227 0.0221357 0.0359445 0.0397385
9.9946E-05 0.000175015 9.9946E-05 0.998914 9.9946E-05 9.9946E-05 9.9946E-05 9.9946E-05 0.000311029
9.9982E-05 0.0298353 0.929771 0.00849805 0.0107829 9.9982E-05 0.00556915 0.0111364 0.00420678
9.9973E-05 0.0166516 0.0317547 0.00157272 0.0087597 9.9973E-05 0.0173482 9.9973E-05 0.923613
9.993E-05 9.993E-05 9.993E-05 9.993E-05 9.993E-05 0.999201 9.993E-05 9.993E-05 9.993E-05
0.0174677 0.0148365 0.0216798 9.9982E-05 0.00816451 0.915364 0.0126574 9.9982E-05 0.00963036
9.993E-05 9.993E-05 9.993E-05 9.993E-05 0.999201 9.993E-05 9.993E-05 9.993E-05 9.993E-05
9.993E-05 9.993E-05 9.993E-05 9.993E-05 9.993E-05 9.993E-05 0.999201 9.993E-05 9.993E-05
9.993E-05 9.993E-05 9.993E-05 9.993E-05 9.993E-05 9.993E-05 9.993E-05 0.999201 9.993E-05
0.00527798 0.00696094 0.0241294 0.00354688 0.00156821 0.00313248 0.930959 0.00877643 0.015649
9.993E-05 9.993E-05 9.993E-05 9.993E-05 9.993E-05 9.993E-05 9.993E-05 0.999201 9.993E-05
0.00468066 0.637097 0.11028 0.0891912 0.0299762 0.014936 0.0271781 0.0437095 0.0429515
0.999201 9.993E-05 9.993E-05 9.993E-05 9.993E-05 9.993E-05 9.993E-05 9.993E-05 9.993E-05
0.0546648 0.32802 0.110861 0.106707 0.0534218 0.0880687 0.0969062 0.0823928 0.0789577
9.99369E-05 0.992304 9.99369E-05 9.99369E-05 9.99369E-05 9.99369E-05 0.0069969 9.99369E-05 9.99369E-05
9.993E-05 0.999201 9.993E-05 9.993E-05 9.993E-05 9.993E-05 9.993E-05 9.993E-05 9.993E-05
0.0610468 0.522186 0.138295 0.0489094 0.0367845 0.0619817 0.0470805 0.0216788 0.0620371
0.0457785 0.821961 0.0164027 0.0374366 0.0205243 0.0194321 9.9991E-05 0.0301294 0.00823538
0.0518686 0.540391 0.108208 0.069559 0.0485399 0.0389754 0.0393771 0.0747489 0.0283319
0.012559 9.9964E-05 0.964388 0.00806114 9.9964E-05 0.0028276 9.9964E-05 0.0117648 9.9964E-05
9.993E-05 9.993E-05 9.993E-05 0.999201 9.993E-05 9.993E-05 9.993E-05 9.993E-05 9.993E-05
0.0129248 0.109823 0.68673 0.0328932 0.0387098 0.0318188 0.02021 0.0327859 0.0341049
9.993E-05 9.993E-05 9.993E-05 9.993E-05 9.993E-05 9.993E-05 9.993E-05 9.993E-05 0.999201
0.0069841 0.0154517 0.0158511 9.9973E-05 0.0154059 9.9973E-05 0.00183963 9.9973E-05 0.944168
9.993E-05 9.993E-05 9.993E-05 9.993E-05 9.993E-05 0.999201 9.993E-05 9.993E-05 9.993E-05
0.011005 0.0277537 0.0239839 0.0104944 0.0052452 0.875465 0.0125819 0.0157019 0.0177692
9.993E-05 9.993E-05 9.993E-05 9.993E-05 0.999201 9.993E-05 9.993E-05 9.993E-05 9.993E-05
9.993E-05 9.993E-05 9.993E-05 9.993E-05 9.993E-05 9.993E-05 0.999201 9.993E-05 9.993E-05
0.0282616 0.366788 0.0424652 9.9991E-05 0.0110468 0.0200029 0.0113646 0.490204 0.0297661
9.993E-05 9.993E-05 9.993E-05 9.993E-05 9.993E-05 9.993E-05 0.999201 9.993E-05 9.993E-05
0.0185361 0.370263 0.0359081 9.9991E-05 0.0172105 0.00709201 0.0104818 0.507801 0.0326075
0.026224 0.578326 0.117315 0.0804021 0.0313512 0.0216692 0.0455134 0.0439818 0.0552177
0.97808 9.9973E-05 9.9973E-05 9.9973E-05 0.00676102 0.00458692 0.000357766 0.0026595 0.00725465
0.0393809 0.439965 0.170419 0.104104 0.0510473 0.0396077 0.0461032 0.0580126 0.0513598
9.9964E-05 0.961855 0.00502665 9.9964E-05 0.0128794 9.9964E-05 0.00999566 9.9964E-05 0.0098433
9.99369E-05 0.994396 9.99369E-05 9.99369E-05 9.99369E-05 9.99369E-05 9.99369E-05 9.99369E-05 0.00490472
0.0747057 0.452444 0.145082 0.0501541 0.0548119 0.0541277 0.0685378 0.0450623 0.0550749
0.0405702 0.82239 0.0226053 0.0298759 0.0172147 0.0435091 9.9982E-05 0.023635 9.9982E-05
0.041263 0.236007 0.105838 0.393964 0.0395898 0.0666742 0.0390989 0.0354871 0.0420786
0.0150724 0.0231712 0.85213 0.0241598 0.00162899 0.0375951 0.0228112 0.00677584 0.0166554
9.993E-05 9.993E-05 9.993E-05 0.999201 9.993E-05 9.993E-05 9.993E-05 9.993E-05 9.993E-05
9.993E-05 9.993E-05 0.999201 9.993E-05 9.993E-05 9.993E-05 9.993E-05 9.993E-05 9.993E-05
9.9955E-05 9.9955E-05 9.9955E-05 0.00274589 9.9955E-05 0.00882081 9.9955E-05 0.000138127 0.987795
0.00180094 0.0111423 0.0129624 9.9973E-05 0.0116649 9.9973E-05 0.00377162 9.9973E-05 0.958358
9.993E-05 9.993E-05 9.993E-05 9.993E-05 9.993E-05 0.999201 9.993E-05 9.993E-05 9.993E-05
0.0340621 0.140182 0.0828284 0.041719 0.0298523 0.560549 0.0233291 0.0576504 0.0298273
9.999E-05 0.0115307 0.00530288 0.00885438 0.962098 0.000935639 0.00563116 0.00166282 0.00388454
9.9973E-05 9.9973E-05 0.00227047 0.00565197 9.9973E-05 0.00216198 0.9762 0.00631241 0.00710295
9.9946E-05 9.9946E-05 9.9946E-05 0.0153672 9.9946E-05 0.00172295 9.9946E-05 0.98231 9.9946E-05
0.020363 0.0101648 0.0391068 0.0127817 0.0158685 0.0141747 0.85042 0.0306127 0.00650755
0.0203196 0.367952 0.0223672 9.9991E-05 0.00648687 0.00712764 0.00451488 0.54664 0.0244913
0.0221266 0.520673 0.113006 0.0934346 0.0291844 0.0390046 0.0505333 0.0652528 0.0667846
0.999201 9.993E-05 9.993E-05 9.993E-05 9.993E-05 9.993E-05 9.993E-05 9.993E-05 9.993E-05
0.0446921 0.487927 0.119012 0.0968165 0.0549306 0.0489685 0.0444977 0.04132 0.0618349
0.010975 0.724975 0.0871218 0.0258662 0.0328993 0.0191375 0.0439661 0.0217069 0.0333521
9.993E-05 0.999201 9.993E-05 9.993E-05 9.993E-05 9.993E-05 9.993E-05 9.993E-05 9.993E-05
0.0383692 0.7916 0.037896 0.0219401 0.016454 0.0589941 9.9991E-05 0.0304254 0.00422135
0.0704624 0.457725 0.145823 0.0390883 0.0667416 0.0535273 0.0653363 0.0395958 0.0617001
0.0502897 0.229555 0.105799 0.350997 0.0411106 0.0684648 0.0488723 0.0436841 0.0612281
0.00505974 0.00070177 0.916503 0.0163493 0.00611801 0.0260552 0.00619267 0.0170622 0.00595786
9.993E-05 9.993E-05 9.993E-05 0.999201 9.993E-05 9.993E-05 9.993E-05 9.993E-05 9.993E-05
0.0127495 0.101785 0.768522 0.0238522 0.0120156 0.0305894 0.00713597 0.0256434 0.0177063
9.9937E-05 9.9937E-05 9.9937E-05 0.00118239 9.9937E-05 9.9937E-05 9.9937E-05 9.9937E-05 0.998118
9.993E-05 9.993E-05 9.993E-05 9.993E-05 9.993E-05 9.993E-05 9.993E-05 9.993E-05 0.999201
9.993E-05 9.993E-05 9.993E-05 9.993E-05 9.993E-05 0.999201 9.993E-05 9.993E-05 9.993E-05
0.0467766 0.126927 0.0857142 0.0421606 0.0182609 0.565898 0.0301206 0.049378 0.0347632
0.000478101 0.0553932 0.0341464 0.0218558 0.840965 0.000798502 0.0214254 0.0176444 0.00729334
9.993E-05 9.993E-05 9.993E-05 9.993E-05 9.993E-05 9.993E-05 0.999201 9.993E-05 9.993E-05
9.993E-05 9.993E-05 9.993E-05 9.993E-05 9.993E-05 9.993E-05 9.993E-05 0.999201 9.993E-05
0.0244517 0.0485871 0.036726 0.0205686 0.0280278 0.0425717 0.731579 0.0293048 0.0381834
0.0205041 0.356575 0.0188342 9.9991E-05 0.0074645 0.0122417 0.00895194 0.544764 0.030565
0.0175674 0.569717 0.106102 0.0878927 0.0321656 0.0232334 0.0436621 0.0607679 0.0588919
0.999201 9.993E-05 9.993E-05 9.993E-05 9.993E-05 9.993E-05 9.993E-05 9.993E-05 9.993E-05
0.0720162 0.427464 0.128713 0.0804103 0.0502969 0.0856621 0.0576523 0.0574848 0.0403005
0.0430469 0.555975 0.115869 0.0922287 0.0430651 0.0331113 0.028153 0.042353 0.0461974
0.0234574 0.7443 0.0878153 0.0170754 0.0283955 0.042343 0.0247526 9.9991E-05 0.0317612
0.0249082 0.84613 0.0214871 0.0246384 0.0206727 0.00613769 0.0234232 0.0069461 0.0256566
0.0564092 0.612581 0.0400682 0.0334349 0.0457376 0.0792242 0.0270275 0.075087 0.0304305
0.0645169 0.444569 0.15719 0.0436429 0.0653857 0.0583439 0.0735255 0.0371066 0.0557194
0.0174273 0.0287406 0.0419149 0.83208 0.0181728 0.0412454 0.00144249 9.9991E-05 0.0188764
0.0163617 9.9973E-05 0.949306 9.9973E-05 9.9973E-05 0.00272627 0.011102 0.0140926 0.00611162
9.9982E-05 0.0124051 9.9982E-05 0.931434 0.0048313 0.0143556 0.0155078 0.00544271 0.0158238
9.993E-05 9.993E-05 0.999201 9.993E-05 9.993E-05 9.993E-05 9.993E-05 9.993E-05 9.993E-05
0.003215 9.9973E-05 9.9973E-05 0.0176981 9.9973E-05 0.0134093 0.000500222 0.0131747 0.951703
9.993E-05 9.993E-05 9.993E-05 9.993E-05 9.993E-05 9.993E-05 9.993E-05 9.993E-05 0.999201
9.993E-05 9.993E-05 9.993E-05 9.993E-05 9.993E-05 0.999201 9.993E-05 9.993E-05 9.993E-05
0.0197582 0.0253681 0.0178403 0.00441449 9.9991E-05 0.910327 0.0152203 0.00208609 0.00488592
9.9937E-05 9.9937E-05 9.9937E-05 9.9937E-05 0.994381 9.9937E-05 9.9937E-05 9.9937E-05 0.00491971
9.993E-05 9.993E-05 9.993E-05 9.993E-05 9.993E-05 9.993E-05 0.999201 9.993E-05 9.993E-05
9.993E-05 9.993E-05 9.993E-05 9.993E-05 9.993E-05 9.993E-05 9.993E-05 0.999201 9.993E-05
9.993E-05 9.993E-05 9.993E-05 9.993E-05 9.993E-05 9.993E-05 0.999201 9.993E-05 9.993E-05
0.0204656 0.359021 0.0195051 9.9991E-05 0.0060235 0.0129021 0.00196154 0.557576 0.0224455
0.0598706 0.517516 0.130279 0.0389544 0.0451612 0.0567737 0.0815402 0.0180479 0.0518566
0.969266 0.0128125 9.9964E-05 9.9964E-05 9.9964E-05 9.9964E-05 0.00895068 0.0080975 0.000473313
0.0681834 0.414488 0.120665 0.0933261 0.0529533 0.0871968 0.0604794 0.0599088 0.0427991
0.0290402 0.470969 0.138243 0.0876359 0.0505657 0.0544108 0.058771 0.0543045 0.0560601
0.00527857 0.783521 0.08323 0.0131467 0.0317266 0.0267976 0.00775906 0.0145959 0.0339442
0.0104541 0.854545 0.0333182 0.038587 0.00435996 0.014597 0.0257495 9.9991E-05 0.0182888
0.0442756 0.847484 0.0256787 9.9973E-05 0.0251246 0.0399921 9.9973E-05 0.0171455 9.9973E-05
0.056662 0.445957 0.149265 0.0450477 0.0610005 0.0719533 0.0728206 0.0387073 0.0585871
0.0138067 0.0314672 0.0248699 0.815497 0.0255132 0.0433803 0.0128914 0.0107514 0.0218226
9.993E-05 9.993E-05 0.999201 9.993E-05 9.993E-05 9.993E-05 9.993E-05 9.993E-05 9.993E-05
9.993E-05 9.993E-05 9.993E-05 0.999201 9.993E-05 9.993E-05 9.993E-05 9.993E-05 9.993E-05
9.9937E-05 0.0100912 0.989209 9.9937E-05 9.9937E-05 9.9937E-05 9.9937E-05 9.9937E-05 9.9937E-05
0.00709366 0.00277522 9.9973E-05 0.0116731 9.9973E-05 0.00698611 9.9973E-05 0.0177833 0.953389
9.9937E-05 9.9937E-05 9.9937E-05 9.9937E-05 9.9937E-05 9.9937E-05 0.00270028 9.9937E-05 0.9966
9.993E-05 9.993E-05 9.993E-05 9.993E-05 9.993E-05 0.999201 9.993E-05 9.993E-05 9.993E-05
9.993E-05 9.993E-05 9.993E-05 9.993E-05 9.993E-05 0.999201 9.993E-05 9.993E-05 9.993E-05
0.00450031 0.0112914 9.9973E-05 9.9973E-05 0.971274 0.00379197 0.00474065 0.00410152 9.9973E-05
0.00291818 9.9964E-05 9.9964E-05 9.9964E-05 0.00377422 0.00303877 0.975923 0.013946 9.9964E-05
0.0218148 0.266242 0.102628 0.0569865 0.0528976 0.0498608 0.0361399 0.362975 0.0504559
0.00314418 0.0107738 0.000682469 0.00192087 0.00661632 0.00781707 0.967115 0.000607715 0.00132284
0.991447 9.9964E-05 0.0018688 9.9964E-05 0.00431911 9.9964E-05 0.00178788 9.9964E-05 0.000177646
0.0405458 0.506401 0.109803 0.124475 0.0296479 0.0394591 0.0247974 0.0550687 0.0698023
0.0807019 0.414295 0.110039 0.0882542 0.0568124 0.0863816 0.0646178 0.0598834 0.0390148
0.0419384 0.451816 0.140956 0.0742069 0.061888 0.0348495 0.0597315 0.0710756 0.0635384
0.0205129 0.78373 0.06786 0.00344329 0.0402558 0.0307519 0.0157164 0.00825083 0.0294786
0.028406 0.721321 0.0495802 0.0379972 0.0315995 0.00806525 0.0470177 0.0424617 0.033552
0.0483252 0.816761 0.0192375 0.0334176 0.0227242 0.0316787 9.9982E-05 0.0276556 9.9982E-05
0.0520329 0.828332 0.0311827 0.0171412 0.00196344 0.0438825 9.9982E-05 0.0252657 9.9982E-05
0.0366581 0.543376 0.118059 0.0389322 0.0570263 0.0525091 0.091084 0.0314562 0.030899
0.0068424 0.00884368 0.0387388 0.852608 0.0307492 0.0485381 0.00269865 9.9991E-05 0.0108813
9.993E-05 9.993E-05 0.999201 9.993E-05 9.993E-05 9.993E-05 9.993E-05 9.993E-05 9.993E-05
9.993E-05 9.993E-05 9.993E-05 0.999201 9.993E-05 9.993E-05 9.993E-05 9.993E-05 9.993E-05
9.9946E-05 9.9946E-05 0.989849 9.9946E-05 0.0087934 9.9946E-05 0.000757663 9.9946E-05 9.9946E-05
9.9937E-05 9.9937E-05 9.9937E-05 0.00327245 9.9937E-05 9.9937E-05 9.9937E-05 9.9937E-05 0.996028
0.0175097 0.00747244 0.0168887 9.9964E-05 9.9964E-05 0.955226 0.00250362 9.9964E-05 9.9964E-05
9.993E-05 9.993E-05 9.993E-05 9.993E-05 0.999201 9.993E-05 9.993E-05 9.993E-05 9.993E-05
0.0245061 0.179388 0.112981 0.00673426 0.482696 0.0654261 0.0443312 0.0242223 0.0597157
0.0450563 0.309771 0.116971 0.0509469 0.0367797 0.0623855 0.0443983 0.273324 0.0603678
9.993E-05 9.993E-05 9.993E-05 9.993E-05 9.993E-05 9.993E-05 0.999201 9.993E-05 9.993E-05
9.993E-05 9.993E-05 9.993E-05 9.993E-05 9.993E-05 9.993E-05 9.993E-05 0.999201 9.993E-05
0.0230015 0.0147079 9.9991E-05 0.0333935 0.00613594 0.0285382 0.867836 0.0114361 0.0148511
0.999201 9.993E-05 9.993E-05 9.993E-05 9.993E-05 9.993E-05 9.993E-05 9.993E-05 9.993E-05
0.0385499 0.475097 0.118556 0.116683 0.0494531 0.0565758 0.045798 0.053556 0.0457316
0.0619601 0.3749 0.153726 0.0881616 0.0371042 0.0930533 0.0723382 0.0683539 0.0504025
0.0433971 0.512806 0.11757 0.0795622 0.0427134 0.0430205 0.0447086 0.0544812 0.0617406
0.00494543 0.787654 0.0516256 0.0492457 0.0346451 0.00442176 0.0318065 0.027581 0.00807532
0.0107232 0.915808 9.9982E-05 0.00132271 0.00652819 9.9982E-05 0.023557 0.0102124 0.0316486
0.0505427 0.817073 0.0119413 0.0163417 0.0213992 0.049204 9.9982E-05 0.0332978 9.9982E-05
0.0437148 0.700024 0.0492108 0.0292532 0.0439063 0.0631516 0.00697678 0.0436314 0.0201313
0.0508392 0.537883 0.134575 0.0407677 0.0519196 0.0455379 0.0811149 0.0246887 0.0326741
0.0244231 0.0487774 0.0373364 0.797375 0.0211585 0.0227606 0.0124613 0.0081112 0.0275968
9.993E-05 9.993E-05 0.999201 9.993E-05 9.993E-05 9.993E-05 9.993E-05 9.993E-05 9.993E-05
9.993E-05 9.993E-05 9.993E-05 0.999201 9.993E-05 9.993E-05 9.993E-05 9.993E-05 9.993E-05
9.993E-05 9.993E-05 9.993E-05 9.993E-05 9.993E-05 9.993E-05 9.993E-05 9.993E-05 0.999201
