9.993E-05 9.993E-05 9.993E-05 0.999201 9.993E-05 9.993E-05 9.993E-05 9.993E-05 9.993E-05
9.9982E-05 0.00423854 0.0154009 0.00334854 0.00374383 0.0231733 0.949758 9.9982E-05 0.000136932
0.00169205 0.00317839 0.00593326 0.00495056 0.0179335 0.0187288 0.942358 0.00512569 9.9991E-05
0.999201 9.993E-05 9.993E-05 9.993E-05 9.993E-05 9.993E-05 9.993E-05 9.993E-05 9.993E-05
0.999201 9.993E-05 9.993E-05 9.993E-05 9.993E-05 9.993E-05 9.993E-05 9.993E-05 9.993E-05
0.0394458 0.052897 0.0417978 0.05997 0.22594 0.0926463 0.0560981 0.0392483 0.391956
9.993E-05 0.999201 9.993E-05 9.993E-05 9.993E-05 9.993E-05 9.993E-05 9.993E-05 9.993E-05
9.993E-05 9.993E-05 9.993E-05 9.993E-05 9.993E-05 9.993E-05 9.993E-05 9.993E-05 0.999201
0.0344464 0.0631005 0.0340826 0.0537378 0.574374 0.0623175 0.0215626 0.0856996 0.0706786
9.9955E-05 0.00545908 0.980363 9.9955E-05 9.9955E-05 9.9955E-05 0.0118324 0.00184626 9.9955E-05
0.0671366 0.0616087 0.0446746 0.0629161 0.408106 0.122732 0.0631561 0.0873933 0.082277
0.0392832 0.0703948 0.0622994 0.0496516 0.340177 0.184517 0.0838171 0.0956934 0.0741661
0.00481396 0.0199794 9.9973E-05 0.00885853 0.950331 0.000852808 9.9973E-05 9.9973E-05 0.0148646
9.993E-05 9.993E-05 9.993E-05 9.993E-05 0.999201 9.993E-05 9.993E-05 9.993E-05 9.993E-05
0.00993448 0.546617 0.0303173 0.0182535 0.211897 0.145265 0.021626 0.00230139 0.013788
9.993E-05 9.993E-05 9.993E-05 9.993E-05 9.993E-05 0.999201 9.993E-05 9.993E-05 9.993E-05
9.9973E-05 0.00188063 9.9973E-05 9.9973E-05 0.00460005 0.972187 0.0119636 0.00531318 0.00375559
0.0527584 0.0685015 0.0399544 0.0638869 0.430425 0.171014 0.0688844 0.0514602 0.0531145
0.0200873 0.0100223 0.0318428 0.0242892 0.0365216 0.027499 0.0426997 0.804668 0.00236968
0.0375096 0.0141536 0.0172708 0.0310752 0.746958 0.0345324 0.0385264 0.0421526 0.0378215
9.9955E-05 0.00372839 9.9955E-05 9.9955E-05 9.9955E-05 0.00498857 9.9955E-05 0.986806 0.00397754
0.00534528 9.9973E-05 0.000670436 9.9973E-05 0.967053 9.9973E-05 0.0098863 0.0110303 0.00571478
0.00958483 0.0121773 9.9973E-05 0.913932 0.0540305 9.9973E-05 9.9973E-05 0.00363865 0.00633676
9.993E-05 9.993E-05 9.993E-05 9.993E-05 9.993E-05 9.993E-05 0.999201 9.993E-05 9.993E-05
9.9973E-05 0.0102112 0.0212937 0.00868284 0.0329259 0.0159644 0.910622 9.9973E-05 9.9973E-05
0.999201 9.993E-05 9.993E-05 9.993E-05 9.993E-05 9.993E-05 9.993E-05 9.993E-05 9.993E-05
0.00248389 0.996817 9.9937E-05 9.9937E-05 9.9937E-05 9.9937E-05 9.9937E-05 9.9937E-05 9.9937E-05
9.993E-05 9.993E-05 9.993E-05 9.993E-05 9.993E-05 9.993E-05 9.993E-05 9.993E-05 0.999201
0.000456575 0.922032 0.0128135 0.00877805 0.020955 0.0162805 0.0166786 9.9991E-05 0.00190536
9.993E-05 9.993E-05 9.993E-05 9.993E-05 9.993E-05 9.993E-05 9.993E-05 9.993E-05 0.999201
0.0357313 0.0495897 0.00921823 0.0397112 0.619896 0.0724627 0.00714356 0.112492 0.0537557
9.993E-05 9.993E-05 0.999201 9.993E-05 9.993E-05 9.993E-05 9.993E-05 9.993E-05 9.993E-05
0.0649588 0.104742 0.0552803 0.0845989 0.319744 0.104045 0.0847362 0.104872 0.0770221
0.00876355 0.0213869 9.9964E-05 0.0068387 0.946381 9.9964E-05 9.9964E-05 9.9964E-05 0.0162305
9.993E-05 9.993E-05 9.993E-05 9.993E-05 0.999201 9.993E-05 9.993E-05 9.993E-05 9.993E-05
0.0315363 0.0449753 0.0510953 0.0564496 0.455124 0.243122 0.0391547 0.0463708 0.032172
9.993E-05 9.993E-05 9.993E-05 9.993E-05 9.993E-05 0.999201 9.993E-05 9.993E-05 9.993E-05
0.0341592 0.0500667 0.0365496 0.0341854 0.231894 0.479712 0.0243456 0.0553958 0.0536911
0.00297798 9.9973E-05 0.0185242 9.9973E-05 0.970035 9.9973E-05 0.00375875 0.00181261 0.00259138
9.993E-05 9.993E-05 9.993E-05 9.993E-05 9.993E-05 9.993E-05 9.993E-05 0.999201 9.993E-05
0.0196753 0.00590315 0.0141464 0.0319156 0.753486 0.0619233 0.0332065 0.039822 0.0399219
9.993E-05 9.993E-05 9.993E-05 0.999201 9.993E-05 9.993E-05 9.993E-05 9.993E-05 9.993E-05
0.00688496 9.9964E-05 0.002157 0.945313 0.0413322 9.9964E-05 9.9964E-05 0.00391337 9.9964E-05
9.993E-05 9.993E-05 9.993E-05 9.993E-05 9.993E-05 9.993E-05 0.999201 9.993E-05 9.993E-05
9.999E-05 0.0076001 0.00556836 0.016319 0.0433877 0.0352243 0.876555 0.00289345 0.0123518
0.999201 9.993E-05 9.993E-05 9.993E-05 9.993E-05 9.993E-05 9.993E-05 9.993E-05 9.993E-05
9.993E-05 0.999201 9.993E-05 9.993E-05 9.993E-05 9.993E-05 9.993E-05 9.993E-05 9.993E-05
0.0189768 0.0132157 0.0413996 0.0255728 0.196448 0.134985 0.0118748 0.00514019 0.552387
9.993E-05 0.999201 9.993E-05 9.993E-05 9.993E-05 9.993E-05 9.993E-05 9.993E-05 9.993E-05
0.00363943 0.0211532 0.0286229 0.0352522 0.18232 0.135411 0.0181272 9.9991E-05 0.575374
0.0378395 0.0679429 0.0197548 0.0571402 0.578559 0.0738992 0.0162265 0.0923932 0.0562451
0.00700738 0.00243817 0.983018 0.0029043 9.9982E-05 9.9982E-05 0.00155514 0.00124269 0.00163473
0.0518444 0.055616 0.0470978 0.0569155 0.49893 0.0861371 0.0438102 0.103441 0.0562083
0.0104324 0.0226594 0.00632493 0.0135751 0.929022 9.9991E-05 0.000169197 0.00078862 0.0169283
0.00159634 0.00320938 0.0141094 0.0067959 0.964308 9.9991E-05 0.00179974 0.00478551 0.00329565
0.056754 0.074152 0.065777 0.0626018 0.405153 0.183404 0.0619846 0.0333832 0.0567898
9.993E-05 9.993E-05 9.993E-05 9.993E-05 9.993E-05 0.999201 9.993E-05 9.993E-05 9.993E-05
0.0398936 0.0327069 0.0337991 0.0389773 0.286056 0.0621903 0.0621227 0.40299 0.0412649
0.0118211 0.0218292 0.0189012 0.0200228 0.843502 0.00198465 0.0379018 0.0221334 0.0219035
9.993E-05 9.993E-05 9.993E-05 9.993E-05 9.993E-05 9.993E-05 9.993E-05 0.999201 9.993E-05
9.993E-05 9.993E-05 9.993E-05 9.993E-05 0.999201 9.993E-05 9.993E-05 9.993E-05 9.993E-05
9.99616E-05 9.99616E-05 9.99616E-05 0.984214 9.99616E-05 9.99616E-05 0.00790473 0.00192582 0.00545569
0.0105189 0.0113322 9.9955E-05 0.948295 0.0293545 9.9955E-05 9.9955E-05 9.9955E-05 9.9955E-05
9.993E-05 9.993E-05 9.993E-05 9.993E-05 9.993E-05 9.993E-05 0.999201 9.993E-05 9.993E-05
0.0351829 0.0331725 0.031491 0.0318074 0.162338 0.0569502 0.571876 0.0337709 0.0434118
0.96803 9.9964E-05 9.9964E-05 0.00534719 0.0118224 0.00687774 9.9964E-05 0.00752285 9.9964E-05
9.9973E-05 0.974009 9.9973E-05 0.00510655 9.9973E-05 0.0101368 0.00719673 0.000489597 0.00276132
9.99459E-05 9.99459E-05 9.99459E-05 9.99459E-05 9.99459E-05 9.99459E-05 0.0128147 0.00266868 0.983917
9.9982E-05 0.849761 0.0283977 0.00740725 0.0431818 9.9982E-05 0.0236932 0.022941 0.0244184
0.00874703 0.0185709 0.0155384 0.0301707 0.183749 0.129333 0.000284197 0.00236068 0.611246
0.0443268 0.0522997 0.0342584 0.061644 0.520152 0.0685356 0.0379536 0.0965712 0.0842591
9.993E-05 9.993E-05 0.999201 9.993E-05 9.993E-05 9.993E-05 9.993E-05 9.993E-05 9.993E-05
0.054133 0.0565612 0.050304 0.0683625 0.483384 0.0943311 0.0439442 0.0980378 0.050942
0.033305 0.0431015 0.0140692 0.0427861 0.708711 0.0539835 0.0274511 0.0343777 0.0422153
9.993E-05 9.993E-05 9.993E-05 9.993E-05 0.999201 9.993E-05 9.993E-05 9.993E-05 9.993E-05
0.00995683 0.00213688 9.9973E-05 9.9973E-05 0.0186183 0.935119 0.0276144 9.9973E-05 0.00625489
0.0580171 0.0636517 0.0655896 0.0675301 0.420134 0.197845 0.0600232 0.0307761 0.0364324
0.0486714 0.0412456 0.0414523 0.0564605 0.288054 0.0514118 0.0620995 0.356756 0.0538495
0.00660308 0.00872302 0.00535738 0.010489 0.914981 0.0010311 0.0275297 0.00106151 0.0242246
9.993E-05 9.993E-05 9.993E-05 9.993E-05 9.993E-05 9.993E-05 9.993E-05 0.999201 9.993E-05
0.0145005 9.9991E-05 0.00895925 0.0220865 0.830613 0.0475812 0.0252904 0.0266794 0.0241898
9.993E-05 9.993E-05 9.993E-05 0.999201 9.993E-05 9.993E-05 9.993E-05 9.993E-05 9.993E-05
9.993E-05 9.993E-05 9.993E-05 0.999201 9.993E-05 9.993E-05 9.993E-05 9.993E-05 9.993E-05
9.993E-05 9.993E-05 9.993E-05 9.993E-05 9.993E-05 9.993E-05 0.999201 9.993E-05 9.993E-05
0.0224293 0.0353651 0.0404757 0.0361025 0.139276 0.0784611 0.563672 0.034516 0.0497023
0.843141 0.0275578 0.0156466 0.000997461 0.060759 0.0158865 0.011722 0.0194631 0.00482598
9.993E-05 0.999201 9.993E-05 9.993E-05 9.993E-05 9.993E-05 9.993E-05 9.993E-05 9.993E-05
9.993E-05 9.993E-05 9.993E-05 9.993E-05 9.993E-05 9.993E-05 9.993E-05 9.993E-05 0.999201
0.0214093 0.743569 0.0314431 0.0381424 0.0651325 0.0117772 0.036982 0.0187565 0.0327879
0.00444568 0.0132191 0.0257489 0.0275647 0.188564 0.140743 9.9982E-05 9.9982E-05 0.599514
0.0389191 0.037955 0.0301706 0.0515484 0.578993 0.0757547 0.0157891 0.108535 0.0623357
9.993E-05 9.993E-05 0.999201 9.993E-05 9.993E-05 9.993E-05 9.993E-05 9.993E-05 9.993E-05
0.0505553 0.0740837 0.0617811 0.0478575 0.342902 0.222365 0.0645044 0.0793583 0.0565932
0.0530822 0.0390848 0.0619116 0.0474409 0.550268 0.0809402 0.0266338 0.0994088 0.0412294
0.0418156 0.0330211 0.0200588 0.0402676 0.722765 0.0809697 0.0276954 0.0163871 0.0170193
0.0150846 0.033822 0.0274345 0.0363582 0.804926 0.0369818 0.0139352 0.0209309 0.0105265
0.0244733 0.0395576 0.0213136 0.0376659 0.166591 0.570946 0.0426853 0.0209529 0.0758145
0.0656901 0.0569227 0.0590252 0.0623206 0.420595 0.185031 0.0580446 0.0467051 0.045666
0.0152884 0.00643158 0.0119462 0.0185655 0.0619357 0.0292279 0.0304975 0.826007 9.9991E-05
9.9973E-05 0.00582773 0.0145011 0.00476544 0.953322 9.9973E-05 0.0117292 9.9973E-05 0.00955443
9.9982E-05 0.00396023 0.0118672 9.9982E-05 0.01585 0.00189388 0.0109318 0.937393 0.017904
0.000355784 0.00117552 9.9946E-05 9.9946E-05 0.997869 9.9946E-05 9.9946E-05 9.9946E-05 9.9946E-05
9.99714E-05 9.99714E-05 9.99714E-05 0.951804 9.99714E-05 0.0173919 0.0149931 0.00396681 0.0114447
9.993E-05 9.993E-05 9.993E-05 0.999201 9.993E-05 9.993E-05 9.993E-05 9.993E-05 9.993E-05
9.993E-05 9.993E-05 9.993E-05 9.993E-05 9.993E-05 9.993E-05 0.999201 9.993E-05 9.993E-05
9.9982E-05 0.00953433 0.0090261 0.0119623 0.0191029 0.0314202 0.912276 0.00647774 9.9982E-05
0.998711 9.9937E-05 9.9937E-05 0.000589708 9.9937E-05 9.9937E-05 9.9937E-05 9.9937E-05 9.9937E-05
9.993E-05 0.999201 9.993E-05 9.993E-05 9.993E-05 9.993E-05 9.993E-05 9.993E-05 9.993E-05
9.993E-05 9.993E-05 9.993E-05 9.993E-05 9.993E-05 9.993E-05 9.993E-05 9.993E-05 0.999201
9.993E-05 0.999201 9.993E-05 9.993E-05 9.993E-05 9.993E-05 9.993E-05 9.993E-05 9.993E-05
0.00794315 0.00853359 0.0303629 0.0228464 0.184353 0.1189 0.00702546 9.9991E-05 0.619936
0.0323968 0.0880055 0.0528054 0.0574735 0.466577 0.206383 0.0351512 0.0375789 0.0236289
9.9964E-05 0.000629055 0.972939 0.00143937 0.0226663 9.9964E-05 9.9964E-05 9.9964E-05 0.00192621
0.0489846 0.0635856 0.0716777 0.035063 0.33991 0.226273 0.0725961 0.0814413 0.0604683
0.0541169 0.0589997 0.0345602 0.0492923 0.499588 0.0942705 0.0480703 0.102481 0.0586211
0.0343627 0.020069 0.022197 0.0396039 0.745481 0.0816401 0.0251502 0.0105848 0.0209112
0.0101635 0.0346756 0.015272 0.0173557 0.805875 0.061299 0.0129089 0.0348548 0.00759554
9.9937E-05 9.9937E-05 9.9937E-05 9.9937E-05 9.9937E-05 0.997211 0.00208908 9.9937E-05 9.9937E-05
0.045594 0.0782112 0.0577727 0.0616588 0.403651 0.184826 0.0714544 0.0478434 0.0489883
0.0231201 9.9991E-05 0.0152628 0.017269 0.0426915 0.0392201 0.0339832 0.821432 0.00692128
9.9937E-05 9.9937E-05 9.9937E-05 9.9937E-05 0.993672 9.9937E-05 0.00562846 9.9937E-05 9.9937E-05
9.993E-05 9.993E-05 9.993E-05 9.993E-05 9.993E-05 9.993E-05 9.993E-05 0.999201 9.993E-05
0.00233517 9.9937E-05 9.9937E-05 9.9937E-05 0.996965 9.9937E-05 9.9937E-05 9.9937E-05 9.9937E-05
9.9973E-05 0.00572535 0.0144619 0.949016 9.9973E-05 0.0119868 0.00389432 0.0146155 9.9973E-05
0.00620589 9.99377E-05 9.99377E-05 0.993095 9.99377E-05 9.99377E-05 9.99377E-05 9.99377E-05 9.99377E-05
9.993E-05 9.993E-05 9.993E-05 9.993E-05 9.993E-05 9.993E-05 0.999201 9.993E-05 9.993E-05
9.993E-05 9.993E-05 9.993E-05 9.993E-05 9.993E-05 9.993E-05 0.999201 9.993E-05 9.993E-05
0.972903 0.010565 9.9955E-05 9.9955E-05 9.9955E-05 9.9955E-05 0.00699072 9.9955E-05 0.00904199
0.00763935 0.974665 0.000445967 9.9964E-05 9.9964E-05 9.9964E-05 9.9964E-05 0.00285688 0.0139927
0.0536442 0.0431035 0.0127006 0.0548034 0.238183 0.116912 0.0415736 0.0549417 0.384138
9.9982E-05 0.961655 0.0098466 0.00339996 0.00842353 0.00740234 9.9982E-05 0.00398813 0.00508445
9.99613E-05 0.00389319 0.992594 0.00271989 9.99613E-05 9.99613E-05 9.99613E-05 9.99613E-05 0.000293064
0.0314045 0.0364787 0.0495335 0.0536785 0.497883 0.0943677 0.0441784 0.129583 0.062892
0.0457596 0.0671434 0.0672828 0.0481264 0.342948 0.210377 0.0866845 0.0829663 0.0487114
0.0707013 0.0726268 0.0423878 0.0651411 0.444639 0.110815 0.0362473 0.0740679 0.083374
0.0476053 0.0146903 0.0143124 0.0483197 0.745603 0.0779924 0.0210416 0.00849202 0.0219429
0.0445344 0.0460286 0.0338472 0.032152 0.673591 0.0751549 0.0153121 0.0351395 0.0442404
9.993E-05 9.993E-05 9.993E-05 9.993E-05 9.993E-05 0.999201 9.993E-05 9.993E-05 9.993E-05
9.9937E-05 9.9937E-05 9.9937E-05 9.9937E-05 9.9937E-05 0.991467 0.00783332 9.9937E-05 9.9937E-05
0.0493469 0.0921499 0.0325859 0.0332322 0.459855 0.230885 0.0416841 0.0232119 0.0370498
0.0156391 0.00157833 0.0198639 0.0239458 0.0325236 0.017569 0.0273631 0.861417 9.9991E-05
9.993E-05 9.993E-05 9.993E-05 9.993E-05 0.999201 9.993E-05 9.993E-05 9.993E-05 9.993E-05
9.993E-05 9.993E-05 9.993E-05 9.993E-05 9.993E-05 9.993E-05 9.993E-05 0.999201 9.993E-05
0.000397881 9.9937E-05 9.9937E-05 9.9937E-05 0.998903 9.9937E-05 9.9937E-05 9.9937E-05 9.9937E-05
9.9946E-05 9.9946E-05 9.9946E-05 0.993076 9.9946E-05 0.00488577 9.9946E-05 0.00143834 9.9946E-05
9.9955E-05 9.9955E-05 0.00889904 0.00581538 9.9955E-05 0.0272383 0.957547 9.9955E-05 9.9955E-05
0.999201 9.993E-05 9.993E-05 9.993E-05 9.993E-05 9.993E-05 9.993E-05 9.993E-05 9.993E-05
0.483054 0.0382538 0.0273615 0.0500997 0.231184 0.0575323 0.077497 0.00297153 0.0320457
0.0390728 0.0363271 0.0492568 0.0637497 0.296049 0.112767 0.0598801 0.0441287 0.298769
9.993E-05 0.999201 9.993E-05 9.993E-05 9.993E-05 9.993E-05 9.993E-05 9.993E-05 9.993E-05
9.993E-05 9.993E-05 9.993E-05 9.993E-05 9.993E-05 9.993E-05 9.993E-05 9.993E-05 0.999201
0.00545226 0.85371 0.0193658 0.01776 0.0348425 0.0377198 0.0152369 0.00466151 0.0112514
9.993E-05 9.993E-05 0.999201 9.993E-05 9.993E-05 9.993E-05 9.993E-05 9.993E-05 9.993E-05
0.0547693 0.0478914 0.0460907 0.0397828 0.474802 0.101403 0.0545614 0.117111 0.0635885
0.0456243 0.0693211 0.0643536 0.0548174 0.326682 0.181829 0.0877368 0.0901924 0.0794442
0.0422783 0.0593212 0.046942 0.0498686 0.484263 0.134971 0.0555876 0.075691 0.0510771
0.0377437 0.0318222 0.0227543 0.0160886 0.738528 0.0650373 9.9991E-05 0.0402545 0.0476716
0.0123156 0.0300051 0.0374517 0.0246095 0.834817 0.0119466 0.00487985 0.0165496 0.0274247
9.993E-05 9.993E-05 9.993E-05 9.993E-05 9.993E-05 0.999201 9.993E-05 9.993E-05 9.993E-05
0.0183198 0.0169765 0.00716237 0.0238703 0.0458886 0.799037 0.0373048 0.0376053 0.0138352
0.0542143 0.0766973 0.0465941 0.0334477 0.447747 0.234466 0.0394379 0.031939 0.0354565
0.0214987 0.0176312 0.0285477 0.0152943 0.0617541 0.0270896 0.0246109 0.799823 0.00375092
9.99369E-05 9.99369E-05 9.99369E-05 9.99369E-05 0.99753 9.99369E-05 0.00177047 9.99369E-05 9.99369E-05
9.993E-05 9.993E-05 9.993E-05 9.993E-05 9.993E-05 9.993E-05 9.993E-05 0.999201 9.993E-05
9.993E-05 9.993E-05 9.993E-05 0.999201 9.993E-05 9.993E-05 9.993E-05 9.993E-05 9.993E-05
