9.993E-05 9.993E-05 0.999201 9.993E-05 9.993E-05 9.993E-05 9.993E-05 9.993E-05 9.993E-05
9.9973E-05 0.953178 0.00503243 0.00373585 0.0179934 0.00430131 0.0154587 9.9973E-05 9.9973E-05
9.9982E-05 0.943876 0.00572385 9.9982E-05 0.0104721 0.00530047 0.0271931 0.000469159 0.00676541
9.993E-05 9.993E-05 9.993E-05 0.999201 9.993E-05 9.993E-05 9.993E-05 9.993E-05 9.993E-05
9.993E-05 9.993E-05 9.993E-05 0.999201 9.993E-05 9.993E-05 9.993E-05 9.993E-05 9.993E-05
0.401478 0.0615727 0.0616282 0.0411034 0.0406115 0.0488408 0.0876338 0.028276 0.228856
9.993E-05 9.993E-05 9.993E-05 9.993E-05 9.993E-05 0.999201 9.993E-05 9.993E-05 9.993E-05
0.999201 9.993E-05 9.993E-05 9.993E-05 9.993E-05 9.993E-05 9.993E-05 9.993E-05 9.993E-05
0.0389361 0.033944 0.0682752 0.0246751 0.00450155 0.063291 0.0903951 0.0886151 0.587367
0.00401865 0.00632228 0.00407925 0.000159728 0.977699 0.00274195 9.9982E-05 0.00477953 9.9982E-05
0.0606177 0.0558722 0.0491099 0.0608763 0.0508179 0.0512274 0.133295 0.0897219 0.448461
0.0719437 0.0927239 0.0451088 0.0510538 0.0609109 0.0652179 0.142197 0.0762276 0.394617
9.99459E-05 9.99459E-05 0.00417561 9.99459E-05 9.99459E-05 0.00177301 9.99459E-05 9.99459E-05 0.993452
9.993E-05 9.993E-05 9.993E-05 9.993E-05 9.993E-05 9.993E-05 9.993E-05 9.993E-05 0.999201
0.00296834 0.0258872 0.00912165 0.0146758 0.0347967 0.532007 0.0457903 0.00443874 0.330314
0.0236149 0.0280093 9.9973E-05 0.00449357 0.0359584 9.9973E-05 9.9973E-05 0.0111814 0.896443
0.0359 0.0554192 9.9982E-05 0.0164742 0.0319507 9.9982E-05 0.0247861 0.0103594 0.82491
0.0552045 0.0641313 0.0633252 0.0594152 0.0280397 0.0734679 0.150613 0.0404777 0.465326
0.0155247 0.0294921 0.0235702 0.0177602 0.018524 0.00498364 0.0353526 0.799063 0.0557299
0.0330718 0.0420452 0.0322969 0.0389579 0.0265057 0.029394 0.710557 0.0364823 0.0506892
9.9955E-05 0.00795581 9.9955E-05 0.00359498 9.9955E-05 0.00131039 9.9955E-05 0.986639 9.9955E-05
9.99603E-05 9.99603E-05 9.99603E-05 0.0161446 9.99603E-05 9.99603E-05 0.936324 0.00789527 0.0391359
0.00183078 0.00181681 0.925801 0.00675671 0.00454109 0.0186315 0.0316324 9.9991E-05 0.00889023
9.993E-05 0.999201 9.993E-05 9.993E-05 9.993E-05 9.993E-05 9.993E-05 9.993E-05 9.993E-05
9.9982E-05 0.917896 0.0150545 0.00243233 0.0200911 0.0139113 0.0252802 9.9982E-05 0.00513487
9.993E-05 9.993E-05 9.993E-05 0.999201 9.993E-05 9.993E-05 9.993E-05 9.993E-05 9.993E-05
9.993E-05 9.993E-05 9.993E-05 9.993E-05 9.993E-05 0.999201 9.993E-05 9.993E-05 9.993E-05
0.999201 9.993E-05 9.993E-05 9.993E-05 9.993E-05 9.993E-05 9.993E-05 9.993E-05 9.993E-05
0.00879021 0.00661607 0.00100614 0.0142455 0.00371709 0.928775 0.0131255 0.00158409 0.0221407
0.999201 9.993E-05 9.993E-05 9.993E-05 9.993E-05 9.993E-05 9.993E-05 9.993E-05 9.993E-05
0.0507979 0.00679025 0.0474601 0.0267028 9.9991E-05 0.0371496 0.0984467 0.0788043 0.653748
9.993E-05 9.993E-05 9.993E-05 9.993E-05 0.999201 9.993E-05 9.993E-05 9.993E-05 9.993E-05
0.0773527 0.0911821 0.0829705 0.0760444 0.039603 0.0889584 0.108674 0.102401 0.332814
9.99369E-05 9.99369E-05 9.99369E-05 9.99369E-05 9.99369E-05 0.00116594 9.99369E-05 9.99369E-05 0.998135
9.993E-05 9.993E-05 9.993E-05 9.993E-05 9.993E-05 9.993E-05 9.993E-05 9.993E-05 0.999201
0.0280938 0.0446735 0.0500846 0.0229585 0.0336648 0.0472283 0.120847 0.0497825 0.602667
0.0193416 0.0139462 9.9973E-05 9.9973E-05 0.0414574 9.9973E-05 0.00720942 0.0133251 0.90442
0.0697004 0.0362187 0.0254368 0.0466115 0.0421194 0.038086 0.122992 0.064909 0.553926
0.017379 9.9973E-05 9.9973E-05 0.00169539 0.0159484 0.00396088 0.947359 0.013357 9.9973E-05
9.993E-05 9.993E-05 9.993E-05 9.993E-05 9.993E-05 9.993E-05 9.993E-05 0.999201 9.993E-05
0.0229233 0.0412048 0.0355761 0.0307808 0.0157684 0.00562233 0.68709 0.0400761 0.120958
9.993E-05 9.993E-05 0.999201 9.993E-05 9.993E-05 9.993E-05 9.993E-05 9.993E-05 9.993E-05
9.9964E-05 9.9964E-05 0.953125 0.0148496 9.9964E-05 0.0122019 0.0136501 9.9964E-05 0.00577355
9.993E-05 0.999201 9.993E-05 9.993E-05 9.993E-05 9.993E-05 9.993E-05 9.993E-05 9.993E-05
0.0101381 0.883749 0.0160501 0.00399916 0.0120142 0.010392 0.0226035 0.00927137 0.031783
9.993E-05 9.993E-05 9.993E-05 0.999201 9.993E-05 9.993E-05 9.993E-05 9.993E-05 9.993E-05
9.993E-05 9.993E-05 9.993E-05 9.993E-05 9.993E-05 0.999201 9.993E-05 9.993E-05 9.993E-05
0.569183 0.0116051 0.0278206 0.0158025 0.0357947 0.0140894 0.0159458 0.00244746 0.307312
9.993E-05 9.993E-05 9.993E-05 9.993E-05 9.993E-05 0.999201 9.993E-05 9.993E-05 9.993E-05
0.578076 0.0124052 0.0321072 0.0152852 0.0298803 0.0203115 9.9982E-05 9.9982E-05 0.311734
0.0413674 0.027027 0.0644102 0.0222958 0.00782689 0.060801 0.0897316 0.0747488 0.611791
0.00769539 0.00285998 9.9964E-05 0.00424357 0.97984 9.9964E-05 9.9964E-05 9.9964E-05 0.00496133
0.0554289 0.0365392 0.0521093 0.0517434 0.0314382 0.0375227 0.139543 0.109384 0.486291
9.9964E-05 0.000678621 0.0093971 0.00209288 9.9964E-05 0.00721668 9.9964E-05 9.9964E-05 0.980215
9.99369E-05 9.99369E-05 0.00220278 9.99369E-05 9.99369E-05 9.99369E-05 9.99369E-05 9.99369E-05 0.997098
0.0522735 0.0471939 0.0512557 0.062261 0.0608485 0.0568038 0.107673 0.0351579 0.526533
0.028535 0.0232053 9.9973E-05 0.00713517 0.0343536 9.9973E-05 9.9973E-05 0.0164004 0.890071
0.044768 0.0515923 0.0488862 0.0435636 0.0363154 0.0307277 0.0931385 0.388207 0.262801
0.0329296 0.0299624 0.0171685 0.00783513 0.0211328 0.0230164 0.838527 0.0266833 0.00274529
9.993E-05 9.993E-05 9.993E-05 9.993E-05 9.993E-05 9.993E-05 9.993E-05 0.999201 9.993E-05
9.993E-05 9.993E-05 9.993E-05 9.993E-05 9.993E-05 9.993E-05 0.999201 9.993E-05 9.993E-05
0.00622828 0.00429411 0.988878 9.9946E-05 9.9946E-05 9.9946E-05 9.9946E-05 9.9946E-05 9.9946E-05
9.9973E-05 0.00913579 0.948727 0.0125629 9.9973E-05 0.00303471 0.0208003 9.9973E-05 0.00543948
9.993E-05 0.999201 9.993E-05 9.993E-05 9.993E-05 9.993E-05 9.993E-05 9.993E-05 9.993E-05
0.0486182 0.563808 0.0224595 0.0259061 0.0298269 0.0246567 0.0884093 0.0299484 0.166367
0.00639448 9.9982E-05 0.00382608 0.961252 0.00510578 0.00164822 9.9982E-05 0.00948954 0.012084
0.00516549 0.00142634 9.9991E-05 0.00122588 0.00226329 0.977665 0.0021076 0.00627995 0.0037661
0.974757 0.0142619 0.000834841 9.9964E-05 0.00138282 9.9964E-05 9.9964E-05 0.00836378 9.9964E-05
0.0291196 0.0165655 0.01669 0.00598719 0.0205501 0.84676 0.0167544 0.0247174 0.0228555
0.604074 0.00790221 0.0232496 0.00829975 0.0271538 0.00656261 0.000294483 9.9991E-05 0.322364
0.0551189 0.0330984 0.06495 0.0389964 0.0248818 0.0424097 0.0851608 0.0977523 0.557632
9.993E-05 9.993E-05 9.993E-05 9.993E-05 0.999201 9.993E-05 9.993E-05 9.993E-05 9.993E-05
0.0470711 0.048472 0.0552768 0.0484166 0.0419863 0.0336668 0.110411 0.104554 0.510145
0.0279765 0.0103427 0.0375642 0.0296094 9.9991E-05 0.03158 0.0734959 0.0295497 0.759782
9.993E-05 9.993E-05 9.993E-05 9.993E-05 9.993E-05 9.993E-05 9.993E-05 9.993E-05 0.999201
0.0309886 0.0544387 9.9982E-05 0.0154364 0.0355843 9.9982E-05 0.0368107 0.0138749 0.812666
0.0463125 0.0606509 0.0670678 0.0648096 0.0571092 0.0544726 0.120914 0.0378223 0.490841
0.0460449 0.057574 0.0629918 0.0440893 0.0395623 0.0466827 0.0988439 0.346825 0.257387
0.0217218 0.0271343 0.00358898 0.00534566 0.00451709 0.0159837 0.903684 0.0129268 0.00509797
9.993E-05 9.993E-05 9.993E-05 9.993E-05 9.993E-05 9.993E-05 9.993E-05 0.999201 9.993E-05
0.0194167 0.0303737 0.016461 0.014662 0.0105372 9.9991E-05 0.770809 0.026859 0.110781
9.993E-05 9.993E-05 0.999201 9.993E-05 9.993E-05 9.993E-05 9.993E-05 9.993E-05 9.993E-05
9.993E-05 9.993E-05 0.999201 9.993E-05 9.993E-05 9.993E-05 9.993E-05 9.993E-05 9.993E-05
9.993E-05 0.999201 9.993E-05 9.993E-05 9.993E-05 9.993E-05 9.993E-05 9.993E-05 9.993E-05
0.0454551 0.572375 0.0262189 0.0270866 0.0269404 0.0261949 0.0971253 0.0373726 0.141232
0.0190897 0.0176939 0.0023665 0.844914 0.0115606 0.0148978 0.0221219 0.030712 0.036644
9.993E-05 9.993E-05 9.993E-05 9.993E-05 9.993E-05 0.999201 9.993E-05 9.993E-05 9.993E-05
0.999201 9.993E-05 9.993E-05 9.993E-05 9.993E-05 9.993E-05 9.993E-05 9.993E-05 9.993E-05
0.0342196 0.0323758 0.0376045 0.026917 0.0310727 0.740402 0.0338947 0.013094 0.0504192
0.613503 0.00462053 0.0199109 0.00436811 0.0215523 0.0111881 0.00271827 9.9991E-05 0.322039
0.0418958 0.0184997 0.053098 0.0202675 0.0142128 0.0410909 0.107072 0.0876245 0.616238
9.993E-05 9.993E-05 9.993E-05 9.993E-05 0.999201 9.993E-05 9.993E-05 9.993E-05 9.993E-05
0.0623961 0.0759711 0.0405012 0.0515 0.0636066 0.0576317 0.1184 0.0729621 0.457032
0.0422013 0.0221399 0.0505945 0.0338031 0.043005 0.0318161 0.122709 0.0870806 0.56665
0.00985261 0.0321263 0.0308316 0.0352081 0.0228051 0.0139023 0.0971141 0.00680248 0.751358
0.000952638 9.9991E-05 0.0275543 0.0167628 0.0104798 0.0225356 0.0217761 0.0151882 0.884651
0.068777 0.0732395 0.0362192 0.0365401 0.0518337 0.024286 0.0499048 0.03162 0.62758
0.0449612 0.0526678 0.0565401 0.0661998 0.0634213 0.0576813 0.127302 0.0410893 0.490137
0.00425798 0.0229489 0.0138625 0.013687 0.0211971 0.00123562 0.0504952 0.830084 0.0422314
0.0104202 9.9982E-05 0.00653868 0.00436698 0.0188079 0.0167702 0.936458 0.00643769 9.9982E-05
0.0134297 0.0108564 0.00618224 0.00309748 0.00130645 0.0213053 0.00345192 0.940271 9.9991E-05
9.9939E-05 9.9939E-05 9.9939E-05 9.9939E-05 9.9939E-05 0.00383988 0.995461 9.9939E-05 9.9939E-05
0.0179883 0.00711151 0.95409 9.9964E-05 0.00858862 9.9964E-05 9.9964E-05 0.0118221 9.9964E-05
9.993E-05 9.993E-05 0.999201 9.993E-05 9.993E-05 9.993E-05 9.993E-05 9.993E-05 9.993E-05
9.993E-05 0.999201 9.993E-05 9.993E-05 9.993E-05 9.993E-05 9.993E-05 9.993E-05 9.993E-05
9.9982E-05 0.914293 0.00568273 9.9982E-05 0.0142801 0.0153915 0.0110613 0.00618252 0.0329091
9.9946E-05 9.9946E-05 0.000415568 0.998598 9.9946E-05 9.9946E-05 0.000386661 9.9946E-05 9.9946E-05
9.993E-05 9.993E-05 9.993E-05 9.993E-05 9.993E-05 0.999201 9.993E-05 9.993E-05 9.993E-05
0.999201 9.993E-05 9.993E-05 9.993E-05 9.993E-05 9.993E-05 9.993E-05 9.993E-05 9.993E-05
9.993E-05 9.993E-05 9.993E-05 9.993E-05 9.993E-05 0.999201 9.993E-05 9.993E-05 9.993E-05
0.620907 9.9973E-05 0.0233117 0.00372712 0.026696 0.0012018 9.9973E-05 9.9973E-05 0.323857
0.0135586 0.0420543 0.0617453 0.0319079 0.0450814 0.0714785 0.132419 0.0276001 0.574155
9.9964E-05 0.00409536 9.9964E-05 9.9964E-05 0.970418 0.00958405 0.00325057 9.9964E-05 0.0122517
0.057627 0.0872858 0.0429779 0.0526775 0.0693461 0.0588117 0.118414 0.0828949 0.429966
0.064648 0.0449036 0.0444668 0.0542728 0.028483 0.0490993 0.138871 0.0868839 0.488372
0.00750701 0.019167 0.0364732 0.0272554 0.00905827 0.000998198 0.0883897 0.0021485 0.809003
0.00219302 0.0168333 0.0119198 0.0135907 9.9991E-05 0.017903 0.0321321 0.0403834 0.864945
0.0175443 0.0358069 9.9973E-05 0.00662209 0.0312421 9.9973E-05 0.0183167 9.9973E-05 0.890168
0.0399934 0.0567326 0.0522429 0.0498949 0.0549988 0.0705632 0.121171 0.0524032 0.502
0.0203559 0.0270199 0.0117799 0.0153734 0.0221519 0.0112335 0.0295881 0.812121 0.0503761
9.993E-05 9.993E-05 9.993E-05 9.993E-05 9.993E-05 9.993E-05 0.999201 9.993E-05 9.993E-05
9.993E-05 9.993E-05 9.993E-05 9.993E-05 9.993E-05 9.993E-05 9.993E-05 0.999201 9.993E-05
9.9937E-05 9.9937E-05 9.9937E-05 0.00188906 9.9937E-05 9.9937E-05 0.997411 9.9937E-05 9.9937E-05
0.0109172 0.00738952 0.958602 9.9973E-05 0.00603796 0.00231838 9.9973E-05 0.0144352 9.9973E-05
9.9946E-05 9.9946E-05 0.994174 0.00200781 9.9946E-05 9.9946E-05 0.00321881 9.9946E-05 9.9946E-05
9.993E-05 0.999201 9.993E-05 9.993E-05 9.993E-05 9.993E-05 9.993E-05 9.993E-05 9.993E-05
9.993E-05 0.999201 9.993E-05 9.993E-05 9.993E-05 9.993E-05 9.993E-05 9.993E-05 9.993E-05
9.9973E-05 0.0070556 0.000862822 0.971182 9.9973E-05 0.008631 9.9973E-05 0.0111113 0.000857696
0.0149455 0.00535096 9.9973E-05 9.9973E-05 0.00567894 0.971363 0.00143351 9.9973E-05 0.000928187
0.381971 0.0479426 0.0529278 0.0583005 0.0298584 0.0336004 0.086074 0.0565711 0.252754
0.0147494 0.00139995 0.00443233 0.00757038 0.00386936 0.967679 9.9973E-05 9.9973E-05 9.9973E-05
0.00222654 0.00532134 0.00291191 0.00399205 0.983642 9.9973E-05 9.9973E-05 0.00160614 9.9973E-05
0.0612356 0.0396307 0.0653714 0.0210371 0.0463821 0.0273518 0.112696 0.127919 0.498376
0.059873 0.0806019 0.0406207 0.0555087 0.062147 0.0543034 0.125357 0.0822398 0.439349
0.0646586 0.0328625 0.0666896 0.0592699 0.0456216 0.0543877 0.132131 0.0718092 0.47257
0.0101072 0.0170004 0.0342944 0.0332272 0.0146765 0.0202135 0.0755368 9.9991E-05 0.794844
0.0423534 0.00700075 0.0308068 0.0293443 0.0193078 0.03546 0.0440336 0.0291475 0.762546
0.0180904 0.0202815 9.9982E-05 0.00318744 0.0340353 9.9982E-05 0.00477914 0.0279585 0.891468
0.0372315 0.045601 9.9982E-05 0.00202249 0.0362186 9.9982E-05 0.0170562 0.00202732 0.859643
0.0323125 0.0444893 0.0348158 0.0545692 0.041754 0.0801257 0.100114 0.0308181 0.581001
0.0108057 0.0178727 0.0170451 0.0220023 0.0196043 0.00243233 0.031779 0.846688 0.0317705
9.993E-05 9.993E-05 9.993E-05 9.993E-05 9.993E-05 9.993E-05 0.999201 9.993E-05 9.993E-05
9.993E-05 9.993E-05 9.993E-05 9.993E-05 9.993E-05 9.993E-05 9.993E-05 0.999201 9.993E-05
9.9946E-05 9.9946E-05 9.9946E-05 0.00699851 9.9946E-05 9.9946E-05 0.973299 9.9946E-05 0.0191033
9.9937E-05 9.9937E-05 0.995692 9.9937E-05 9.9937E-05 9.9937E-05 9.9937E-05 0.00360816 9.9937E-05
9.9964E-05 0.966825 0.00192127 9.9964E-05 0.0140567 0.00482067 0.0119763 9.9964E-05 9.9964E-05
9.993E-05 9.993E-05 9.993E-05 0.999201 9.993E-05 9.993E-05 9.993E-05 9.993E-05 9.993E-05
0.0245896 0.0517091 0.0422373 0.491421 0.032633 0.0335493 0.104991 0.0175464 0.201323
0.300503 0.0631899 0.0677735 0.0344966 0.0398899 0.0321771 0.124657 0.0368801 0.300433
9.993E-05 9.993E-05 9.993E-05 9.993E-05 9.993E-05 0.999201 9.993E-05 9.993E-05 9.993E-05
0.999201 9.993E-05 9.993E-05 9.993E-05 9.993E-05 9.993E-05 9.993E-05 9.993E-05 9.993E-05
0.0222879 0.0198841 0.02231 0.0114771 0.0162099 0.85656 9.9991E-05 0.0169585 0.034213
9.993E-05 9.993E-05 9.993E-05 9.993E-05 0.999201 9.993E-05 9.993E-05 9.993E-05 9.993E-05
0.0439892 0.0495255 0.0519568 0.0447465 0.0426793 0.0414957 0.112562 0.121408 0.491637
0.0800347 0.0863879 0.0498481 0.0479748 0.0569679 0.0619818 0.137478 0.0838575 0.395469
0.0559141 0.0475713 0.0581767 0.0365188 0.0402358 0.0449966 0.136267 0.082437 0.497883
0.032586 9.9991E-05 0.00777134 0.0395033 0.0143389 0.019829 0.0446698 0.0316076 0.809594
0.0138007 0.000142823 0.0318265 9.9982E-05 0.0106426 0.0166579 9.9982E-05 0.00725326 0.919476
0.0308336 0.0259059 9.9973E-05 0.000743029 0.0338268 9.9973E-05 9.9973E-05 0.00572437 0.902666
0.0453918 0.0621619 0.0254719 0.0251875 0.0440953 0.013331 0.0291124 0.03507 0.720178
0.0295746 0.0366282 0.0355432 0.0504952 0.0459829 0.0696074 0.104451 0.0332235 0.594494
0.00260995 0.0355088 0.0171367 0.0333164 0.0340392 0.0102247 0.0263408 0.788196 0.0526278
9.993E-05 9.993E-05 9.993E-05 9.993E-05 9.993E-05 9.993E-05 0.999201 9.993E-05 9.993E-05
9.993E-05 9.993E-05 9.993E-05 9.993E-05 9.993E-05 9.993E-05 9.993E-05 0.999201 9.993E-05
9.993E-05 9.993E-05 0.999201 9.993E-05 9.993E-05 9.993E-05 9.993E-05 9.993E-05 9.993E-05
