0.999201 9.993E-05 9.993E-05 9.993E-05 9.993E-05 9.993E-05 9.993E-05 9.993E-05 9.993E-05
0.0061926 0.940743 0.0157733 0.0122186 9.9973E-05 9.9973E-05 9.9973E-05 0.00883175 0.0159409
9.9973E-05 0.937464 0.00331181 0.0201834 0.000307381 9.9973E-05 9.9973E-05 0.00596145 0.0324722
9.993E-05 9.993E-05 9.993E-05 9.993E-05 9.993E-05 9.993E-05 0.999201 9.993E-05 9.993E-05
9.993E-05 9.993E-05 9.993E-05 9.993E-05 9.993E-05 9.993E-05 0.999201 9.993E-05 9.993E-05
0.0610154 0.064838 0.0401871 0.231717 0.0280841 0.394031 0.0453793 0.0557897 0.0789581
9.993E-05 9.993E-05 9.993E-05 9.993E-05 9.993E-05 9.993E-05 9.993E-05 0.999201 9.993E-05
9.993E-05 9.993E-05 9.993E-05 9.993E-05 9.993E-05 0.999201 9.993E-05 9.993E-05 9.993E-05
0.0718837 0.0149991 0.031919 0.567065 0.0911687 0.056217 0.0404256 0.0575013 0.06882
9.9946E-05 0.0184884 0.979627 9.9946E-05 9.9946E-05 9.9946E-05 0.00128501 9.9946E-05 9.9946E-05
0.0696926 0.0442687 0.0594869 0.431522 0.0908682 0.0643908 0.0761547 0.0586517 0.104964
0.0549679 0.0899807 0.0576521 0.35757 0.0921054 0.0747271 0.0340145 0.0671664 0.171816
0.0110567 0.00531075 9.9973E-05 0.936418 9.9973E-05 0.0192775 9.9973E-05 0.0250269 0.00260968
9.993E-05 9.993E-05 9.993E-05 0.999201 9.993E-05 9.993E-05 9.993E-05 9.993E-05 9.993E-05
0.00606072 0.0217593 0.0306274 0.261632 9.9991E-05 0.00390037 0.00127158 0.542882 0.131767
9.993E-05 9.993E-05 9.993E-05 9.993E-05 9.993E-05 9.993E-05 9.993E-05 9.993E-05 0.999201
9.9955E-05 0.0219101 9.9955E-05 9.9955E-05 9.9955E-05 9.9955E-05 0.00599736 0.000465641 0.971127
0.0541166 0.0697927 0.0344085 0.452825 0.0463031 0.0516332 0.0560432 0.0783778 0.1565
0.0302699 0.0310598 0.0280762 0.0512249 0.795368 0.00783754 0.0216897 0.00510243 0.0293716
0.0363754 0.0437573 0.028605 0.739067 0.0419539 0.0334163 0.0327547 0.0200061 0.0240646
9.9937E-05 9.9937E-05 9.9937E-05 9.9937E-05 0.997011 0.0022892 9.9937E-05 9.9937E-05 9.9937E-05
9.9955E-05 0.00210182 9.9955E-05 0.97684 0.0111586 9.9955E-05 0.00939934 9.9955E-05 9.9955E-05
0.92533 0.00162091 0.00657782 0.0541753 9.9982E-05 0.00445815 0.00188275 0.00575522 9.9982E-05
9.993E-05 0.999201 9.993E-05 9.993E-05 9.993E-05 9.993E-05 9.993E-05 9.993E-05 9.993E-05
0.0126419 0.91336 0.0216247 0.0219985 9.9973E-05 9.9973E-05 9.9973E-05 0.00581196 0.0242634
9.993E-05 9.993E-05 9.993E-05 9.993E-05 9.993E-05 9.993E-05 0.999201 9.993E-05 9.993E-05
9.993E-05 9.993E-05 9.993E-05 9.993E-05 9.993E-05 9.993E-05 9.993E-05 0.999201 9.993E-05
9.993E-05 9.993E-05 9.993E-05 9.993E-05 9.993E-05 0.999201 9.993E-05 9.993E-05 9.993E-05
0.0133173 9.9982E-05 0.013748 0.0310047 0.00355894 0.012537 0.00933832 0.916296 9.9982E-05
9.993E-05 9.993E-05 9.993E-05 9.993E-05 9.993E-05 0.999201 9.993E-05 9.993E-05 9.993E-05
0.0504347 0.00995548 0.0141612 0.653788 0.0938606 0.0625836 0.0252537 0.0362914 0.0536709
9.993E-05 9.993E-05 0.999201 9.993E-05 9.993E-05 9.993E-05 9.993E-05 9.993E-05 9.993E-05
0.0848388 0.0875745 0.0612834 0.350674 0.0834443 0.0739482 0.0646955 0.0892877 0.104254
0.0070917 9.9964E-05 9.9964E-05 0.951169 9.9964E-05 0.013678 0.00186153 0.0257994 9.9964E-05
9.9937E-05 9.9937E-05 9.9937E-05 0.998941 0.000359833 9.9937E-05 9.9937E-05 9.9937E-05 9.9937E-05
0.0583748 0.0422527 0.0465098 0.452655 0.0634862 0.0254163 0.0354267 0.051731 0.224147
9.993E-05 9.993E-05 9.993E-05 9.993E-05 9.993E-05 9.993E-05 9.993E-05 9.993E-05 0.999201
0.0312189 0.0166004 0.0326975 0.224678 0.0562861 0.0612349 0.0411019 0.0446241 0.491558
0.00112499 0.0157374 0.0177106 0.961508 0.000364116 0.0020415 0.000452007 0.000961441 9.9991E-05
9.993E-05 9.993E-05 9.993E-05 9.993E-05 0.999201 9.993E-05 9.993E-05 9.993E-05 9.993E-05
0.036327 0.0281665 0.0158083 0.765636 0.0365638 0.0275823 0.0283323 0.00691498 0.0546685
0.999201 9.993E-05 9.993E-05 9.993E-05 9.993E-05 9.993E-05 9.993E-05 9.993E-05 9.993E-05
0.956094 9.9964E-05 0.00087241 0.0232995 9.9964E-05 9.9964E-05 0.0108246 0.00850997 9.9964E-05
9.993E-05 0.999201 9.993E-05 9.993E-05 9.993E-05 9.993E-05 9.993E-05 9.993E-05 9.993E-05
0.0153867 0.877154 0.00679638 0.0323813 0.00014575 0.0231908 0.0066057 0.0208361 0.0175029
9.993E-05 9.993E-05 9.993E-05 9.993E-05 9.993E-05 9.993E-05 0.999201 9.993E-05 9.993E-05
9.993E-05 9.993E-05 9.993E-05 9.993E-05 9.993E-05 9.993E-05 9.993E-05 0.999201 9.993E-05
0.0335722 0.0189793 0.0246501 0.193788 0.00749835 0.571973 0.00831261 0.0215129 0.119714
9.993E-05 9.993E-05 9.993E-05 9.993E-05 9.993E-05 9.993E-05 9.993E-05 0.999201 9.993E-05
0.0337879 0.0185134 0.0174871 0.195806 9.9991E-05 0.59189 0.0115562 0.0165355 0.114323
0.0607948 0.0199645 0.0225881 0.595078 0.0972951 0.0741017 0.0329709 0.0479231 0.049284
0.00691007 0.00495803 0.97855 9.9973E-05 9.9973E-05 0.00640359 9.9973E-05 0.00135695 0.00152133
0.0516609 0.0458427 0.0531061 0.515952 0.10298 0.0546044 0.0511564 0.0527607 0.0719366
0.0191776 0.00220124 0.0035109 0.923262 9.9982E-05 0.0195207 0.0144741 0.0176537 9.9982E-05
9.99709E-05 0.00482066 9.99709E-05 0.966568 0.00206661 0.0167463 9.99709E-05 0.00939843 9.99709E-05
0.0574115 0.0572602 0.067584 0.427753 0.0410959 0.0498707 0.0607384 0.06261 0.175676
9.993E-05 9.993E-05 9.993E-05 9.993E-05 9.993E-05 9.993E-05 9.993E-05 9.993E-05 0.999201
0.0413892 0.0708725 0.0500407 0.259142 0.397437 0.0458036 0.0358884 0.0387646 0.0606621
0.0122245 0.0450179 0.0239701 0.863516 0.0122342 0.0216309 0.00129274 0.0133477 0.00676601
9.993E-05 9.993E-05 9.993E-05 9.993E-05 0.999201 9.993E-05 9.993E-05 9.993E-05 9.993E-05
9.9937E-05 0.00340616 9.9937E-05 0.995894 9.9937E-05 9.9937E-05 9.9937E-05 9.9937E-05 9.9937E-05
0.981913 0.0124064 0.00164499 9.9973E-05 0.000261021 0.00111258 9.9973E-05 9.9973E-05 0.00236162
0.954452 0.00235759 0.000832497 0.0271143 9.9973E-05 9.9973E-05 0.00789013 0.00705406 9.9973E-05
9.993E-05 0.999201 9.993E-05 9.993E-05 9.993E-05 9.993E-05 9.993E-05 9.993E-05 9.993E-05
0.0349038 0.571005 0.0332178 0.153186 0.0391515 0.0502352 0.0266522 0.0254602 0.0661879
9.9955E-05 9.9955E-05 0.00623552 9.9955E-05 9.9955E-05 9.9955E-05 0.968209 0.00115582 0.0238994
0.0158426 0.00345262 9.9973E-05 9.9973E-05 0.00812249 0.000807228 9.9973E-05 0.967549 0.0039259
9.9937E-05 9.9937E-05 9.9937E-05 9.9937E-05 0.00765591 0.991645 9.9937E-05 9.9937E-05 9.9937E-05
0.0196072 0.0294932 0.0170225 0.0394215 0.0078515 0.0326279 0.00312031 0.85023 0.000626361
0.0268011 0.0119343 0.0234868 0.186014 0.0021131 0.619897 0.00228189 0.0164866 0.110985
0.0588256 0.0423189 0.0301961 0.558082 0.0904538 0.0676234 0.0372245 0.0462776 0.0689987
9.993E-05 9.993E-05 0.999201 9.993E-05 9.993E-05 9.993E-05 9.993E-05 9.993E-05 9.993E-05
0.0616612 0.0373735 0.0536549 0.525518 0.10335 0.0507261 0.0467225 0.0455915 0.0754021
0.0351062 0.0325022 0.00788841 0.707259 0.0377355 0.0274562 0.0344888 0.0488453 0.0687182
9.993E-05 9.993E-05 9.993E-05 0.999201 9.993E-05 9.993E-05 9.993E-05 9.993E-05 9.993E-05
9.9973E-05 0.010688 0.00528768 0.0298076 9.9973E-05 9.9973E-05 0.00924486 0.00259095 0.942081
0.0675778 0.0631882 0.053044 0.43089 0.0396092 0.0468529 0.0465024 0.0596772 0.192659
0.0572724 0.0696313 0.0628455 0.271984 0.339501 0.0502403 0.0494416 0.0458683 0.0532154
9.999E-05 0.0270843 0.0118446 0.925124 0.0140943 0.0142708 0.00555382 0.00159677 0.000330953
9.993E-05 9.993E-05 9.993E-05 9.993E-05 0.999201 9.993E-05 9.993E-05 9.993E-05 9.993E-05
0.0205617 0.0343793 0.0119699 0.821678 0.0221186 0.0257968 0.019523 0.000503667 0.043469
0.996536 9.9937E-05 9.9937E-05 9.9937E-05 9.9937E-05 0.00276477 9.9937E-05 9.9937E-05 9.9937E-05
0.999201 9.993E-05 9.993E-05 9.993E-05 9.993E-05 9.993E-05 9.993E-05 9.993E-05 9.993E-05
9.993E-05 0.999201 9.993E-05 9.993E-05 9.993E-05 9.993E-05 9.993E-05 9.993E-05 9.993E-05
0.031135 0.580137 0.0286265 0.157593 0.0333596 0.0474405 0.016748 0.029521 0.0754397
9.9991E-05 0.0184616 0.0189574 0.0574091 0.0180907 0.0220911 0.837553 0.0178591 0.00947846
9.993E-05 9.993E-05 9.993E-05 9.993E-05 9.993E-05 9.993E-05 9.993E-05 0.999201 9.993E-05
9.993E-05 9.993E-05 9.993E-05 9.993E-05 9.993E-05 0.999201 9.993E-05 9.993E-05 9.993E-05
0.0279565 0.0333256 0.0181545 0.0635725 0.032064 0.0216711 0.0355426 0.73568 0.0320334
0.0238263 0.0135926 0.0327773 0.156542 9.9991E-05 0.628131 0.00815422 0.0171051 0.119771
0.0586883 0.0222525 0.023548 0.591316 0.107675 0.055536 0.0362027 0.0446201 0.060161
9.993E-05 9.993E-05 0.999201 9.993E-05 9.993E-05 9.993E-05 9.993E-05 9.993E-05 9.993E-05
0.0412484 0.0752621 0.0608935 0.369026 0.0835177 0.0540439 0.0477854 0.0578986 0.210324
0.0420236 0.0273243 0.0565286 0.56728 0.0963188 0.0440574 0.0477822 0.0411152 0.0775695
0.0299817 0.0427257 0.0166508 0.741932 0.0120671 0.0122756 0.044215 0.0235777 0.0765739
0.031381 0.00982387 0.0254068 0.78914 0.0306748 0.0181468 0.0259379 0.0367914 0.0326974
0.0324553 0.0435426 0.0329127 0.164491 0.020421 0.0674736 0.028884 0.0343985 0.575422
0.0633212 0.0496177 0.0659845 0.444059 0.0323826 0.0463511 0.0523935 0.0647888 0.181102
0.0126874 0.0213319 0.0240522 0.0512394 0.827166 0.00340694 0.0167117 0.0054724 0.0379322
0.000938395 0.0188726 0.0212705 0.938834 9.9982E-05 0.0120764 0.00136278 0.00644507 9.9982E-05
0.00750617 0.0136924 9.9991E-05 0.00867236 0.931295 0.0137971 0.00692963 0.0158409 0.00216611
9.993E-05 9.993E-05 9.993E-05 0.999201 9.993E-05 9.993E-05 9.993E-05 9.993E-05 9.993E-05
0.947969 0.0076544 9.9964E-05 9.9964E-05 0.0165183 0.0148139 9.9964E-05 9.9964E-05 0.0126447
0.999201 9.993E-05 9.993E-05 9.993E-05 9.993E-05 9.993E-05 9.993E-05 9.993E-05 9.993E-05
9.993E-05 0.999201 9.993E-05 9.993E-05 9.993E-05 9.993E-05 9.993E-05 9.993E-05 9.993E-05
0.00157059 0.904068 9.9987E-05 0.0356211 0.00533642 9.9987E-05 0.00450643 0.00809333 0.0406043
9.9937E-05 9.9937E-05 0.00348368 9.9937E-05 9.9937E-05 9.9937E-05 0.995817 9.9937E-05 9.9937E-05
9.993E-05 9.993E-05 9.993E-05 9.993E-05 9.993E-05 9.993E-05 9.993E-05 0.999201 9.993E-05
9.993E-05 9.993E-05 9.993E-05 9.993E-05 9.993E-05 0.999201 9.993E-05 9.993E-05 9.993E-05
9.993E-05 9.993E-05 9.993E-05 9.993E-05 9.993E-05 9.993E-05 9.993E-05 0.999201 9.993E-05
0.0240884 0.00416719 0.0279688 0.177877 9.9991E-05 0.629665 0.00978944 0.0120897 0.114254
0.0576865 0.0503535 0.0525558 0.464945 0.0399266 0.0244373 0.0413316 0.0893434 0.17942
9.9964E-05 9.9964E-05 0.972185 0.00511048 9.9964E-05 0.00641434 9.9964E-05 0.00842596 0.00746458
0.0410304 0.0775373 0.07026 0.338594 0.0809963 0.0649329 0.0518426 0.0644865 0.21032
0.0554519 0.0534393 0.0364894 0.483867 0.105301 0.0647653 0.0496522 0.0630491 0.0879844
0.0252383 0.029674 0.0154077 0.768675 0.0102542 0.0233608 0.0297397 0.0155173 0.0821335
0.00810956 0.0175988 9.9991E-05 0.823582 0.0400777 0.0137255 0.0130661 0.0314316 0.0523084
9.9955E-05 0.000392186 9.9955E-05 0.00341477 9.9955E-05 9.9955E-05 0.00309645 9.9955E-05 0.992597
0.0636922 0.0529922 0.0578376 0.427234 0.0483574 0.0481738 0.0557133 0.0819697 0.16403
0.018417 0.0305305 0.0287194 0.0320597 0.824625 0.00731647 0.0223095 0.00640575 0.0296171
9.99369E-05 0.0151117 9.99369E-05 0.984189 9.99369E-05 9.99369E-05 9.99369E-05 9.99369E-05 9.99369E-05
9.993E-05 9.993E-05 9.993E-05 9.993E-05 0.999201 9.993E-05 9.993E-05 9.993E-05 9.993E-05
9.9937E-05 9.9937E-05 9.9937E-05 0.987657 9.9937E-05 9.9937E-05 0.0116434 9.9937E-05 9.9937E-05
0.954387 9.9964E-05 0.00657336 9.9964E-05 0.0123374 0.0135146 9.9964E-05 9.9964E-05 0.0127873
0.994224 9.9946E-05 9.9946E-05 9.9946E-05 9.9946E-05 9.9946E-05 0.00145462 0.00372167 9.9946E-05
9.993E-05 0.999201 9.993E-05 9.993E-05 9.993E-05 9.993E-05 9.993E-05 9.993E-05 9.993E-05
9.993E-05 0.999201 9.993E-05 9.993E-05 9.993E-05 9.993E-05 9.993E-05 9.993E-05 9.993E-05
9.9964E-05 0.012402 0.00195649 9.9964E-05 0.00591469 0.0111351 0.968192 9.9964E-05 9.9964E-05
9.9964E-05 0.000289956 0.000425982 9.9964E-05 9.9964E-05 0.0158781 0.00655308 0.976453 9.9964E-05
0.0562218 0.0501329 0.0213889 0.246022 0.0476917 0.384206 0.0552282 0.0410958 0.0980134
9.9973E-05 0.00553247 0.00904798 9.9973E-05 0.00563347 0.0117094 0.00413421 0.963643 9.9973E-05
0.00427056 0.00128347 0.983003 0.00888165 9.9964E-05 9.9964E-05 9.9964E-05 0.0021618 9.9964E-05
0.0608698 0.0317601 0.044399 0.531012 0.134462 0.0638259 0.0312163 0.0284432 0.074012
0.0391247 0.0834838 0.0721626 0.33324 0.0853855 0.0491747 0.0536316 0.0678016 0.215996
0.0680261 0.0353352 0.0342614 0.465696 0.084035 0.0742755 0.0662447 0.0632884 0.108838
0.0344328 0.03327 0.0147967 0.762903 0.00763424 0.0220981 0.0351854 0.0229243 0.0667558
0.025968 0.0144059 0.0278679 0.713635 0.0324963 0.0510783 0.031823 0.0456896 0.0570357
9.993E-05 9.993E-05 9.993E-05 9.993E-05 9.993E-05 9.993E-05 9.993E-05 9.993E-05 0.999201
9.9946E-05 9.9946E-05 9.9946E-05 0.00121847 9.9946E-05 9.9946E-05 9.9946E-05 0.00361571 0.994566
0.0359171 0.0510353 0.0198822 0.45022 0.0382073 0.0370403 0.0614046 0.0877737 0.21852
0.0177866 0.0243234 0.0221218 0.0364888 0.838642 0.00672738 0.016982 9.9991E-05 0.0368282
9.993E-05 9.993E-05 9.993E-05 0.999201 9.993E-05 9.993E-05 9.993E-05 9.993E-05 9.993E-05
9.993E-05 9.993E-05 9.993E-05 9.993E-05 0.999201 9.993E-05 9.993E-05 9.993E-05 9.993E-05
9.9946E-05 9.9946E-05 9.9946E-05 0.987243 9.9946E-05 0.000728146 0.0114288 9.9946E-05 9.9946E-05
0.990853 9.9937E-05 9.9937E-05 9.9937E-05 9.9937E-05 9.9937E-05 9.9937E-05 9.9937E-05 0.00844789
0.00190862 0.96235 0.0108349 9.9964E-05 9.9964E-05 9.9964E-05 9.9964E-05 0.000912902 0.0235938
9.993E-05 9.993E-05 9.993E-05 9.993E-05 9.993E-05 9.993E-05 0.999201 9.993E-05 9.993E-05
0.0511345 0.0686641 0.0237197 0.221237 0.0160346 0.0397245 0.483069 0.0364861 0.0599309
0.0631446 0.0632838 0.0356953 0.31118 0.0539537 0.302306 0.0385664 0.0334364 0.0984341
9.993E-05 9.993E-05 9.993E-05 9.993E-05 9.993E-05 9.993E-05 9.993E-05 0.999201 9.993E-05
9.993E-05 9.993E-05 9.993E-05 9.993E-05 9.993E-05 0.999201 9.993E-05 9.993E-05 9.993E-05
0.00951971 0.0121448 0.0158829 0.024216 0.018886 0.0210784 0.00635449 0.860272 0.0316456
9.993E-05 9.993E-05 0.999201 9.993E-05 9.993E-05 9.993E-05 9.993E-05 9.993E-05 9.993E-05
0.0489487 0.0577079 0.0394632 0.507351 0.118767 0.0548349 0.0449322 0.0378105 0.0901855
0.0506986 0.0827748 0.0582223 0.346393 0.0831676 0.0809272 0.0467819 0.0655244 0.18551
0.0570865 0.0526476 0.0471521 0.47599 0.0818586 0.0620249 0.0471671 0.047701 0.128372
0.00550358 0.00238084 0.0238786 0.7588 0.0390259 0.0369277 0.0435762 0.0345253 0.0553814
0.0258579 0.00261707 0.0187853 0.8695 0.00279404 0.0301867 0.00800504 0.0340184 0.00823559
9.993E-05 9.993E-05 9.993E-05 9.993E-05 9.993E-05 9.993E-05 9.993E-05 9.993E-05 0.999201
0.027733 0.0380825 0.00792064 0.0772979 0.0351412 0.00259721 0.0112265 0.0245854 0.775416
0.0297706 0.036239 0.0297098 0.455393 0.0359175 0.038975 0.0589315 0.0787808 0.236282
0.0249732 0.027894 0.0321653 0.0365526 0.787074 9.9991E-05 0.0256686 0.0277744 0.0377982
9.99369E-05 0.0137434 9.99369E-05 0.985557 9.99369E-05 9.99369E-05 9.99369E-05 9.99369E-05 9.99369E-05
9.993E-05 9.993E-05 9.993E-05 9.993E-05 0.999201 9.993E-05 9.993E-05 9.993E-05 9.993E-05
0.999201 9.993E-05 9.993E-05 9.993E-05 9.993E-05 9.993E-05 9.993E-05 9.993E-05 9.993E-05
