9.993E-05 9.993E-05 9.993E-05 9.993E-05 0.999201 9.993E-05 9.993E-05 9.993E-05 9.993E-05
0.00309189 0.000415275 0.948207 9.9973E-05 0.0089772 9.9973E-05 0.027827 0.0111816 9.9973E-05
9.9955E-05 9.9955E-05 0.947563 9.9955E-05 9.9955E-05 9.9955E-05 0.041338 0.00714611 0.00345287
0.999201 9.993E-05 9.993E-05 9.993E-05 9.993E-05 9.993E-05 9.993E-05 9.993E-05 9.993E-05
0.999201 9.993E-05 9.993E-05 9.993E-05 9.993E-05 9.993E-05 9.993E-05 9.993E-05 9.993E-05
0.0504409 0.13607 0.0693143 0.0621941 0.0671839 0.412761 0.133142 0.0433486 0.0255449
9.993E-05 9.993E-05 9.993E-05 0.999201 9.993E-05 9.993E-05 9.993E-05 9.993E-05 9.993E-05
9.993E-05 9.993E-05 9.993E-05 9.993E-05 9.993E-05 0.999201 9.993E-05 9.993E-05 9.993E-05
0.0377995 0.465387 0.0420545 0.0496457 0.0572647 0.062977 0.15048 0.0272537 0.107139
9.9946E-05 9.9946E-05 0.0109691 0.0116107 9.9946E-05 9.9946E-05 9.9946E-05 0.97682 9.9946E-05
0.0810325 0.328459 0.0714393 0.0535513 0.0646396 0.0728249 0.184618 0.061399 0.0820369
0.0525406 0.217492 0.10362 0.0728378 0.0544487 0.0901109 0.238984 0.0711216 0.098844
9.99459E-05 0.991926 9.99459E-05 9.99459E-05 0.00444025 0.00303432 9.99459E-05 9.99459E-05 9.99459E-05
9.993E-05 0.999201 9.993E-05 9.993E-05 9.993E-05 9.993E-05 9.993E-05 9.993E-05 9.993E-05
0.0249291 0.192133 0.0375492 0.533287 0.0149369 0.0282456 0.128513 0.03715 0.00325684
0.0528862 0.137059 0.0520153 0.0172745 0.00482869 0.0613714 0.544573 0.0874709 0.0425215
0.042273 0.308426 0.0769652 0.015851 9.9991E-05 0.0807224 0.371165 0.0699204 0.0345765
0.0745191 0.279173 0.0612729 0.0785967 0.0646841 0.0764259 0.276584 0.0418961 0.0468479
0.023512 0.0146438 0.0444539 0.00765932 0.0270397 9.9991E-05 0.0518924 0.0267912 0.803908
0.0355262 0.0364866 0.0427595 0.0304535 0.0338044 0.022838 0.741601 0.00817361 0.0483574
9.9955E-05 0.00187326 9.9955E-05 9.9955E-05 9.9955E-05 0.00571794 0.00445931 9.9955E-05 0.98745
0.0130154 0.00367392 9.9973E-05 9.9973E-05 0.00463473 0.00625904 0.962632 9.9973E-05 0.00948511
0.0129757 0.0176039 0.00544245 0.0204292 0.933116 9.9982E-05 0.0052493 9.9982E-05 0.00498352
9.993E-05 9.993E-05 0.999201 9.993E-05 9.993E-05 9.993E-05 9.993E-05 9.993E-05 9.993E-05
9.9964E-05 9.9964E-05 0.916752 0.0123527 0.013127 9.9964E-05 0.0360269 0.0213416 9.9964E-05
0.999201 9.993E-05 9.993E-05 9.993E-05 9.993E-05 9.993E-05 9.993E-05 9.993E-05 9.993E-05
9.993E-05 9.993E-05 9.993E-05 0.999201 9.993E-05 9.993E-05 9.993E-05 9.993E-05 9.993E-05
9.993E-05 9.993E-05 9.993E-05 9.993E-05 9.993E-05 0.999201 9.993E-05 9.993E-05 9.993E-05
0.0144682 0.00229605 0.0153948 0.929578 0.010392 9.9991E-05 0.0172846 0.00689563 0.00359032
9.993E-05 9.993E-05 9.993E-05 9.993E-05 9.993E-05 0.999201 9.993E-05 9.993E-05 9.993E-05
0.0382563 0.515367 0.0239458 0.0381071 0.0367543 0.0738308 0.159064 0.00972622 0.104948
9.993E-05 9.993E-05 9.993E-05 9.993E-05 9.993E-05 9.993E-05 9.993E-05 0.999201 9.993E-05
0.068313 0.206465 0.0905171 0.111804 0.0951075 0.104176 0.161187 0.0585518 0.103879
9.99369E-05 0.999066 9.99369E-05 0.000234341 9.99369E-05 9.99369E-05 9.99369E-05 9.99369E-05 9.99369E-05
9.993E-05 0.999201 9.993E-05 9.993E-05 9.993E-05 9.993E-05 9.993E-05 9.993E-05 9.993E-05
0.0564441 0.318281 0.0696137 0.0587269 0.0549061 0.0552552 0.263271 0.0642854 0.0592173
0.0402368 0.13735 0.0441329 0.00516304 0.00756511 0.0662584 0.562714 0.0949052 0.0416743
0.0580637 0.248757 0.0504692 0.0554629 0.0331941 0.105618 0.313499 0.0622251 0.0727105
9.9955E-05 9.9955E-05 9.9955E-05 0.0049134 9.9955E-05 0.00531953 0.98615 0.00311735 9.9955E-05
9.993E-05 9.993E-05 9.993E-05 9.993E-05 9.993E-05 9.993E-05 9.993E-05 9.993E-05 0.999201
0.0330258 0.0501436 0.0235908 0.0127585 0.0404077 0.0359304 0.74615 0.0131704 0.0448227
9.993E-05 9.993E-05 9.993E-05 9.993E-05 0.999201 9.993E-05 9.993E-05 9.993E-05 9.993E-05
0.000737675 0.019425 9.9955E-05 9.9955E-05 0.957854 9.9955E-05 0.0214838 9.9955E-05 9.9955E-05
9.993E-05 9.993E-05 0.999201 9.993E-05 9.993E-05 9.993E-05 9.993E-05 9.993E-05 9.993E-05
9.999E-05 0.00631848 0.887582 0.0129654 0.0066211 0.0199998 0.0459526 0.0146488 0.00581139
0.999201 9.993E-05 9.993E-05 9.993E-05 9.993E-05 9.993E-05 9.993E-05 9.993E-05 9.993E-05
9.993E-05 9.993E-05 9.993E-05 0.999201 9.993E-05 9.993E-05 9.993E-05 9.993E-05 9.993E-05
0.0265356 0.190478 0.0287718 0.0272675 0.0297296 0.572724 0.0795192 0.0365484 0.00842608
9.993E-05 9.993E-05 9.993E-05 0.999201 9.993E-05 9.993E-05 9.993E-05 9.993E-05 9.993E-05
0.0244577 0.180501 0.0202087 0.0162678 0.0417485 0.591388 0.0862621 0.0372328 0.00193392
0.04012 0.467346 0.0404948 0.0509751 0.0682723 0.0576235 0.14256 0.0481297 0.0844793
9.9946E-05 9.9946E-05 9.9946E-05 9.9946E-05 0.00145902 0.0080634 9.9946E-05 0.989878 9.9946E-05
0.0637541 0.343403 0.0406142 0.0481879 0.0624807 0.0660254 0.208567 0.0558145 0.111154
0.0125487 0.974257 0.000559125 0.00607765 0.00236222 0.00389538 9.9973E-05 9.9973E-05 9.9973E-05
9.993E-05 0.999201 9.993E-05 9.993E-05 9.993E-05 9.993E-05 9.993E-05 9.993E-05 9.993E-05
0.0641341 0.284957 0.0727823 0.086835 0.0577041 0.0709241 0.230296 0.0780421 0.0543253
0.0467052 0.140854 0.0466646 0.00535621 9.9991E-05 0.0754166 0.558314 0.0787491 0.0478401
0.0377399 0.182197 0.0721282 0.0445027 0.0460995 0.0452446 0.130281 0.0410687 0.400738
0.00613741 0.00251113 0.0330891 0.0267509 0.02078 0.0211703 0.854377 0.0149815 0.0202027
9.993E-05 9.993E-05 9.993E-05 9.993E-05 9.993E-05 9.993E-05 9.993E-05 9.993E-05 0.999201
9.993E-05 9.993E-05 9.993E-05 9.993E-05 9.993E-05 9.993E-05 0.999201 9.993E-05 9.993E-05
9.9946E-05 9.9946E-05 0.00775095 9.9946E-05 0.990458 9.9946E-05 9.9946E-05 9.9946E-05 0.00119103
0.0089767 0.0104186 9.9964E-05 0.000943258 0.958895 9.9964E-05 0.020367 9.9964E-05 9.9964E-05
9.993E-05 9.993E-05 0.999201 9.993E-05 9.993E-05 9.993E-05 9.993E-05 9.993E-05 9.993E-05
0.0255699 0.100234 0.571356 0.0201331 0.028819 0.0572034 0.122686 0.0330956 0.0409022
0.957872 9.9982E-05 0.00638422 9.9982E-05 0.00992937 0.00615231 0.0124592 0.000868381 0.00613412
9.9982E-05 0.00282213 0.000506916 0.970888 0.00358353 0.0113645 9.9982E-05 0.00737513 0.00326025
0.0089368 9.9973E-05 0.00558111 9.9973E-05 0.00195377 0.977381 9.9973E-05 0.00552524 0.000322584
0.00773594 0.0255144 0.0230393 0.833575 0.0167622 0.0171439 0.0326442 0.0235327 0.0200522
0.0149818 0.184204 0.0126202 0.015914 0.0319857 0.6271 0.0690216 0.0389421 0.00522995
0.0488185 0.425067 0.0389162 0.0601228 0.0688479 0.0656455 0.153678 0.0408841 0.0980199
9.993E-05 9.993E-05 9.993E-05 9.993E-05 9.993E-05 9.993E-05 9.993E-05 0.999201 9.993E-05
0.0522023 0.392755 0.0651802 0.0560424 0.0622194 0.0502377 0.140756 0.0520621 0.128545
0.0327397 0.682611 0.0246675 0.0385564 0.0353988 0.0352048 0.101906 0.0156349 0.0332816
9.993E-05 0.999201 9.993E-05 9.993E-05 9.993E-05 9.993E-05 9.993E-05 9.993E-05 9.993E-05
0.0323568 0.309323 0.0968568 0.00620327 0.00255096 0.0707299 0.370657 0.0662505 0.0450718
0.0772567 0.282622 0.078412 0.0700352 0.0705162 0.0482764 0.253053 0.0629988 0.0568302
0.0439107 0.181572 0.0819314 0.0462042 0.0418514 0.0605001 0.123452 0.0497178 0.370861
0.00724054 9.9991E-05 0.020854 0.0058506 0.00624533 0.0176237 0.931645 0.00252165 0.00791917
9.993E-05 9.993E-05 9.993E-05 9.993E-05 9.993E-05 9.993E-05 9.993E-05 9.993E-05 0.999201
0.0198158 0.0427744 0.0299302 0.0111252 0.0176434 0.0276538 0.828533 0.00291535 0.0196085
9.9946E-05 9.9946E-05 9.9946E-05 9.9946E-05 0.995278 0.000977045 9.9946E-05 9.9946E-05 0.00314561
9.993E-05 9.993E-05 9.993E-05 9.993E-05 0.999201 9.993E-05 9.993E-05 9.993E-05 9.993E-05
9.993E-05 9.993E-05 0.999201 9.993E-05 9.993E-05 9.993E-05 9.993E-05 9.993E-05 9.993E-05
0.0279517 0.0678044 0.57354 0.0332066 0.0322239 0.048265 0.141275 0.0367826 0.0389506
0.843083 0.0388464 0.0264704 0.0154582 0.013309 0.0181624 0.0247907 0.00429875 0.015581
9.993E-05 9.993E-05 9.993E-05 0.999201 9.993E-05 9.993E-05 9.993E-05 9.993E-05 9.993E-05
9.993E-05 9.993E-05 9.993E-05 9.993E-05 9.993E-05 0.999201 9.993E-05 9.993E-05 9.993E-05
0.0401048 0.0248919 0.0445524 0.739931 0.0390724 0.027875 0.0404432 0.0240972 0.0190319
0.0168835 0.192599 0.00637444 0.0168788 0.0307856 0.637794 0.0720123 0.0265716 9.9991E-05
0.045343 0.472313 0.0303448 0.0493132 0.0580926 0.0627142 0.156826 0.0297544 0.0952986
9.993E-05 9.993E-05 9.993E-05 9.993E-05 9.993E-05 9.993E-05 9.993E-05 0.999201 9.993E-05
0.0644371 0.244012 0.0916285 0.0610511 0.0487765 0.0803868 0.250689 0.0696876 0.0893312
0.045731 0.433557 0.0398408 0.0294781 0.0543198 0.0637363 0.163201 0.0606192 0.109517
0.0374372 0.681556 0.0359602 0.0141929 0.0351602 0.0166174 0.133402 0.0333312 0.0123439
0.0222726 0.825194 0.00723695 0.0218873 0.0260994 0.0163519 0.0295579 0.0289432 0.0224563
0.0607087 0.273419 0.0860822 0.0433007 0.0338596 0.100186 0.293592 0.0620678 0.0467829
0.0876924 0.276173 0.074064 0.0750573 0.0729367 0.0530213 0.235839 0.0712039 0.0540124
0.0249865 0.0129088 0.0292849 0.00349543 0.0166472 9.9991E-05 0.0515023 0.027548 0.833527
9.9955E-05 9.9955E-05 9.9955E-05 0.0158102 0.00454613 9.9955E-05 0.969775 0.00936936 9.9955E-05
0.00516589 9.9991E-05 0.0146529 0.0140908 0.0129086 0.0150076 0.0156644 0.00207522 0.920335
9.993E-05 9.993E-05 9.993E-05 9.993E-05 9.993E-05 9.993E-05 0.999201 9.993E-05 9.993E-05
9.9964E-05 9.9964E-05 0.0151046 9.9964E-05 0.95071 0.0184416 9.9964E-05 0.0114121 0.00393195
9.993E-05 9.993E-05 9.993E-05 9.993E-05 0.999201 9.993E-05 9.993E-05 9.993E-05 9.993E-05
9.993E-05 9.993E-05 0.999201 9.993E-05 9.993E-05 9.993E-05 9.993E-05 9.993E-05 9.993E-05
0.00267309 9.9991E-05 0.92044 0.00761352 0.01417 0.00120319 0.030042 0.017657 0.0061009
0.993678 9.9946E-05 9.9946E-05 0.000269937 0.00545249 9.9946E-05 9.9946E-05 9.9946E-05 9.9946E-05
9.993E-05 9.993E-05 9.993E-05 0.999201 9.993E-05 9.993E-05 9.993E-05 9.993E-05 9.993E-05
9.993E-05 9.993E-05 9.993E-05 9.993E-05 9.993E-05 0.999201 9.993E-05 9.993E-05 9.993E-05
9.993E-05 9.993E-05 9.993E-05 0.999201 9.993E-05 9.993E-05 9.993E-05 9.993E-05 9.993E-05
0.0144121 0.191947 0.0154949 0.0110934 0.0305185 0.630491 0.0644216 0.0415216 9.9991E-05
0.0500726 0.330171 0.0659985 0.0853452 0.0569961 0.0436349 0.254171 0.0583469 0.0552641
0.000383722 0.00549617 9.9973E-05 0.00690661 0.00232863 9.9973E-05 0.0044997 0.980085 9.9973E-05
0.0549231 0.228128 0.103032 0.0656454 0.0430996 0.0759265 0.24935 0.0796613 0.100235
0.0554308 0.349173 0.0505183 0.0625834 0.0524052 0.0767671 0.2053 0.0391046 0.108717
0.0329812 0.703493 0.0362201 0.00585705 0.0313335 0.0297484 0.125102 0.0193839 0.0158807
0.00654267 0.802089 0.0228847 0.0273152 0.0104842 0.0104346 0.0671745 0.00425248 0.0488224
0.0447539 0.334813 0.0658412 9.9982E-05 9.9982E-05 0.0680807 0.396191 0.0675982 0.0225221
0.0673022 0.277816 0.0857859 0.0836685 0.0733381 0.0553242 0.228853 0.0625538 0.0653586
0.0202366 0.0211057 0.0300056 0.00625174 0.0267178 0.00845076 0.0320512 0.0211433 0.834037
9.993E-05 9.993E-05 9.993E-05 9.993E-05 9.993E-05 9.993E-05 0.999201 9.993E-05 9.993E-05
9.993E-05 9.993E-05 9.993E-05 9.993E-05 9.993E-05 9.993E-05 9.993E-05 9.993E-05 0.999201
9.993E-05 9.993E-05 9.993E-05 9.993E-05 9.993E-05 9.993E-05 0.999201 9.993E-05 9.993E-05
0.000947398 9.9991E-05 0.0147107 0.00658486 0.951864 0.0115549 0.00974552 0.00019195 0.00430057
9.993E-05 9.993E-05 9.993E-05 9.993E-05 0.999201 9.993E-05 9.993E-05 9.993E-05 9.993E-05
9.993E-05 9.993E-05 0.999201 9.993E-05 9.993E-05 9.993E-05 9.993E-05 9.993E-05 9.993E-05
9.993E-05 9.993E-05 0.999201 9.993E-05 9.993E-05 9.993E-05 9.993E-05 9.993E-05 9.993E-05
0.97887 9.9973E-05 0.00485579 0.0010362 9.9973E-05 0.00961666 9.9973E-05 0.00427591 0.00104541
0.00115998 9.9982E-05 0.00202137 0.970408 0.00141213 0.0117583 0.00542655 0.00761375 9.9982E-05
0.0596595 0.157474 0.0542128 0.0459378 0.0513439 0.399916 0.140927 0.0340286 0.0565009
0.00447402 0.0124712 0.00360086 0.962931 9.9973E-05 0.000960224 9.9973E-05 0.0152625 9.9973E-05
9.9955E-05 9.9955E-05 9.9955E-05 9.9955E-05 0.00129475 0.000566997 9.9955E-05 0.997303 0.000335552
0.0337068 0.405741 0.0464009 0.0293422 0.072275 0.0643158 0.159243 0.0517346 0.13724
0.0713292 0.230373 0.100741 0.0708123 0.052308 0.0669546 0.229887 0.0851036 0.0924908
0.0669763 0.327316 0.0388256 0.0676495 0.0735455 0.0896269 0.206401 0.0497297 0.07993
0.043021 0.708291 0.0387877 0.0228489 0.0324513 0.0210986 0.104478 0.0257336 0.00329
0.028897 0.684046 0.0165053 0.0470408 0.025543 0.0549551 0.0853835 0.0316794 0.0259499
0.047057 0.132274 0.0534193 0.00944699 0.00144579 0.0613382 0.55711 0.0833048 0.0546032
0.034244 0.320607 0.062534 0.0057258 0.00477293 0.0699934 0.400353 0.0673583 0.0344115
0.0695633 0.335398 0.0519894 0.0964418 0.0449062 0.0567275 0.241644 0.0555466 0.0477827
0.0211989 9.9991E-05 0.0344693 0.00302469 0.0243354 0.000979738 0.0387457 0.00863303 0.868513
9.993E-05 9.993E-05 9.993E-05 9.993E-05 9.993E-05 9.993E-05 0.999201 9.993E-05 9.993E-05
9.993E-05 9.993E-05 9.993E-05 9.993E-05 9.993E-05 9.993E-05 9.993E-05 9.993E-05 0.999201
9.993E-05 9.993E-05 9.993E-05 9.993E-05 9.993E-05 9.993E-05 0.999201 9.993E-05 9.993E-05
9.9946E-05 9.9946E-05 9.9946E-05 9.9946E-05 0.994942 0.00275869 9.9946E-05 9.9946E-05 0.00169949
9.9964E-05 9.9964E-05 0.96917 0.00228788 0.00271965 9.9964E-05 0.0108134 0.0146091 9.9964E-05
0.999201 9.993E-05 9.993E-05 9.993E-05 9.993E-05 9.993E-05 9.993E-05 9.993E-05 9.993E-05
0.50069 0.135745 0.0664629 0.0363795 0.0489601 0.0483805 0.118128 0.0301942 0.0150607
0.0440241 0.200922 0.0717334 0.0365768 0.0620482 0.315403 0.174323 0.049408 0.0455615
9.993E-05 9.993E-05 9.993E-05 0.999201 9.993E-05 9.993E-05 9.993E-05 9.993E-05 9.993E-05
9.993E-05 9.993E-05 9.993E-05 9.993E-05 9.993E-05 0.999201 9.993E-05 9.993E-05 9.993E-05
0.0108594 0.0420501 0.0263151 0.84463 0.0198176 0.0125855 9.9991E-05 0.0208808 0.0227619
9.993E-05 9.993E-05 9.993E-05 9.993E-05 9.993E-05 9.993E-05 9.993E-05 0.999201 9.993E-05
0.0550846 0.371236 0.0634283 0.0450588 0.0553453 0.0702864 0.17249 0.0425657 0.124504
0.0504854 0.213781 0.103231 0.0692366 0.061248 0.0891908 0.242727 0.0755442 0.0945559
0.0506991 0.364614 0.0544739 0.0568427 0.0617224 0.0697324 0.202736 0.0440115 0.0951686
0.0391718 0.746571 0.00845755 0.0199175 0.00963811 0.0417351 0.0775179 0.0201339 0.0368573
9.9973E-05 0.912495 0.00108946 0.0166055 0.0267312 0.0258513 9.9973E-05 0.0169274 9.9973E-05
0.0478735 0.131917 0.0562854 0.0167704 0.00233693 0.079038 0.545222 0.0931672 0.0273892
0.0662173 0.294488 0.0735738 0.00859572 0.0205646 0.0663742 0.342469 0.0799519 0.0477652
0.0799688 0.340326 0.0483402 0.0901046 0.0306428 0.057843 0.248024 0.0566085 0.0481421
0.0325329 0.013973 0.0301894 0.0168413 0.0257478 0.00875187 0.0339195 0.033414 0.80463
9.993E-05 9.993E-05 9.993E-05 9.993E-05 9.993E-05 9.993E-05 0.999201 9.993E-05 9.993E-05
9.993E-05 9.993E-05 9.993E-05 9.993E-05 9.993E-05 9.993E-05 9.993E-05 9.993E-05 0.999201
9.993E-05 9.993E-05 9.993E-05 9.993E-05 0.999201 9.993E-05 9.993E-05 9.993E-05 9.993E-05
