9.98831E-05 0.998702 9.98831E-05 9.98831E-05 9.98831E-05 9.98831E-05 9.98831E-05 9.98831E-05 9.98831E-05 9.98831E-05 9.98831E-05 9.98831E-05 9.98831E-05 9.98831E-05
9.993E-05 9.993E-05 9.993E-05 9.993E-05 0.00426778 9.993E-05 0.00953076 0.00789399 0.0149466 9.993E-05 9.993E-05 0.0030449 0.944551 0.0150658
0.00450462 0.00209505 9.9946E-05 9.9946E-05 0.0138553 9.9946E-05 0.0241148 0.0134839 0.00275059 9.9946E-05 9.9946E-05 9.9946E-05 0.928718 0.00987796
9.9883E-05 9.9883E-05 9.9883E-05 9.9883E-05 9.9883E-05 9.9883E-05 9.9883E-05 9.9883E-05 9.9883E-05 9.9883E-05 0.998702 9.9883E-05 9.9883E-05 9.9883E-05
9.9883E-05 9.9883E-05 9.9883E-05 9.9883E-05 9.9883E-05 9.9883E-05 9.9883E-05 9.9883E-05 9.9883E-05 9.9883E-05 0.998702 9.9883E-05 9.9883E-05 9.9883E-05
0.0244019 0.0571605 0.0830877 0.119124 0.0222145 0.321025 0.03807 0.0678354 0.0405458 0.0670074 0.0284658 0.0506681 0.0451092 0.0352844
9.9883E-05 9.9883E-05 9.9883E-05 9.9883E-05 9.9883E-05 9.9883E-05 9.9883E-05 9.9883E-05 9.9883E-05 9.9883E-05 9.9883E-05 0.998702 9.9883E-05 9.9883E-05
9.9883E-05 9.9883E-05 9.9883E-05 9.9883E-05 9.9883E-05 0.998702 9.9883E-05 9.9883E-05 9.9883E-05 9.9883E-05 9.9883E-05 9.9883E-05 9.9883E-05 9.9883E-05
9.98829E-05 9.98829E-05 9.98829E-05 9.98829E-05 9.98829E-05 9.98829E-05 9.98829E-05 9.98829E-05 0.998702 9.98829E-05 9.98829E-05 9.98829E-05 9.98829E-05 9.98829E-05
9.9919E-05 0.000169695 9.9919E-05 9.9919E-05 9.9919E-05 9.9919E-05 9.9919E-05 9.9919E-05 9.9919E-05 0.0104828 0.000453816 9.9919E-05 0.0221284 0.965866
0.0611604 0.047621 0.0420694 0.0866641 0.0223924 0.0235092 0.0460253 0.0911465 0.347172 0.0764913 0.0452755 0.0335491 0.0468867 0.030037
0.0776028 0.0393568 0.0373763 0.265858 0.0519052 0.0366299 0.0585961 0.109995 0.0544409 0.0719556 0.0244683 0.0561107 0.0747937 0.0409107
9.9955E-05 0.00810113 9.9955E-05 0.00280974 0.0095523 0.00845077 9.9955E-05 0.00920414 9.9955E-05 0.949001 0.00325329 0.00897574 9.9955E-05 0.000152537
9.98829E-05 9.98829E-05 9.98829E-05 9.98829E-05 9.98829E-05 9.98829E-05 9.98829E-05 9.98829E-05 9.98829E-05 0.998702 9.98829E-05 9.98829E-05 9.98829E-05 9.98829E-05
9.98922E-05 9.98922E-05 9.98922E-05 0.574242 9.98922E-05 9.98922E-05 9.98922E-05 9.98922E-05 9.98922E-05 9.98922E-05 9.98922E-05 0.42456 9.98922E-05 9.98922E-05
9.9901E-05 9.9901E-05 9.9901E-05 9.9901E-05 0.993521 0.00262139 9.9901E-05 9.9901E-05 9.9901E-05 0.00275865 9.9901E-05 9.9901E-05 9.9901E-05 9.9901E-05
9.98829E-05 9.98829E-05 9.98829E-05 9.98829E-05 9.98829E-05 9.98829E-05 0.998702 9.98829E-05 9.98829E-05 9.98829E-05 9.98829E-05 9.98829E-05 9.98829E-05 9.98829E-05
0.018543 0.0246153 0.0135318 0.707428 0.00335592 0.0170044 0.0112142 0.055518 0.0407144 0.0349441 0.0272022 0.0252845 0.0205447 9.9991E-05
0.773844 0.0210439 9.9973E-05 0.0184616 0.00674553 9.9973E-05 0.0279936 0.0188077 0.03001 9.9973E-05 0.0229531 0.00858865 0.0359329 0.0353194
0.0319953 0.0298163 0.016833 0.00386427 0.0157214 0.0252613 0.0183392 0.702375 0.0218557 0.0190499 0.0405112 0.0248306 0.0374853 0.0120612
0.984263 9.9928E-05 9.9928E-05 9.9928E-05 0.00250456 9.9928E-05 0.00511439 9.9928E-05 9.9928E-05 0.00116095 0.00137628 9.9928E-05 0.00478126 9.9928E-05
0.0177843 0.00215763 0.00909597 9.9964E-05 9.9964E-05 0.0064194 0.0115868 0.900348 0.0149372 0.0254423 0.00873989 9.9964E-05 9.9964E-05 0.00308884
9.9955E-05 0.914258 0.00354156 0.0303313 9.9955E-05 9.9955E-05 9.9955E-05 0.0197856 0.015109 0.00258276 9.9955E-05 0.00572581 0.00362296 0.00454332
9.9883E-05 9.9883E-05 9.9883E-05 9.9883E-05 9.9883E-05 9.9883E-05 9.9883E-05 9.9883E-05 9.9883E-05 9.9883E-05 9.9883E-05 9.9883E-05 0.998702 9.9883E-05
9.995E-05 9.995E-05 9.995E-05 9.995E-05 0.00852373 9.995E-05 0.0179678 0.0317896 0.00591745 0.00129601 0.00259934 0.00940738 0.909974 0.0120247
9.9883E-05 9.9883E-05 9.9883E-05 9.9883E-05 9.9883E-05 9.9883E-05 9.9883E-05 9.9883E-05 9.9883E-05 9.9883E-05 0.998702 9.9883E-05 9.9883E-05 9.9883E-05
9.98831E-05 9.98831E-05 9.98831E-05 9.98831E-05 9.98831E-05 9.98831E-05 9.98831E-05 9.98831E-05 9.98831E-05 9.98831E-05 9.98831E-05 0.998702 9.98831E-05 9.98831E-05
9.9883E-05 9.9883E-05 9.9883E-05 9.9883E-05 9.9883E-05 0.998702 9.9883E-05 9.9883E-05 9.9883E-05 9.9883E-05 9.9883E-05 9.9883E-05 9.9883E-05 9.9883E-05
9.9973E-05 0.00304678 0.010796 0.00102038 0.0109448 9.9973E-05 9.9973E-05 0.0169308 0.00925919 0.000836716 0.00163313 0.934794 0.00956718 0.000871239
9.9928E-05 9.9928E-05 9.9928E-05 0.0103809 9.9928E-05 0.970773 0.00642626 9.9928E-05 0.00740268 9.9928E-05 9.9928E-05 9.9928E-05 0.00202607 0.00219119
9.98828E-05 9.98828E-05 9.98828E-05 9.98828E-05 9.98828E-05 9.98828E-05 9.98828E-05 9.98828E-05 0.998702 9.98828E-05 9.98828E-05 9.98828E-05 9.98828E-05 9.98828E-05
9.98831E-05 9.98831E-05 9.98831E-05 9.98831E-05 9.98831E-05 9.98831E-05 9.98831E-05 9.98831E-05 9.98831E-05 9.98831E-05 9.98831E-05 9.98831E-05 9.98831E-05 0.998702
0.0775136 0.0829274 0.0285549 0.0815616 0.031514 0.0531406 0.022133 0.07848 0.172109 0.0905599 0.0554916 0.0848749 0.0911346 0.0500051
9.9946E-05 0.00363177 0.0017273 0.0102317 0.00477534 9.9946E-05 9.9946E-05 0.012082 9.9946E-05 0.960439 0.00348735 0.00302633 9.9946E-05 9.9946E-05
9.98829E-05 9.98829E-05 9.98829E-05 9.98829E-05 9.98829E-05 9.98829E-05 9.98829E-05 9.98829E-05 9.98829E-05 0.998702 9.98829E-05 9.98829E-05 9.98829E-05 9.98829E-05
0.00480815 0.0123002 9.9946E-05 0.918649 0.0158816 9.9946E-05 0.0241529 0.00152535 0.0166054 0.00547818 9.9946E-05 9.9946E-05 9.9946E-05 9.9946E-05
9.9883E-05 9.9883E-05 9.9883E-05 9.9883E-05 0.998702 9.9883E-05 9.9883E-05 9.9883E-05 9.9883E-05 9.9883E-05 9.9883E-05 9.9883E-05 9.9883E-05 9.9883E-05
0.0414983 0.0237447 0.0282216 0.141294 0.0474892 0.0354178 0.426782 0.0886593 0.0368463 0.0447577 0.0298807 0.0344382 0.0124055 0.00856451
0.00127144 0.000997856 0.0120854 0.0142335 9.9946E-05 9.9946E-05 0.00160457 0.953663 9.9946E-05 9.9946E-05 9.9946E-05 0.00830709 9.9946E-05 0.00723757
0.998702 9.98829E-05 9.98829E-05 9.98829E-05 9.98829E-05 9.98829E-05 9.98829E-05 9.98829E-05 9.98829E-05 9.98829E-05 9.98829E-05 9.98829E-05 9.98829E-05 9.98829E-05
0.0335521 0.0377757 0.0265087 0.0291682 0.0166374 0.0149855 0.0358255 0.676796 0.0189788 0.0366876 0.0241968 0.0201704 0.0163299 0.0123874
9.98831E-05 0.998702 9.98831E-05 9.98831E-05 9.98831E-05 9.98831E-05 9.98831E-05 9.98831E-05 9.98831E-05 9.98831E-05 9.98831E-05 9.98831E-05 9.98831E-05 9.98831E-05
9.9946E-05 0.936474 9.9946E-05 0.0198681 9.9946E-05 9.9946E-05 0.00092285 0.0116701 0.00914369 0.00381151 0.0141473 0.00336327 9.9946E-05 9.9946E-05
9.9883E-05 9.9883E-05 9.9883E-05 9.9883E-05 9.9883E-05 9.9883E-05 9.9883E-05 9.9883E-05 9.9883E-05 9.9883E-05 9.9883E-05 9.9883E-05 0.998702 9.9883E-05
0.00588694 0.0048428 0.0127159 9.9991E-05 0.0145009 0.0113861 0.0131781 0.0280898 0.00610367 0.00874826 0.00598453 0.00147478 0.874755 0.0122328
9.98831E-05 9.98831E-05 9.98831E-05 9.98831E-05 9.98831E-05 9.98831E-05 9.98831E-05 9.98831E-05 9.98831E-05 9.98831E-05 0.998702 9.98831E-05 9.98831E-05 9.98831E-05
0.00158354 9.9892E-05 9.9892E-05 9.9892E-05 9.9892E-05 9.9892E-05 9.9892E-05 9.9892E-05 9.9892E-05 9.9892E-05 9.9892E-05 0.997218 9.9892E-05 9.9892E-05
0.00779389 9.9919E-05 0.983005 9.9919E-05 9.9919E-05 9.9919E-05 0.00292232 0.00153984 9.9919E-05 9.9919E-05 9.9919E-05 0.00383926 9.9919E-05 9.9919E-05
9.9883E-05 9.9883E-05 9.9883E-05 9.9883E-05 9.9883E-05 9.9883E-05 9.9883E-05 9.9883E-05 9.9883E-05 9.9883E-05 9.9883E-05 0.998702 9.9883E-05 9.9883E-05
9.9892E-05 0.00811933 0.990682 9.9892E-05 9.9892E-05 9.9892E-05 9.9892E-05 9.9892E-05 9.9892E-05 9.9892E-05 9.9892E-05 9.9892E-05 9.9892E-05 9.9892E-05
9.98828E-05 9.98828E-05 9.98828E-05 9.98828E-05 9.98828E-05 9.98828E-05 9.98828E-05 9.98828E-05 0.998702 9.98828E-05 9.98828E-05 9.98828E-05 9.98828E-05 9.98828E-05
9.9937E-05 0.000491267 0.000196112 9.9937E-05 9.9937E-05 0.00545005 9.9937E-05 9.9937E-05 0.0107283 9.9937E-05 9.9937E-05 0.000976867 0.00747402 0.973984
0.0565078 0.0265085 0.0269986 0.140819 9.9991E-05 0.0101195 0.0391049 0.0876967 0.422689 0.0872223 0.0311413 0.0194261 0.0198757 0.0317913
9.9946E-05 0.0134174 9.9946E-05 0.00991954 0.00495777 0.013241 9.9946E-05 0.00484544 9.9946E-05 0.931211 0.00740793 9.9946E-05 0.0144 9.9946E-05
9.99189E-05 0.00509326 9.99189E-05 9.99189E-05 9.99189E-05 9.99189E-05 9.99189E-05 9.99189E-05 0.00513338 0.984664 9.99189E-05 9.99189E-05 0.00198168 0.0022281
9.9901E-05 9.9901E-05 0.00531776 0.989848 9.9901E-05 9.9901E-05 9.9901E-05 9.9901E-05 9.9901E-05 9.9901E-05 9.9901E-05 9.9901E-05 0.00373505 9.9901E-05
9.98831E-05 9.98831E-05 9.98831E-05 9.98831E-05 0.998702 9.98831E-05 9.98831E-05 9.98831E-05 9.98831E-05 9.98831E-05 9.98831E-05 9.98831E-05 9.98831E-05 9.98831E-05
0.362307 0.0280544 0.0157976 0.0879861 0.00453103 0.0305478 0.0128089 0.0729209 0.18286 0.052142 0.0315274 0.0292659 0.0530726 0.0361779
0.0171883 0.00866092 0.00626298 0.0355841 0.00246593 0.00976383 0.0125314 0.827168 9.9991E-05 0.00569687 0.00347274 0.0231823 0.0304296 0.0174932
0.998702 9.9883E-05 9.9883E-05 9.9883E-05 9.9883E-05 9.9883E-05 9.9883E-05 9.9883E-05 9.9883E-05 9.9883E-05 9.9883E-05 9.9883E-05 9.9883E-05 9.9883E-05
9.9883E-05 9.9883E-05 9.9883E-05 9.9883E-05 9.9883E-05 9.9883E-05 9.9883E-05 0.998702 9.9883E-05 9.9883E-05 9.9883E-05 9.9883E-05 9.9883E-05 9.9883E-05
0.00719409 0.985404 9.99011E-05 9.99011E-05 9.99011E-05 9.99011E-05 9.99011E-05 9.99011E-05 9.99011E-05 9.99011E-05 9.99011E-05 9.99011E-05 0.00630298 9.99011E-05
9.9937E-05 0.945343 9.9937E-05 0.0220604 9.9937E-05 9.9937E-05 9.9937E-05 0.0167069 9.9937E-05 0.00755291 0.00253417 0.00289823 9.9937E-05 0.00220489
9.9883E-05 9.9883E-05 9.9883E-05 9.9883E-05 9.9883E-05 9.9883E-05 9.9883E-05 9.9883E-05 9.9883E-05 9.9883E-05 9.9883E-05 9.9883E-05 0.998702 9.9883E-05
0.028268 0.0241327 0.0114596 0.0875116 0.0206106 0.0385868 0.00853605 0.0739665 0.0138513 0.0472294 0.0231566 0.028817 0.56835 0.0255238
0.00261024 9.9937E-05 9.9937E-05 0.0141639 0.0059824 9.9937E-05 0.00720424 9.9937E-05 0.00804374 9.9937E-05 0.956811 9.9937E-05 9.9937E-05 0.00448535
9.9946E-05 0.00771886 0.000871438 9.9946E-05 0.0118937 9.9946E-05 0.00462026 0.00444564 0.00329451 9.9946E-05 9.9946E-05 0.963672 9.9946E-05 0.00288343
0.00364166 0.00895207 9.9964E-05 9.9964E-05 9.9964E-05 0.943069 0.000841536 0.00519511 9.9964E-05 0.00265472 0.00169811 0.00580695 0.0169661 0.0107749
0.00920136 0.012587 0.0145506 0.0133941 0.00879732 0.010399 9.9982E-05 0.0263537 0.0209619 9.9982E-05 0.00924756 0.841223 0.0172038 0.015881
9.98829E-05 9.98829E-05 0.998702 9.98829E-05 9.98829E-05 9.98829E-05 9.98829E-05 9.98829E-05 9.98829E-05 9.98829E-05 9.98829E-05 9.98829E-05 9.98829E-05 9.98829E-05
0.0104136 0.0107337 9.99549E-05 9.99549E-05 9.99549E-05 0.00623684 0.0104324 9.99549E-05 0.922646 0.00411119 0.0142863 0.00690859 9.99549E-05 0.0137321
9.98831E-05 9.98831E-05 9.98831E-05 9.98831E-05 9.98831E-05 9.98831E-05 9.98831E-05 9.98831E-05 9.98831E-05 9.98831E-05 9.98831E-05 9.98831E-05 9.98831E-05 0.998702
0.0515619 0.0250237 0.00596279 0.0902848 0.000929858 0.0213755 0.0228274 0.0325361 0.540369 0.0801427 0.0265462 0.0261413 0.0303309 0.0459675
0.0341813 0.035106 0.00190173 0.0869138 0.0259933 0.0275159 0.0321338 0.0735874 0.0471125 0.553078 0.0188779 0.0249465 0.0222339 0.0164177
9.98828E-05 9.98828E-05 9.98828E-05 9.98828E-05 9.98828E-05 9.98828E-05 9.98828E-05 9.98828E-05 9.98828E-05 0.998702 9.98828E-05 9.98828E-05 9.98828E-05 9.98828E-05
9.98829E-05 9.98829E-05 9.98829E-05 9.98829E-05 9.98829E-05 9.98829E-05 0.998702 9.98829E-05 9.98829E-05 9.98829E-05 9.98829E-05 9.98829E-05 9.98829E-05 9.98829E-05
9.98919E-05 0.00334013 9.98919E-05 0.995461 9.98919E-05 9.98919E-05 9.98919E-05 9.98919E-05 9.98919E-05 9.98919E-05 9.98919E-05 9.98919E-05 9.98919E-05 9.98919E-05
0.330878 0.0544352 0.010259 0.0642555 0.0153459 0.0489097 0.0313833 0.0679696 0.156942 0.06077 0.0350188 0.0372762 0.05127 0.0352867
0.00845986 0.0106236 0.0240533 0.0189617 9.9973E-05 0.0044556 0.0065169 0.902319 9.9973E-05 0.000666071 9.9973E-05 0.00646021 0.0166686 0.000515588
0.998702 9.98829E-05 9.98829E-05 9.98829E-05 9.98829E-05 9.98829E-05 9.98829E-05 9.98829E-05 9.98829E-05 9.98829E-05 9.98829E-05 9.98829E-05 9.98829E-05 9.98829E-05
0.021691 0.0215295 0.00725543 0.0345843 0.021386 0.0174865 0.0270612 0.746591 0.0110715 0.0445036 0.0178447 0.00686932 0.0220264 9.9991E-05
9.98921E-05 0.997674 9.98921E-05 9.98921E-05 0.00112718 9.98921E-05 9.98921E-05 9.98921E-05 9.98921E-05 9.98921E-05 9.98921E-05 9.98921E-05 9.98921E-05 9.98921E-05
9.98921E-05 0.996491 9.98921E-05 9.98921E-05 9.98921E-05 9.98921E-05 9.98921E-05 9.98921E-05 9.98921E-05 9.98921E-05 9.98921E-05 0.00230982 9.98921E-05 9.98921E-05
9.98829E-05 9.98829E-05 9.98829E-05 9.98829E-05 9.98829E-05 9.98829E-05 9.98829E-05 9.98829E-05 9.98829E-05 9.98829E-05 9.98829E-05 9.98829E-05 0.998702 9.98829E-05
0.0239009 0.0306058 0.0184995 0.0958014 0.0219775 0.022344 0.0183074 0.0629464 0.0281349 0.0244542 0.0238731 0.022122 0.572303 0.03473
0.0257721 0.0100042 0.00345992 0.00977076 0.00499052 0.000848061 0.00889173 0.0372839 0.0136498 0.0211099 0.82616 0.0099082 0.0227598 0.00539086
9.98831E-05 9.98831E-05 9.98831E-05 9.98831E-05 9.98831E-05 9.98831E-05 9.98831E-05 9.98831E-05 9.98831E-05 9.98831E-05 9.98831E-05 0.998702 9.98831E-05 9.98831E-05
9.9883E-05 9.9883E-05 9.9883E-05 9.9883E-05 9.9883E-05 0.998702 9.9883E-05 9.9883E-05 9.9883E-05 9.9883E-05 9.9883E-05 9.9883E-05 9.9883E-05 9.9883E-05
0.0181357 0.0370213 0.0213727 0.0261224 0.021089 0.00887585 9.9991E-05 0.0341929 0.00479677 0.0196089 0.022875 0.734861 0.0406977 0.0102507
9.98829E-05 9.98829E-05 0.998702 9.98829E-05 9.98829E-05 9.98829E-05 9.98829E-05 9.98829E-05 9.98829E-05 9.98829E-05 9.98829E-05 9.98829E-05 9.98829E-05 9.98829E-05
9.98828E-05 9.98828E-05 9.98828E-05 9.98828E-05 9.98828E-05 9.98828E-05 9.98828E-05 9.98828E-05 0.998702 9.98828E-05 9.98828E-05 9.98828E-05 9.98828E-05 9.98828E-05
9.9883E-05 9.9883E-05 9.9883E-05 9.9883E-05 9.9883E-05 9.9883E-05 9.9883E-05 9.9883E-05 9.9883E-05 9.9883E-05 9.9883E-05 9.9883E-05 9.9883E-05 0.998702
0.0657219 0.0288257 0.0589926 0.345473 0.0589831 0.0139961 0.0806523 0.0769879 0.036356 0.0674792 0.0334535 0.0479637 0.0502465 0.0348685
0.0368504 0.0182007 0.00237235 0.105368 9.9991E-05 0.00777861 0.0246773 0.0299144 0.622637 0.0971018 0.0148224 0.00207652 0.00412809 0.0339721
0.0110778 0.0277376 0.0268771 0.115561 0.0187576 9.9991E-05 0.0214219 0.0887417 0.0615123 0.527156 0.0312972 0.00606617 0.0439182 0.019775
0.017441 0.0234717 0.0180649 0.0548385 0.00498842 9.9991E-05 0.0219171 0.0315601 0.0248087 0.731934 0.0133427 0.0194306 0.00544645 0.0326563
0.0133302 0.0338137 0.0311623 0.0988097 0.0210563 0.0289998 0.536516 0.0367462 0.0298246 0.0616682 0.0254409 0.0287312 0.0437077 0.0101929
9.99099E-05 9.99099E-05 9.99099E-05 0.973135 9.99099E-05 0.00820324 9.99099E-05 9.99099E-05 9.99099E-05 9.99099E-05 0.016674 9.99099E-05 9.99099E-05 0.00098899
0.81476 0.0200402 9.9991E-05 0.00662424 0.00619312 0.0105841 0.0153105 0.0317274 0.0278774 0.00125103 0.0177314 0.00486398 0.0288664 0.0140706
9.9937E-05 0.00140435 0.016306 0.00808178 9.9937E-05 9.9937E-05 9.9937E-05 0.945953 9.9937E-05 9.9937E-05 9.9937E-05 0.00986825 0.00867504 0.00901165
0.925727 0.00763935 0.0064997 0.0125342 9.9955E-05 0.0058416 9.9955E-05 0.0123455 9.9955E-05 9.9955E-05 9.9955E-05 0.0119221 0.00988214 0.00710838
9.99101E-05 9.99101E-05 9.99101E-05 9.99101E-05 9.99101E-05 9.99101E-05 0.010773 0.98227 9.99101E-05 0.00273624 0.00322161 9.99101E-05 9.99101E-05 9.99101E-05
0.00216753 0.951441 0.00289778 9.9955E-05 0.0076544 0.00857255 0.0057196 9.9955E-05 9.9955E-05 9.9955E-05 0.00381598 0.00541637 0.0118147 9.9955E-05
9.98831E-05 0.998702 9.98831E-05 9.98831E-05 9.98831E-05 9.98831E-05 9.98831E-05 9.98831E-05 9.98831E-05 9.98831E-05 9.98831E-05 9.98831E-05 9.98831E-05 9.98831E-05
9.9883E-05 9.9883E-05 9.9883E-05 9.9883E-05 9.9883E-05 9.9883E-05 9.9883E-05 9.9883E-05 9.9883E-05 9.9883E-05 9.9883E-05 9.9883E-05 0.998702 9.9883E-05
9.9964E-05 0.00654324 0.00221444 9.9964E-05 0.0141298 9.9964E-05 0.0196172 0.0258118 0.0123514 9.9964E-05 0.00179925 0.0054458 0.906293 0.0053943
9.9892E-05 0.00544953 9.9892E-05 9.9892E-05 9.9892E-05 9.9892E-05 9.9892E-05 9.9892E-05 9.9892E-05 9.9892E-05 0.993352 9.9892E-05 9.9892E-05 9.9892E-05
9.9883E-05 9.9883E-05 9.9883E-05 9.9883E-05 9.9883E-05 9.9883E-05 9.9883E-05 9.9883E-05 9.9883E-05 9.9883E-05 9.9883E-05 0.998702 9.9883E-05 9.9883E-05
9.9883E-05 9.9883E-05 9.9883E-05 9.9883E-05 9.9883E-05 0.998702 9.9883E-05 9.9883E-05 9.9883E-05 9.9883E-05 9.9883E-05 9.9883E-05 9.9883E-05 9.9883E-05
9.98831E-05 9.98831E-05 9.98831E-05 9.98831E-05 9.98831E-05 9.98831E-05 9.98831E-05 9.98831E-05 9.98831E-05 9.98831E-05 9.98831E-05 0.998702 9.98831E-05 9.98831E-05
9.9883E-05 9.9883E-05 0.998702 9.9883E-05 9.9883E-05 9.9883E-05 9.9883E-05 9.9883E-05 9.9883E-05 9.9883E-05 9.9883E-05 9.9883E-05 9.9883E-05 9.9883E-05
9.9919E-05 0.00800756 9.9919E-05 0.951045 9.9919E-05 9.9919E-05 9.9919E-05 9.9919E-05 0.0240661 0.00983558 9.9919E-05 0.00614697 9.9919E-05 9.9919E-05
9.99452E-05 9.99452E-05 0.00393193 0.0135541 0.00428934 9.99452E-05 9.99452E-05 0.00038683 0.00586735 0.00864514 9.99452E-05 9.99452E-05 9.99452E-05 0.962626
0.0695759 0.0270449 0.0657571 0.331999 0.0576256 0.0170503 0.0777371 0.0855701 0.0346891 0.0599311 0.0361852 0.0405921 0.0600053 0.0362373
0.0517707 0.0232328 0.0536124 0.130258 0.00118532 0.0155114 0.0367744 0.0743854 0.356942 0.126023 0.0355545 0.0285429 0.0452256 0.0209808
0.00760955 0.0205074 0.0348675 0.130998 0.0229869 0.00185575 0.0322089 0.0833397 0.0578627 0.543893 0.032965 9.9991E-05 0.0236922 0.00711278
0.0346239 0.0190806 0.0106369 0.0453647 0.000627699 9.9991E-05 0.0382137 0.043931 0.0455584 0.684712 0.01758 0.0231282 0.0264172 0.0100261
9.98828E-05 9.98828E-05 9.98828E-05 9.98828E-05 9.98828E-05 9.98828E-05 0.998702 9.98828E-05 9.98828E-05 9.98828E-05 9.98828E-05 9.98828E-05 9.98828E-05 9.98828E-05
0.0170583 0.0235247 9.9964E-05 0.893573 9.9964E-05 0.0155493 9.9964E-05 9.9964E-05 0.00236704 0.00131337 0.0128344 0.0100128 0.018952 0.00441468
0.817997 0.0176367 0.0127263 0.00679709 0.00244791 0.00341736 0.0232255 0.017858 0.0152161 0.00916595 0.0190895 0.00428729 0.034477 0.0156585
9.9892E-05 9.9892E-05 9.9892E-05 9.9892E-05 0.00299585 9.9892E-05 9.9892E-05 0.995805 9.9892E-05 9.9892E-05 9.9892E-05 9.9892E-05 9.9892E-05 9.9892E-05
0.998702 9.98829E-05 9.98829E-05 9.98829E-05 9.98829E-05 9.98829E-05 9.98829E-05 9.98829E-05 9.98829E-05 9.98829E-05 9.98829E-05 9.98829E-05 9.98829E-05 9.98829E-05
9.9919E-05 9.9919E-05 9.9919E-05 9.9919E-05 9.9919E-05 9.9919E-05 0.00726011 0.976481 0.00163162 0.0060875 0.00764035 9.9919E-05 9.9919E-05 9.9919E-05
0.0123009 0.958211 0.00533677 0.00199372 0.00329647 0.00192733 0.00487743 9.9955E-05 9.9955E-05 9.9955E-05 9.9955E-05 9.9955E-05 0.0061221 0.00543436
9.991E-05 0.992174 0.00146831 9.991E-05 9.991E-05 9.991E-05 9.991E-05 9.991E-05 0.00521879 9.991E-05 0.000139503 9.991E-05 9.991E-05 9.991E-05
9.9883E-05 9.9883E-05 9.9883E-05 9.9883E-05 9.9883E-05 9.9883E-05 9.9883E-05 9.9883E-05 9.9883E-05 9.9883E-05 9.9883E-05 9.9883E-05 0.998702 9.9883E-05
9.9883E-05 9.9883E-05 9.9883E-05 9.9883E-05 9.9883E-05 9.9883E-05 9.9883E-05 9.9883E-05 9.9883E-05 9.9883E-05 9.9883E-05 9.9883E-05 0.998702 9.9883E-05
0.00313066 9.9937E-05 0.0050803 0.00231248 9.9937E-05 0.00363223 9.9937E-05 9.9937E-05 9.9937E-05 9.9937E-05 0.969376 0.00401601 0.0117526 9.9937E-05
9.9946E-05 9.9946E-05 0.00639033 0.0032325 9.9946E-05 0.00449119 9.9946E-05 9.9946E-05 0.00329526 0.00796656 9.9946E-05 0.963727 0.00483399 0.00546389
0.0425799 0.0381468 0.334031 0.0577355 0.0225421 0.178878 0.0404699 0.0712786 0.06018 0.0311457 0.0498984 0.0299759 0.0389752 0.00416379
0.0013258 0.00555383 0.0120269 9.9964E-05 0.00224763 0.00544612 0.00717159 9.9964E-05 9.9964E-05 9.9964E-05 0.00709082 0.954843 0.000385366 0.00350871
9.99199E-05 0.000821425 9.99199E-05 0.00644711 9.99199E-05 9.99199E-05 9.99199E-05 0.00284016 9.99199E-05 9.99199E-05 9.99199E-05 0.00629012 9.99199E-05 0.982702
0.0743785 0.0420609 0.00168203 0.0683922 0.0186205 0.0307753 0.0240847 0.0689032 0.443495 0.134809 0.0183293 0.0155653 0.0304564 0.0284479
0.062444 0.029458 0.0638968 0.323774 0.0639564 0.0114693 0.0785003 0.0818344 0.0529673 0.0661506 0.0287555 0.0346672 0.0585982 0.0435284
0.0390175 0.0529542 0.0289106 0.128559 0.036414 0.0366186 0.0421345 0.0814457 0.325082 0.0949932 0.0506628 0.0419634 0.0175728 0.0236708
0.00728611 0.0313728 0.0266095 0.118473 0.0283704 0.0112547 0.0137905 0.0633841 0.062789 0.559474 0.0395124 0.00184054 0.0223596 0.0134833
0.0281069 0.0261784 0.0116138 0.0775087 0.00616301 0.04075 0.049965 0.0578524 0.011514 0.588242 0.0310099 0.0365516 0.0117157 0.0228281
0.00123857 9.98921E-05 9.98921E-05 9.98921E-05 0.997563 9.98921E-05 9.98921E-05 9.98921E-05 9.98921E-05 9.98921E-05 9.98921E-05 9.98921E-05 9.98921E-05 9.98921E-05
9.98829E-05 9.98829E-05 9.98829E-05 9.98829E-05 9.98829E-05 9.98829E-05 0.998702 9.98829E-05 9.98829E-05 9.98829E-05 9.98829E-05 9.98829E-05 9.98829E-05 9.98829E-05
9.9883E-05 9.9883E-05 9.9883E-05 0.998702 9.9883E-05 9.9883E-05 9.9883E-05 9.9883E-05 9.9883E-05 9.9883E-05 9.9883E-05 9.9883E-05 9.9883E-05 9.9883E-05
0.842651 0.0145887 0.00281988 9.9973E-05 0.00386291 9.9973E-05 0.0121994 0.0342408 0.0206278 0.00759877 0.0213905 9.9973E-05 0.0228369 0.0168832
9.98829E-05 9.98829E-05 9.98829E-05 9.98829E-05 9.98829E-05 9.98829E-05 9.98829E-05 0.998702 9.98829E-05 9.98829E-05 9.98829E-05 9.98829E-05 9.98829E-05 9.98829E-05
0.998702 9.98829E-05 9.98829E-05 9.98829E-05 9.98829E-05 9.98829E-05 9.98829E-05 9.98829E-05 9.98829E-05 9.98829E-05 9.98829E-05 9.98829E-05 9.98829E-05 9.98829E-05
9.99281E-05 9.99281E-05 0.00208451 9.99281E-05 9.99281E-05 9.99281E-05 0.0118076 0.952649 0.0100715 0.0119827 0.010605 9.99281E-05 9.99281E-05 9.99281E-05
9.9901E-05 0.990591 9.9901E-05 9.9901E-05 0.00668014 9.9901E-05 0.00163037 9.9901E-05 9.9901E-05 9.9901E-05 9.9901E-05 9.9901E-05 9.9901E-05 9.9901E-05
9.9919E-05 9.9919E-05 9.9919E-05 9.9919E-05 0.00925729 9.9919E-05 0.0200611 0.0126431 9.9919E-05 9.9919E-05 9.9919E-05 9.9919E-05 0.951918 0.00522117
9.9883E-05 9.9883E-05 9.9883E-05 9.9883E-05 9.9883E-05 9.9883E-05 9.9883E-05 9.9883E-05 9.9883E-05 9.9883E-05 0.998702 9.9883E-05 9.9883E-05 9.9883E-05
0.014204 0.0346134 0.0179266 0.091969 0.0139717 0.025185 0.0272042 0.0817871 0.053679 0.05142 0.482422 0.0321705 0.0597559 0.0136918
0.0394892 0.0592067 0.185001 0.134357 0.0241332 0.167698 0.031783 0.088381 0.0477987 0.0805171 0.0301202 0.0286368 0.0528751 0.0300026
9.9883E-05 9.9883E-05 9.9883E-05 9.9883E-05 9.9883E-05 9.9883E-05 9.9883E-05 9.9883E-05 9.9883E-05 9.9883E-05 9.9883E-05 0.998702 9.9883E-05 9.9883E-05
9.9883E-05 9.9883E-05 9.9883E-05 9.9883E-05 9.9883E-05 0.998702 9.9883E-05 9.9883E-05 9.9883E-05 9.9883E-05 9.9883E-05 9.9883E-05 9.9883E-05 9.9883E-05
0.027365 0.0130475 0.00854619 0.00445476 0.0013523 0.00297373 0.00585653 9.9991E-05 0.0185534 0.0114251 0.00746248 0.854375 0.0242568 0.0202313
9.98831E-05 9.98831E-05 9.98831E-05 9.98831E-05 9.98831E-05 9.98831E-05 9.98831E-05 9.98831E-05 9.98831E-05 9.98831E-05 9.98831E-05 9.98831E-05 9.98831E-05 0.998702
0.0780697 0.0174416 0.00214479 0.11242 0.000103566 0.0242187 0.0404282 0.0446635 0.454098 0.113872 0.0277493 0.025584 0.0294442 0.0297623
0.0715016 0.035486 0.0323293 0.264991 0.0483975 0.0409795 0.0676213 0.0931277 0.0581179 0.0858757 0.0338888 0.0477282 0.0713668 0.0485884
0.0400888 0.0270266 0.00649534 0.0842237 0.0258621 0.0277266 0.0504734 0.0664183 0.408476 0.131202 0.0339248 0.0357928 0.0323251 0.0299646
0.0240447 0.00400836 9.9991E-05 0.0322398 0.0161349 0.0338955 0.0327909 0.0550161 0.0860215 0.631851 0.0368662 0.0166549 0.00314886 0.0272276
9.9973E-05 0.0252194 0.00498022 0.0337772 0.00160841 0.0151168 9.9973E-05 0.0025868 0.0252005 0.851292 9.9973E-05 0.0166593 0.00392482 0.0193349
9.98921E-05 9.98921E-05 0.00211807 9.98921E-05 0.996683 9.98921E-05 9.98921E-05 9.98921E-05 9.98921E-05 9.98921E-05 9.98921E-05 9.98921E-05 9.98921E-05 9.98921E-05
0.020406 0.0181129 0.00127206 0.00134072 0.0179676 0.00970528 0.847195 9.9982E-05 9.9982E-05 0.0100773 0.0313996 0.0156996 0.0169952 0.00962906
9.9883E-05 9.9883E-05 9.9883E-05 0.998702 9.9883E-05 9.9883E-05 9.9883E-05 9.9883E-05 9.9883E-05 9.9883E-05 9.9883E-05 9.9883E-05 9.9883E-05 9.9883E-05
0.782995 0.0187312 9.9982E-05 9.9982E-05 0.0112451 0.0121788 0.0203683 0.0120617 0.0260589 0.019022 0.0291491 0.00537941 0.0357597 0.0268507
9.9883E-05 9.9883E-05 9.9883E-05 9.9883E-05 9.9883E-05 9.9883E-05 9.9883E-05 0.998702 9.9883E-05 9.9883E-05 9.9883E-05 9.9883E-05 9.9883E-05 9.9883E-05
0.998702 9.98829E-05 9.98829E-05 9.98829E-05 9.98829E-05 9.98829E-05 9.98829E-05 9.98829E-05 9.98829E-05 9.98829E-05 9.98829E-05 9.98829E-05 9.98829E-05 9.98829E-05
9.98831E-05 0.998702 9.98831E-05 9.98831E-05 9.98831E-05 9.98831E-05 9.98831E-05 9.98831E-05 9.98831E-05 9.98831E-05 9.98831E-05 9.98831E-05 9.98831E-05 9.98831E-05
