9.996E-05 9.996E-05 9.996E-05 9.996E-05 0.9995 9.996E-05
0.00487192 0.954322 9.9991E-05 0.0181661 0.00225986 0.0202805
0.01367 0.935173 0.000681185 0.0288927 0.00410472 0.0174787
9.996E-05 9.996E-05 9.996E-05 0.9995 9.996E-05 9.996E-05
9.996E-05 9.996E-05 9.996E-05 0.9995 9.996E-05 9.996E-05
0.0674139 0.0846438 0.0469241 0.681518 0.0696789 0.0498209
0.9995 9.996E-05 9.996E-05 9.996E-05 9.996E-05 9.996E-05
9.9964E-05 0.0237089 9.9964E-05 0.975891 9.9964E-05 9.9964E-05
0.0962315 0.0482438 0.134569 0.597916 0.085577 0.0374628
9.9973E-05 0.00601938 9.9973E-05 9.9973E-05 0.00666695 0.987014
0.0875485 0.0763083 0.128074 0.558489 0.0705038 0.0790759
0.104474 0.116193 0.122378 0.509423 0.0626373 0.0848955
0.0934587 0.0271074 0.0478903 0.768418 0.0440732 0.0190522
0.0842865 0.0079982 0.0703051 0.813718 0.0127714 0.0109211
0.554943 0.0365028 0.0210481 0.311576 0.0230765 0.0528537
0.043265 0.0638352 0.0754607 0.690303 0.0177139 0.109422
0.0511829 0.103149 0.0664 0.680897 0.0131672 0.0852038
0.107757 0.0893924 0.0874314 0.58573 0.0654459 0.064243
9.999E-05 0.0371691 0.798708 0.103154 0.0382869 0.022582
0.063343 0.0749383 0.0849585 0.66684 0.0558181 0.0541018
0.00194347 0.00236555 0.993019 9.9982E-05 9.9982E-05 0.0024717
0.0471265 0.0463989 0.0781138 0.764004 0.0351441 0.0292126
0.0221334 0.00310843 9.9982E-05 0.0488687 0.92569 9.9982E-05
9.996E-05 0.9995 9.996E-05 9.996E-05 9.996E-05 9.996E-05
0.0146836 0.923861 9.9991E-05 0.0324082 0.00859358 0.0203534
9.996E-05 9.996E-05 9.996E-05 0.9995 9.996E-05 9.996E-05
0.9995 9.996E-05 9.996E-05 9.996E-05 9.996E-05 9.996E-05
9.9964E-05 0.0278272 9.9964E-05 0.971773 9.9964E-05 9.9964E-05
0.93629 0.0117198 9.9991E-05 0.0390266 0.00673655 0.00612704
9.9964E-05 0.0429975 9.9964E-05 0.956603 9.9964E-05 9.9964E-05
0.0667021 0.0384985 0.137382 0.660567 0.0606535 0.0361966
9.996E-05 9.996E-05 9.996E-05 9.996E-05 9.996E-05 0.9995
0.12261 0.102848 0.0992721 0.506869 0.0984916 0.0699081
0.0899064 0.00775806 0.05592 0.767662 0.0485911 0.0301625
0.088765 0.0158278 0.0719241 0.782691 0.0227958 0.0179959
0.0859733 0.0695092 0.0923942 0.598848 0.0693021 0.0839736
0.0374223 0.0550068 0.0818505 0.680976 0.027189 0.117555
0.0834102 0.063968 0.102636 0.639054 0.0444786 0.0664524
0.0514633 0.0552797 0.0685774 0.741122 0.0316694 0.0518885
9.996E-05 9.996E-05 0.9995 9.996E-05 9.996E-05 9.996E-05
0.0623656 0.0480622 0.0837719 0.70669 0.0541859 0.0449241
9.996E-05 9.996E-05 9.996E-05 9.996E-05 0.9995 9.996E-05
0.0048488 9.9982E-05 0.0141113 0.0224297 0.95841 9.9982E-05
9.996E-05 0.9995 9.996E-05 9.996E-05 9.996E-05 9.996E-05
0.00403964 0.873253 0.013399 0.0644885 0.0256433 0.0191762
9.996E-05 9.996E-05 9.996E-05 0.9995 9.996E-05 9.996E-05
0.9995 9.996E-05 9.996E-05 9.996E-05 9.996E-05 9.996E-05
0.013289 0.04624 0.0116008 0.865545 0.030343 0.0329817
0.9995 9.996E-05 9.996E-05 9.996E-05 9.996E-05 9.996E-05
0.0107077 0.0539011 9.9991E-05 0.870469 0.0357089 0.0291128
0.0826628 0.0451145 0.133434 0.625762 0.0782567 0.03477
9.9964E-05 0.00565053 9.9964E-05 9.9964E-05 9.9964E-05 0.99395
0.0836741 0.0656222 0.139686 0.584825 0.0665506 0.059642
0.0869547 0.0330395 0.0610104 0.750559 0.0440757 0.0243602
0.0625527 0.0349711 0.0791881 0.763653 0.0237401 0.0358945
0.100884 0.0644388 0.081469 0.578806 0.0749234 0.0994794
0.036771 0.0769122 0.0874516 0.675206 0.0153172 0.108342
0.0614652 0.083989 0.409876 0.334414 0.0471036 0.0631516
0.0592068 0.0747094 0.0769649 0.691756 0.044012 0.0533504
9.996E-05 9.996E-05 0.9995 9.996E-05 9.996E-05 9.996E-05
0.051445 0.0496084 0.0455176 0.787117 0.0265237 0.0397887
9.9973E-05 0.00491497 0.00294579 9.9973E-05 0.991839 9.9973E-05
0.0106265 0.00516121 9.9982E-05 0.0212552 0.962757 9.9982E-05
9.996E-05 0.9995 9.996E-05 9.996E-05 9.996E-05 9.996E-05
0.0287103 0.57787 0.0407924 0.268395 0.0352325 0.0489995
9.996E-05 9.996E-05 9.996E-05 0.9995 9.996E-05 9.996E-05
0.988271 9.9982E-05 0.00513451 9.9982E-05 0.00329109 0.00310389
9.9991E-05 0.0637029 0.00501665 0.926428 0.00405791 0.000694628
0.852985 0.0149882 0.0128869 0.0811486 0.00616653 0.0318247
0.00563382 0.0457174 0.00649567 0.8902 0.0311326 0.0208204
0.0842965 0.0451342 0.141906 0.589069 0.0778967 0.0616979
9.996E-05 9.996E-05 9.996E-05 9.996E-05 9.996E-05 0.9995
0.0800272 0.0793351 0.145222 0.547368 0.0798813 0.0681667
0.102669 0.0441133 0.0903857 0.65235 0.0572523 0.0532299
0.0815467 0.0168486 0.0802487 0.787845 0.0134796 0.0200315
0.0493362 0.0982131 0.0660418 0.677088 0.0211734 0.0881481
0.10015 0.073198 0.0684192 0.591821 0.0770743 0.0893373
0.069608 0.076511 0.379804 0.334457 0.0652679 0.0743515
0.0563996 0.0739845 0.0632661 0.720907 0.0394686 0.0459738
9.996E-05 9.996E-05 0.9995 9.996E-05 9.996E-05 9.996E-05
0.0564082 0.0639697 0.0772703 0.727911 0.0391521 0.0352891
9.9964E-05 9.9964E-05 0.000530061 9.9964E-05 0.99907 9.9964E-05
9.996E-05 9.996E-05 9.996E-05 9.996E-05 0.9995 9.996E-05
9.996E-05 0.9995 9.996E-05 9.996E-05 9.996E-05 9.996E-05
0.043512 0.572118 0.041828 0.258841 0.0419113 0.0417901
0.0160957 9.9991E-05 0.00739602 0.97516 0.000227494 0.00102046
0.9995 9.996E-05 9.996E-05 9.996E-05 9.996E-05 9.996E-05
9.9964E-05 0.0373235 9.9964E-05 0.962277 9.9964E-05 9.9964E-05
0.748949 0.0317512 0.0158288 0.132848 0.0395278 0.0310951
0.00476522 0.0534771 0.00144886 0.893315 0.0232062 0.0237879
0.0772632 0.0446037 0.145967 0.611839 0.075243 0.0450839
9.996E-05 9.996E-05 9.996E-05 9.996E-05 9.996E-05 0.9995
0.0923345 0.0989179 0.109782 0.55833 0.0561432 0.0844927
0.0706902 0.0461029 0.138492 0.607131 0.0626193 0.0749646
0.0770035 0.062458 0.068 0.68014 0.0551853 0.0572129
0.0889093 0.0306643 0.0863855 0.682783 0.0570534 0.0542047
0.0680276 0.111449 0.0724545 0.610627 0.0451908 0.0922514
0.110237 0.0697339 0.0844075 0.568258 0.076692 0.0906715
0.00724267 0.0231004 0.840237 0.0890412 0.0235306 0.0168485
0.0676956 0.0538116 0.0591285 0.740276 0.0256674 0.0534204
0.0131725 0.0110124 0.934372 0.0245976 0.0124909 0.00435443
0.0635094 0.0311379 0.0585112 0.804278 0.0182547 0.0243086
9.9991E-05 0.0200535 0.0051497 0.00237338 0.961041 0.011282
9.996E-05 9.996E-05 9.996E-05 9.996E-05 0.9995 9.996E-05
9.996E-05 0.9995 9.996E-05 9.996E-05 9.996E-05 9.996E-05
0.003628 0.919247 9.9991E-05 0.0522989 0.0138839 0.0108424
9.996E-05 9.996E-05 9.996E-05 0.9995 9.996E-05 9.996E-05
0.9995 9.996E-05 9.996E-05 9.996E-05 9.996E-05 9.996E-05
9.9964E-05 0.0287977 9.9964E-05 0.970802 9.9964E-05 9.9964E-05
0.9995 9.996E-05 9.996E-05 9.996E-05 9.996E-05 9.996E-05
0.00603182 0.0527233 9.9991E-05 0.902033 0.0127601 0.0263516
0.123261 0.0729288 0.0680966 0.569784 0.0710142 0.0949155
9.9964E-05 9.9964E-05 9.9964E-05 9.9964E-05 0.00187586 0.997724
0.0864972 0.10423 0.121344 0.537875 0.0512037 0.09885
0.0847642 0.0686038 0.137951 0.594999 0.0619705 0.051712
0.069424 0.0516844 0.0569998 0.724773 0.0526894 0.0444292
0.0906891 0.0497131 0.0984843 0.695834 0.0356997 0.0295795
0.034046 0.0963517 0.0655677 0.703422 0.0118278 0.0887845
0.0970367 0.0818846 0.0872688 0.579449 0.0705283 0.0838327
0.00345603 0.0381206 0.822306 0.093243 0.0236072 0.0192676
0.0581468 0.0573572 0.0473322 0.766644 0.0312938 0.0392261
9.996E-05 9.996E-05 0.9995 9.996E-05 9.996E-05 9.996E-05
0.058668 0.0142182 0.0622421 0.808679 0.0258355 0.0303576
9.9991E-05 0.00864929 0.0134625 0.00416462 0.967188 0.00643603
9.996E-05 9.996E-05 9.996E-05 9.996E-05 0.9995 9.996E-05
9.996E-05 0.9995 9.996E-05 9.996E-05 9.996E-05 9.996E-05
9.996E-05 0.9995 9.996E-05 9.996E-05 9.996E-05 9.996E-05
9.996E-05 9.996E-05 9.996E-05 0.9995 9.996E-05 9.996E-05
0.986228 0.0126415 9.9973E-05 0.000830529 9.9973E-05 9.9973E-05
0.0541541 0.0786748 0.0703477 0.722049 0.0525637 0.0222108
0.966844 0.0123989 0.00712354 0.00787602 9.9991E-05 0.00565763
9.9973E-05 0.000157936 9.9973E-05 9.9973E-05 0.0026634 0.996879
0.0660212 0.0771138 0.159737 0.562603 0.0762729 0.0582528
0.0781197 0.110662 0.116692 0.535261 0.0581275 0.101137
0.100694 0.0476165 0.107885 0.605435 0.0804991 0.0578706
0.0814577 0.0519812 0.0598534 0.709265 0.0528567 0.0445859
0.0910429 0.0527049 0.076037 0.689266 0.0458348 0.0451147
0.0374175 0.070045 0.09515 0.671628 0.0214592 0.104301
0.039858 0.0902336 0.069902 0.691347 0.0182867 0.0903728
0.120683 0.0756924 0.066934 0.620702 0.0437881 0.0722003
9.9991E-05 0.0295449 0.847781 0.0817353 0.0224275 0.0184113
0.0510195 0.053305 0.0458445 0.792808 0.01719 0.0398328
9.996E-05 9.996E-05 0.9995 9.996E-05 9.996E-05 9.996E-05
0.0627169 0.02513 0.0577116 0.802962 0.0198564 0.0316227
9.9964E-05 9.9964E-05 0.000902918 9.9964E-05 0.998697 9.9964E-05
9.9982E-05 0.958793 9.9982E-05 0.0128294 0.0118501 0.0163271
9.996E-05 9.996E-05 9.996E-05 0.9995 9.996E-05 9.996E-05
0.0549876 0.0545749 0.0176102 0.806958 0.046667 0.0192024
0.05317 0.0899717 0.0671479 0.662242 0.0679997 0.0594689
0.9995 9.996E-05 9.996E-05 9.996E-05 9.996E-05 9.996E-05
9.9964E-05 0.0243699 9.9964E-05 0.97523 9.9964E-05 9.9964E-05
0.866808 0.0245891 0.0188261 0.0527271 0.0183852 0.0186643
9.996E-05 9.996E-05 9.996E-05 9.996E-05 9.996E-05 0.9995
0.0848693 0.0645681 0.162471 0.552841 0.066053 0.0691975
0.0884214 0.11366 0.112917 0.540692 0.0613927 0.0829166
0.0935544 0.0642261 0.124791 0.588438 0.0620777 0.0669123
0.0852639 0.0249717 0.0873741 0.718749 0.0305025 0.0531384
0.088911 0.0294571 0.0576876 0.710009 0.0585034 0.0554316
0.0405613 0.0749307 0.0728505 0.680494 0.0154933 0.11567
0.0638866 0.0984851 0.0784361 0.650599 0.0350703 0.0735226
0.120238 0.064595 0.0821364 0.604518 0.0548931 0.0736198
0.0178398 0.0264714 0.795365 0.102733 0.0253397 0.0322504
0.0516919 0.0726596 0.046004 0.77111 0.0257508 0.0327836
9.996E-05 9.996E-05 0.9995 9.996E-05 9.996E-05 9.996E-05
9.996E-05 9.996E-05 9.996E-05 9.996E-05 0.9995 9.996E-05
