9.995E-05 9.995E-05 9.995E-05 9.995E-05 9.995E-05 0.9994 9.995E-05
9.9982E-05 0.0185173 0.00240034 0.00927183 0.954068 0.0155422 9.9982E-05
0.00155859 0.0152143 0.0264492 0.00728289 0.943033 9.9991E-05 0.00636196
0.9994 9.995E-05 9.995E-05 9.995E-05 9.995E-05 9.995E-05 9.995E-05
0.9994 9.995E-05 9.995E-05 9.995E-05 9.995E-05 9.995E-05 9.995E-05
0.0438535 0.0441191 0.693946 0.0584385 0.0700847 0.0580174 0.0315407
9.995E-05 9.995E-05 9.995E-05 0.9994 9.995E-05 9.995E-05 9.995E-05
9.995E-05 9.995E-05 0.9994 9.995E-05 9.995E-05 9.995E-05 9.995E-05
0.0610954 0.0342276 0.602538 0.0837844 0.0387577 0.0665852 0.113012
9.9973E-05 0.981481 9.9973E-05 0.00138403 0.010017 9.9973E-05 0.00681788
0.087225 0.0575446 0.513291 0.0844766 0.0760757 0.071739 0.109648
0.0630823 0.0683625 0.516631 0.100648 0.0897612 0.0567636 0.104751
0.0372602 0.0170895 0.79896 0.0773599 0.00679974 0.0317424 0.0307882
0.0303886 9.9982E-05 0.848372 0.0665485 9.9982E-05 0.00549548 0.0489955
0.0248106 0.0513259 0.312515 0.550144 0.0331768 0.0102586 0.0177688
0.052506 0.0759389 0.718402 0.0339104 0.0461455 0.0150742 0.058023
0.0621922 0.0712732 0.701667 0.042036 0.0714399 0.00175218 0.0496397
0.0857226 0.053941 0.525916 0.107702 0.07472 0.0637956 0.0882031
0.0264835 0.0299668 0.083116 0.0110178 0.0357645 0.0272114 0.78644
0.077139 0.0399532 0.652026 0.0524489 0.0533902 0.0481254 0.0769173
9.9955E-05 9.9955E-05 9.9955E-05 9.9955E-05 0.01292 9.9955E-05 0.98658
0.0565269 0.0224391 0.782214 0.0395158 0.0102887 0.0232866 0.0657288
0.0127224 0.00384491 0.0351986 0.0112022 0.00486911 0.932063 9.9991E-05
9.995E-05 9.995E-05 9.995E-05 9.995E-05 0.9994 9.995E-05 9.995E-05
0.00509059 0.019915 0.0312536 0.00845572 0.925162 0.0100226 9.9991E-05
0.9994 9.995E-05 9.995E-05 9.995E-05 9.995E-05 9.995E-05 9.995E-05
9.995E-05 9.995E-05 9.995E-05 0.9994 9.995E-05 9.995E-05 9.995E-05
9.995E-05 9.995E-05 0.9994 9.995E-05 9.995E-05 9.995E-05 9.995E-05
0.0172748 0.0082602 0.0209195 0.932351 0.0116273 0.00946732 9.9991E-05
9.995E-05 9.995E-05 0.9994 9.995E-05 9.995E-05 9.995E-05 9.995E-05
0.0618427 0.02981 0.662852 0.0651853 0.0139091 0.047245 0.119156
9.995E-05 0.9994 9.995E-05 9.995E-05 9.995E-05 9.995E-05 9.995E-05
0.0834327 0.0566482 0.446464 0.109481 0.0955373 0.0869639 0.121473
0.0471137 0.0165309 0.797638 0.0833218 9.9991E-05 0.0216137 0.033682
0.02877 0.00646764 0.814866 0.076012 9.9991E-05 0.0209241 0.0528604
0.0653968 0.0829299 0.585185 0.0742931 0.0550077 0.0568655 0.0803225
0.0570072 0.0738546 0.718632 0.0294405 0.0426526 0.0110505 0.0673631
0.0721331 0.065942 0.625007 0.0693205 0.0465919 0.0378841 0.0831214
0.0264854 0.0316847 0.792508 0.0485667 0.0200241 0.0232588 0.0574719
9.995E-05 9.995E-05 9.995E-05 9.995E-05 9.995E-05 9.995E-05 0.9994
0.0573967 0.034332 0.708435 0.0566271 0.0303772 0.0383838 0.0744482
9.995E-05 9.995E-05 9.995E-05 9.995E-05 9.995E-05 0.9994 9.995E-05
0.0117404 0.00743136 0.00979869 0.000928172 0.000925188 0.956405 0.0127716
9.995E-05 9.995E-05 9.995E-05 9.995E-05 0.9994 9.995E-05 9.995E-05
0.0050894 0.0218319 0.0835855 0.00369886 0.871932 0.0104295 0.00343335
0.9994 9.995E-05 9.995E-05 9.995E-05 9.995E-05 9.995E-05 9.995E-05
9.995E-05 9.995E-05 9.995E-05 0.9994 9.995E-05 9.995E-05 9.995E-05
9.9982E-05 0.0182374 0.960448 0.00867275 0.00457076 0.00787113 9.9982E-05
9.995E-05 9.995E-05 9.995E-05 0.9994 9.995E-05 9.995E-05 9.995E-05
9.9964E-05 9.9964E-05 0.978724 0.000658275 9.9964E-05 0.0202182 9.9964E-05
0.0626203 0.036861 0.624296 0.0800634 0.0242002 0.060867 0.111092
9.9955E-05 0.988092 9.9955E-05 9.9955E-05 9.9955E-05 0.0114087 9.9955E-05
0.0729197 0.0619775 0.559678 0.0717078 0.0364385 0.0668709 0.130408
0.0505446 0.0183419 0.780017 0.0755281 0.00933906 0.0317793 0.0344504
0.0312004 0.0231496 0.790691 0.0656987 0.00171627 0.0265667 0.0609776
0.0740043 0.0834243 0.545396 0.0966403 0.0655136 0.060712 0.0743092
0.0477506 0.0767613 0.722902 0.0281362 0.045485 0.00573514 0.0732297
0.048835 0.0509444 0.315127 0.0642059 0.0739379 0.0484315 0.398518
0.0396443 0.0404576 0.730281 0.0593235 0.0438151 0.0283709 0.0581072
9.995E-05 9.995E-05 9.995E-05 9.995E-05 9.995E-05 9.995E-05 0.9994
0.0223372 0.0290616 0.837787 0.0406773 0.00992706 0.0187466 0.0414637
9.9964E-05 9.9964E-05 9.9964E-05 9.9964E-05 0.00538895 0.990142 0.00406873
0.0104082 9.9982E-05 0.016348 0.0131194 0.00384164 0.956083 9.9982E-05
9.995E-05 9.995E-05 9.995E-05 9.995E-05 0.9994 9.995E-05 9.995E-05
0.0341416 0.0325543 0.239924 0.0323934 0.566984 0.0326094 0.0613931
0.967698 0.000732988 0.0215038 0.000276526 9.9991E-05 0.0067836 0.00290534
0.00262185 0.0125014 0.00206334 0.970286 0.000684615 0.0117426 9.9991E-05
9.995E-05 9.995E-05 0.9994 9.995E-05 9.995E-05 9.995E-05 9.995E-05
0.0152295 0.0172685 0.0591177 0.853987 0.0213435 0.0164528 0.0166014
9.9964E-05 9.9964E-05 0.994362 9.9964E-05 0.000410022 0.00482783 9.9964E-05
0.0575793 0.0417704 0.587313 0.0730273 0.0466113 0.0669162 0.126783
9.995E-05 0.9994 9.995E-05 9.995E-05 9.995E-05 9.995E-05 9.995E-05
0.0758682 0.0635191 0.536437 0.0700608 0.0562276 0.0741864 0.1237
0.0583237 0.0401423 0.652969 0.088284 0.0318542 0.0581676 0.0702596
0.0358218 0.00120152 0.839215 0.0557226 9.9991E-05 0.00561286 0.0623267
0.0542036 0.0705902 0.690619 0.0441859 0.076849 0.00776774 0.0557841
0.0899954 0.0822264 0.533276 0.0918091 0.059516 0.0796908 0.0634864
0.0432734 0.0491877 0.356646 0.0653483 0.0565735 0.0615712 0.3674
0.0343701 0.0332996 0.768619 0.0571963 0.0328255 0.0250697 0.0486196
9.995E-05 9.995E-05 9.995E-05 9.995E-05 9.995E-05 9.995E-05 0.9994
0.0550981 0.0265134 0.739751 0.047418 0.0431081 0.0301304 0.0579809
9.995E-05 9.995E-05 9.995E-05 9.995E-05 9.995E-05 0.9994 9.995E-05
9.995E-05 9.995E-05 9.995E-05 9.995E-05 9.995E-05 0.9994 9.995E-05
9.995E-05 9.995E-05 9.995E-05 9.995E-05 0.9994 9.995E-05 9.995E-05
0.0296027 0.0324348 0.238694 0.0420531 0.56196 0.0518285 0.0434276
0.833704 0.0123501 0.0700158 0.0259571 0.023016 0.00599944 0.0289575
9.995E-05 9.995E-05 9.995E-05 0.9994 9.995E-05 9.995E-05 9.995E-05
9.995E-05 9.995E-05 0.9994 9.995E-05 9.995E-05 9.995E-05 9.995E-05
0.0199885 0.0362421 0.0931865 0.755228 0.0308811 0.0365319 0.0279417
9.99612E-05 9.99612E-05 0.997752 9.99612E-05 9.99612E-05 0.00174809 9.99612E-05
0.048863 0.0387378 0.620956 0.0786907 0.0293124 0.0624293 0.121011
9.995E-05 0.9994 9.995E-05 9.995E-05 9.995E-05 9.995E-05 9.995E-05
0.0747092 0.0822331 0.53543 0.0874122 0.0718674 0.0498787 0.0984696
0.0756956 0.066797 0.582344 0.0666901 0.0238871 0.0560809 0.128506
0.0741382 0.0409812 0.66585 0.0651597 0.0482104 0.0477988 0.0578615
0.0530124 0.0403983 0.711809 0.0757591 0.0132877 0.0435419 0.062192
0.0747495 0.0681537 0.614175 0.0581266 0.0846529 0.0422339 0.0579087
0.0946164 0.0807687 0.537649 0.0821335 0.0636944 0.067657 0.073481
0.0136389 0.0311373 0.061137 0.00846796 0.0287941 0.0267546 0.83007
0.0334262 0.040374 0.769186 0.0631022 0.0274045 0.0229113 0.0435962
0.00589773 0.00719675 0.038767 0.000450577 0.0057724 0.00617982 0.935736
0.0484402 0.0106453 0.830322 0.046895 9.9991E-05 0.0146018 0.0489954
9.9982E-05 0.00701196 0.0204458 9.9982E-05 0.0071921 0.957683 0.00746729
9.995E-05 9.995E-05 9.995E-05 9.995E-05 9.995E-05 0.9994 9.995E-05
9.995E-05 9.995E-05 9.995E-05 9.995E-05 0.9994 9.995E-05 9.995E-05
9.9991E-05 0.00833684 0.0510159 0.0127371 0.922599 0.000581485 0.0046299
0.9994 9.995E-05 9.995E-05 9.995E-05 9.995E-05 9.995E-05 9.995E-05
9.995E-05 9.995E-05 9.995E-05 0.9994 9.995E-05 9.995E-05 9.995E-05
9.995E-05 9.995E-05 0.9994 9.995E-05 9.995E-05 9.995E-05 9.995E-05
9.995E-05 9.995E-05 9.995E-05 0.9994 9.995E-05 9.995E-05 9.995E-05
9.9955E-05 0.00122052 0.99828 9.9955E-05 9.9955E-05 9.9955E-05 9.9955E-05
0.0688134 0.0762023 0.548953 0.117137 0.0562803 0.0676707 0.0649435
0.00119168 0.988818 9.9973E-05 0.00544913 9.9973E-05 0.00424157 9.9973E-05
0.0712136 0.0718996 0.52095 0.0861891 0.0945313 0.0410912 0.114126
0.075867 0.0569109 0.568109 0.0760947 0.0529158 0.0619977 0.108105
0.0810935 0.0416186 0.706109 0.0535109 0.023016 0.0495845 0.0450681
0.0459267 0.0352519 0.710678 0.0712101 0.018528 0.0369178 0.0814873
0.0607274 0.0702681 0.733337 0.0314102 0.0623862 9.9991E-05 0.0417712
0.0802083 0.083379 0.521045 0.0972606 0.0766327 0.0611168 0.0803578
0.0238936 0.0183504 0.0775061 0.00693188 0.0306467 0.0270162 0.815655
0.031002 0.00488182 0.822028 0.0472853 0.0220975 0.0261729 0.0465321
9.995E-05 9.995E-05 9.995E-05 9.995E-05 9.995E-05 9.995E-05 0.9994
0.0540396 0.0166308 0.830174 0.0342746 9.9991E-05 0.0133793 0.0514018
0.00420464 0.00596255 9.9991E-05 0.008262 0.00444387 0.96446 0.0125674
0.00607141 9.9955E-05 9.9955E-05 9.9955E-05 9.9955E-05 0.993429 9.9955E-05
9.995E-05 9.995E-05 9.995E-05 9.995E-05 0.9994 9.995E-05 9.995E-05
9.995E-05 9.995E-05 9.995E-05 9.995E-05 0.9994 9.995E-05 9.995E-05
0.98098 9.9973E-05 9.9973E-05 9.9973E-05 0.0127152 0.00316013 0.00284464
0.0011531 9.9982E-05 0.00836926 0.977949 0.00761038 0.00471874 9.9982E-05
0.0511911 0.0136333 0.75175 0.0321855 0.0430558 0.0501789 0.0580057
0.00547898 0.00482213 0.00138036 0.974156 0.0139622 9.9982E-05 9.9982E-05
0.000113291 0.992048 9.9982E-05 0.00695798 0.000558619 0.000122379 9.9982E-05
0.0467046 0.055007 0.554788 0.0652077 0.0434373 0.0770803 0.157775
0.0676074 0.0851486 0.51907 0.0779424 0.0981565 0.0553483 0.0967272
0.08608 0.0562062 0.551413 0.094436 0.0346536 0.0816169 0.0955943
0.0815573 0.0440779 0.681311 0.058368 0.0394566 0.0516746 0.0435545
0.0575804 0.0429728 0.687465 0.085448 0.0133669 0.0489511 0.0642161
0.056437 0.0796088 0.699863 0.0260249 0.0420865 0.0225768 0.0734033
0.0515532 0.070493 0.721143 0.0306246 0.0638496 0.00757248 0.0547639
0.0804104 0.0682021 0.584872 0.111018 0.0526978 0.0404881 0.0623119
0.0177469 0.0197864 0.0633853 9.9991E-05 0.0270849 0.0195461 0.852351
0.0349273 0.0176651 0.8444 0.0354476 0.0137511 0.0130551 0.0407533
9.995E-05 9.995E-05 9.995E-05 9.995E-05 9.995E-05 9.995E-05 0.9994
0.0605122 0.00586829 0.824532 0.0482505 9.9991E-05 0.0131171 0.04762
9.9955E-05 9.9955E-05 9.9955E-05 9.9955E-05 9.9955E-05 0.993586 0.00591392
9.9991E-05 0.0156952 0.0161118 0.00232781 0.95803 0.006508 0.00122754
0.9994 9.995E-05 9.995E-05 9.995E-05 9.995E-05 9.995E-05 9.995E-05
0.505333 0.0304306 0.277207 0.0540169 0.0613111 0.0459957 0.0257061
0.0351444 0.045458 0.695905 0.0469303 0.0599756 0.0613717 0.0552152
9.995E-05 9.995E-05 9.995E-05 0.9994 9.995E-05 9.995E-05 9.995E-05
9.995E-05 9.995E-05 0.9994 9.995E-05 9.995E-05 9.995E-05 9.995E-05
0.0182412 0.0169587 0.0444529 0.864954 0.0152369 0.0101547 0.0300012
9.995E-05 0.9994 9.995E-05 9.995E-05 9.995E-05 9.995E-05 9.995E-05
0.0711366 0.0530016 0.543186 0.072584 0.0616158 0.0574362 0.14104
0.0656065 0.0690208 0.519446 0.0919545 0.0893072 0.0608484 0.103816
0.0799765 0.0707398 0.55131 0.0900514 0.0461727 0.0636011 0.098148
0.0716448 0.0310954 0.723312 0.0624212 0.00818237 0.0289918 0.0743526
0.0280803 0.0339042 0.75937 0.077819 0.00654835 0.0511006 0.0431778
0.0516052 0.0859614 0.705218 0.0421709 0.0511182 0.0164062 0.0475199
0.0757755 0.0733953 0.621089 0.0514465 0.0826351 0.0322811 0.0633777
0.0806664 0.071961 0.571634 0.105644 0.0459497 0.0459378 0.0782069
0.0403097 0.0289927 0.0768837 0.0213394 0.0226645 0.0152852 0.794525
0.033671 0.0180734 0.82878 0.0385549 0.0244308 0.0162638 0.0402265
9.995E-05 9.995E-05 9.995E-05 9.995E-05 9.995E-05 9.995E-05 0.9994
9.995E-05 9.995E-05 9.995E-05 9.995E-05 9.995E-05 0.9994 9.995E-05
