9.98921E-05 9.98921E-05 9.98921E-05 0.998801 9.98921E-05 9.98921E-05 9.98921E-05 9.98921E-05 9.98921E-05 9.98921E-05 9.98921E-05 9.98921E-05 9.98921E-05
0.0118817 9.9946E-05 9.9946E-05 0.00859045 9.9946E-05 0.01748 0.939732 9.9946E-05 0.00348364 0.00709767 9.9946E-05 0.0111353 9.9946E-05
0.020724 9.9937E-05 9.9937E-05 9.9937E-05 9.9937E-05 0.0248079 0.932279 0.00687558 9.9937E-05 9.9937E-05 9.9937E-05 0.0137412 0.000872347
9.9892E-05 9.9892E-05 9.9892E-05 9.9892E-05 9.9892E-05 9.9892E-05 9.9892E-05 9.9892E-05 9.9892E-05 9.9892E-05 9.9892E-05 9.9892E-05 0.998801
9.9892E-05 9.9892E-05 9.9892E-05 9.9892E-05 9.9892E-05 9.9892E-05 9.9892E-05 9.9892E-05 9.9892E-05 9.9892E-05 9.9892E-05 9.9892E-05 0.998801
0.0593686 0.133416 0.0834921 0.0547149 0.323698 0.0677626 0.0499545 0.019969 0.0537309 0.0629964 0.0192138 0.033662 0.0380217
9.9892E-05 9.9892E-05 9.9892E-05 9.9892E-05 9.9892E-05 9.9892E-05 9.9892E-05 9.9892E-05 0.998801 9.9892E-05 9.9892E-05 9.9892E-05 9.9892E-05
9.9892E-05 9.9892E-05 9.9892E-05 9.9892E-05 0.998801 9.9892E-05 9.9892E-05 9.9892E-05 9.9892E-05 9.9892E-05 9.9892E-05 9.9892E-05 9.9892E-05
9.98919E-05 0.998801 9.98919E-05 9.98919E-05 9.98919E-05 9.98919E-05 9.98919E-05 9.98919E-05 9.98919E-05 9.98919E-05 9.98919E-05 9.98919E-05 9.98919E-05
9.9928E-05 9.9928E-05 0.00468579 0.00172438 9.9928E-05 9.9928E-05 0.0124595 9.9928E-05 0.00365388 9.9928E-05 9.9928E-05 0.976677 9.9928E-05
0.0435663 0.451768 0.0276432 0.039783 0.0167465 0.0560382 0.0442712 0.0540416 0.0506928 0.0937531 0.0306403 0.0316041 0.059452
0.03874 0.257943 0.052722 0.0405875 0.0336803 0.127211 0.082039 0.074465 0.0613768 0.0675638 0.075705 0.0552996 0.0326661
0.0161082 9.99459E-05 0.00425181 0.00688972 0.0172022 9.99459E-05 9.99459E-05 9.99459E-05 0.00169129 0.945524 0.00773348 9.99459E-05 9.99459E-05
9.98919E-05 9.98919E-05 9.98919E-05 9.98919E-05 9.98919E-05 9.98919E-05 9.98919E-05 9.98919E-05 9.98919E-05 0.998801 9.98919E-05 9.98919E-05 9.98919E-05
0.00693149 0.414915 0.0163472 9.99372E-05 9.99372E-05 0.046784 9.99372E-05 9.99372E-05 0.505276 9.99372E-05 9.99372E-05 0.00904635 9.99372E-05
9.98919E-05 9.98919E-05 9.98919E-05 9.98919E-05 9.98919E-05 0.998801 9.98919E-05 9.98919E-05 9.98919E-05 9.98919E-05 9.98919E-05 9.98919E-05 9.98919E-05
9.9955E-05 9.9955E-05 0.0162538 9.9955E-05 0.00962654 0.921401 0.0146215 9.9955E-05 0.00258534 0.0135497 0.0170595 9.9955E-05 0.00440287
0.0864038 0.502421 0.0351295 0.0278881 0.01627 0.0827542 0.0433279 0.00466777 0.0597178 0.0592436 0.0227306 0.0149328 0.0445135
0.00360589 0.0315879 9.9982E-05 0.014022 0.00102956 0.035641 0.0355795 0.790897 0.00691444 9.9982E-05 0.0326134 0.0206852 0.0272243
0.60746 0.0226683 0.0180684 0.0362207 0.0191167 0.0249284 0.03556 0.0514637 0.0244533 0.0165242 0.0962263 0.00326121 0.0440485
0.00183145 9.9919E-05 9.9919E-05 9.9919E-05 0.00369025 9.9919E-05 0.00359196 0.989987 9.9919E-05 9.9919E-05 9.9919E-05 9.9919E-05 9.9919E-05
9.9928E-05 9.9928E-05 0.00712213 0.00249481 9.9928E-05 9.9928E-05 0.0100722 0.00622274 9.9928E-05 9.9928E-05 0.973289 9.9928E-05 9.9928E-05
0.0197506 0.0419224 9.9964E-05 0.913799 0.0026011 9.9964E-05 0.00688328 9.9964E-05 0.00600366 0.00750051 9.9964E-05 0.000205646 0.000933773
9.9892E-05 9.9892E-05 9.9892E-05 9.9892E-05 9.9892E-05 9.9892E-05 0.998801 9.9892E-05 9.9892E-05 9.9892E-05 9.9892E-05 9.9892E-05 9.9892E-05
0.0235451 9.9955E-05 9.9955E-05 0.0127497 9.9955E-05 0.0135807 0.912499 9.9955E-05 0.0109254 0.00664218 9.9955E-05 0.0132808 0.00627691
9.9892E-05 9.9892E-05 9.9892E-05 9.9892E-05 9.9892E-05 9.9892E-05 9.9892E-05 9.9892E-05 9.9892E-05 9.9892E-05 9.9892E-05 9.9892E-05 0.998801
9.991E-05 9.991E-05 0.00150226 9.991E-05 0.00119891 9.991E-05 9.991E-05 9.991E-05 0.9963 9.991E-05 9.991E-05 9.991E-05 9.991E-05
9.9892E-05 9.9892E-05 9.9892E-05 9.9892E-05 0.998801 9.9892E-05 9.9892E-05 9.9892E-05 9.9892E-05 9.9892E-05 9.9892E-05 9.9892E-05 9.9892E-05
0.00159709 9.9982E-05 0.00845728 0.00968241 0.00414567 0.00562756 0.0108986 9.9982E-05 0.921735 0.00459335 0.00777683 0.0120817 0.0132042
0.00896462 9.99329E-05 9.99329E-05 9.99329E-05 0.972414 0.0047406 0.0056126 9.99329E-05 9.99329E-05 9.99329E-05 0.00746888 9.99329E-05 9.99329E-05
9.98918E-05 0.998801 9.98918E-05 9.98918E-05 9.98918E-05 9.98918E-05 9.98918E-05 9.98918E-05 9.98918E-05 9.98918E-05 9.98918E-05 9.98918E-05 9.98918E-05
9.9892E-05 9.9892E-05 9.9892E-05 9.9892E-05 9.9892E-05 9.9892E-05 9.9892E-05 9.9892E-05 9.9892E-05 9.9892E-05 9.9892E-05 0.998801 9.9892E-05
0.0614049 0.24715 0.0319083 0.0741473 0.0509601 0.0593525 0.0801355 0.0689442 0.0868893 0.102327 0.0384201 0.0462438 0.0521172
0.00706065 9.9946E-05 0.000685155 9.9946E-05 0.0065265 9.9946E-05 9.9946E-05 9.9946E-05 0.00705909 0.973433 9.9946E-05 0.00405922 0.000576441
9.98919E-05 9.98919E-05 9.98919E-05 9.98919E-05 9.98919E-05 9.98919E-05 9.98919E-05 9.98919E-05 9.98919E-05 0.998801 9.98919E-05 9.98919E-05 9.98919E-05
0.0694992 0.652183 9.9973E-05 0.0207846 9.9973E-05 0.129262 0.0240339 0.00293927 0.0149133 0.0392523 9.9973E-05 0.0282678 0.0185641
9.98919E-05 9.98919E-05 9.98919E-05 9.98919E-05 9.98919E-05 0.998801 9.98919E-05 9.98919E-05 9.98919E-05 9.98919E-05 9.98919E-05 9.98919E-05 9.98919E-05
0.0672347 0.148705 0.0371934 0.0252112 0.0416837 0.435355 0.0198016 0.0516399 0.0428389 0.0601203 0.0196081 0.0172726 0.0333356
0.998801 9.9892E-05 9.9892E-05 9.9892E-05 9.9892E-05 9.9892E-05 9.9892E-05 9.9892E-05 9.9892E-05 9.9892E-05 9.9892E-05 9.9892E-05 9.9892E-05
9.98919E-05 9.98919E-05 9.98919E-05 9.98919E-05 9.98919E-05 9.98919E-05 9.98919E-05 0.998801 9.98919E-05 9.98919E-05 9.98919E-05 9.98919E-05 9.98919E-05
0.411049 0.0397553 0.0326573 0.0433835 0.0198673 0.0399486 0.0176246 0.0299134 0.0261868 0.0309336 0.266295 0.0118921 0.030494
9.9892E-05 9.9892E-05 9.9892E-05 0.998801 9.9892E-05 9.9892E-05 9.9892E-05 9.9892E-05 9.9892E-05 9.9892E-05 9.9892E-05 9.9892E-05 9.9892E-05
0.0157829 0.0262625 9.99298E-05 0.947472 9.99298E-05 9.99298E-05 9.99298E-05 0.000754705 9.99298E-05 9.99298E-05 9.99298E-05 9.99298E-05 0.00892896
9.9892E-05 9.9892E-05 9.9892E-05 9.9892E-05 9.9892E-05 9.9892E-05 0.998801 9.9892E-05 9.9892E-05 9.9892E-05 9.9892E-05 9.9892E-05 9.9892E-05
0.0263836 9.9991E-05 0.0086272 0.0140442 0.00898052 0.0154633 0.871207 0.00549222 0.0065047 0.0106803 0.00413903 0.0235339 0.00484386
9.99011E-05 9.99011E-05 9.99011E-05 9.99011E-05 9.99011E-05 9.99011E-05 0.000605364 9.99011E-05 9.99011E-05 9.99011E-05 9.99011E-05 9.99011E-05 0.998296
9.9892E-05 9.9892E-05 9.9892E-05 9.9892E-05 9.9892E-05 9.9892E-05 9.9892E-05 9.9892E-05 0.998801 9.9892E-05 9.9892E-05 9.9892E-05 9.9892E-05
0.00884916 9.9955E-05 0.970431 9.9955E-05 9.9955E-05 0.00130939 0.00781878 0.00355129 0.000448225 9.9955E-05 9.9955E-05 0.000900475 0.00619142
9.9892E-05 9.9892E-05 9.9892E-05 9.9892E-05 9.9892E-05 9.9892E-05 9.9892E-05 9.9892E-05 0.998801 9.9892E-05 9.9892E-05 9.9892E-05 9.9892E-05
9.991E-05 9.991E-05 0.991368 0.004987 9.991E-05 9.991E-05 0.00264629 9.991E-05 9.991E-05 9.991E-05 9.991E-05 9.991E-05 9.991E-05
9.98919E-05 0.998801 9.98919E-05 9.98919E-05 9.98919E-05 9.98919E-05 9.98919E-05 9.98919E-05 9.98919E-05 9.98919E-05 9.98919E-05 9.98919E-05 9.98919E-05
0.000184261 0.00936811 0.000504493 9.9937E-05 0.00691705 9.9937E-05 9.9937E-05 9.9937E-05 9.9937E-05 9.9937E-05 9.9937E-05 0.976532 0.00579485
0.060788 0.607276 0.0243969 0.0285078 0.00996707 0.0124209 0.0262708 0.0597425 0.026252 0.0762637 0.0211901 0.0295018 0.0174228
0.0114099 9.9955E-05 0.00773544 0.00862884 0.00417893 9.9955E-05 0.00711494 9.9955E-05 9.9955E-05 0.937056 0.0108367 9.9955E-05 0.0125396
0.00196986 9.99279E-05 9.99279E-05 0.00424436 9.99279E-05 0.00446173 9.99279E-05 0.00870261 9.99279E-05 0.979822 9.99279E-05 9.99279E-05 9.99279E-05
0.0321864 0.662758 0.0205757 0.0207975 0.00581302 0.0804524 0.0474405 0.0101549 0.0313751 9.9991E-05 0.0171687 0.0339883 0.0371893
9.98919E-05 9.98919E-05 9.98919E-05 9.98919E-05 9.98919E-05 0.998801 9.98919E-05 9.98919E-05 9.98919E-05 9.98919E-05 9.98919E-05 9.98919E-05 9.98919E-05
0.0217112 0.289498 0.00985472 0.0237373 0.0334886 0.026089 0.0565852 0.372215 0.0301829 0.0475371 0.0178184 0.0269874 0.0442956
0.917039 0.00108922 0.011416 0.00315312 0.0101702 0.0065723 0.0221771 0.00392634 0.0123371 9.9973E-05 9.9973E-05 0.0118196 9.9973E-05
9.9892E-05 9.9892E-05 9.9892E-05 9.9892E-05 9.9892E-05 9.9892E-05 9.9892E-05 0.998801 9.9892E-05 9.9892E-05 9.9892E-05 9.9892E-05 9.9892E-05
0.89327 9.9901E-05 9.9901E-05 9.9901E-05 9.9901E-05 9.9901E-05 9.9901E-05 9.9901E-05 9.9901E-05 9.9901E-05 0.105631 9.9901E-05 9.9901E-05
9.991E-05 9.991E-05 9.991E-05 0.97803 0.00757945 9.991E-05 0.0133919 9.991E-05 9.991E-05 9.991E-05 9.991E-05 9.991E-05 9.991E-05
9.9937E-05 0.0242396 9.9937E-05 0.948218 9.9937E-05 9.9937E-05 9.9937E-05 9.9937E-05 0.00409885 0.00609261 0.0082762 9.9937E-05 0.00837541
9.9892E-05 9.9892E-05 9.9892E-05 9.9892E-05 9.9892E-05 9.9892E-05 0.998801 9.9892E-05 9.9892E-05 9.9892E-05 9.9892E-05 9.9892E-05 9.9892E-05
0.0327572 0.0793797 0.0196368 0.0282957 0.0407006 0.0533215 0.553566 0.0366916 0.0296598 0.0382072 0.0344707 0.0288672 0.0244462
0.00135417 0.00526727 0.00344572 0.00629488 0.00469185 0.0119283 9.9973E-05 0.00196516 0.00612021 9.9973E-05 9.9973E-05 0.000141642 0.958491
9.9937E-05 9.9937E-05 0.00911457 0.00865331 0.000158804 0.0102047 9.9937E-05 0.00736246 0.963807 9.9937E-05 9.9937E-05 9.9937E-05 9.9937E-05
9.99503E-05 0.00661159 9.99503E-05 0.00999315 0.941819 9.99503E-05 0.0187222 0.0106865 9.99503E-05 0.00207761 9.99503E-05 0.00949017 9.99503E-05
0.0172943 0.0317831 0.0123599 0.0145962 0.0108597 9.9991E-05 0.0253035 0.016236 0.838032 0.00342053 0.00652845 0.00841876 0.0150679
9.98919E-05 9.98919E-05 0.998801 9.98919E-05 9.98919E-05 9.98919E-05 9.98919E-05 9.98919E-05 9.98919E-05 9.98919E-05 9.98919E-05 9.98919E-05 9.98919E-05
9.99279E-05 0.96371 9.99279E-05 0.00494971 0.00263222 9.99279E-05 9.99279E-05 0.020472 0.00743696 9.99279E-05 9.99279E-05 9.99279E-05 9.99279E-05
9.9892E-05 9.9892E-05 9.9892E-05 9.9892E-05 9.9892E-05 9.9892E-05 9.9892E-05 9.9892E-05 9.9892E-05 9.9892E-05 9.9892E-05 0.998801 9.9892E-05
0.00477932 0.667725 0.0131349 0.0166507 0.000912265 0.0141411 0.0369684 0.0638759 0.00547555 0.100454 0.0181334 0.0323743 0.0253743
0.074452 0.117647 9.9982E-05 0.0355922 0.034659 0.0493152 0.0251771 0.0266531 0.0365313 0.559846 9.9982E-05 0.0136528 0.0262748
9.98918E-05 9.98918E-05 9.98918E-05 9.98918E-05 9.98918E-05 9.98918E-05 9.98918E-05 9.98918E-05 9.98918E-05 0.998801 9.98918E-05 9.98918E-05 9.98918E-05
0.00597183 9.9964E-05 0.0254662 0.00612074 9.9964E-05 0.894783 0.0264532 0.00585003 9.9964E-05 0.00849195 0.0136897 9.9964E-05 0.0127737
0.0484893 0.677668 0.0201626 0.0165595 9.9982E-05 0.0731084 0.0437387 9.9982E-05 0.03819 0.00127437 0.00267598 0.0346091 0.043324
0.0248329 0.255584 0.00496072 0.0460417 0.0404354 0.0434963 0.0613608 0.330183 0.0419066 0.0528891 0.025844 0.0424119 0.0300535
0.988962 9.991E-05 9.991E-05 9.991E-05 0.00579098 9.991E-05 9.991E-05 0.00424751 9.991E-05 9.991E-05 9.991E-05 9.991E-05 9.991E-05
9.98919E-05 9.98919E-05 9.98919E-05 9.98919E-05 9.98919E-05 9.98919E-05 9.98919E-05 0.998801 9.98919E-05 9.98919E-05 9.98919E-05 9.98919E-05 9.98919E-05
0.446767 0.0476379 0.0123727 0.022097 0.0115647 0.0497222 0.0243724 0.0257786 0.00438957 0.0313221 0.291972 0.0110711 0.0209325
9.99011E-05 9.99011E-05 9.99011E-05 0.992389 9.99011E-05 0.00651223 9.99011E-05 9.99011E-05 9.99011E-05 9.99011E-05 9.99011E-05 9.99011E-05 9.99011E-05
9.98921E-05 9.98921E-05 9.98921E-05 0.998801 9.98921E-05 9.98921E-05 9.98921E-05 9.98921E-05 9.98921E-05 9.98921E-05 9.98921E-05 9.98921E-05 9.98921E-05
9.98919E-05 9.98919E-05 9.98919E-05 9.98919E-05 9.98919E-05 9.98919E-05 0.998801 9.98919E-05 9.98919E-05 9.98919E-05 9.98919E-05 9.98919E-05 9.98919E-05
0.0295364 0.0747123 0.0134115 0.0268525 0.0213824 0.0713842 0.57568 0.0275396 0.0372522 0.0284693 0.0375633 0.0248234 0.0313932
0.00539392 0.0185742 0.00105215 0.00655141 0.0145227 9.9991E-05 0.0148255 0.0175746 0.0194948 0.0340281 0.0214315 0.0102899 0.836161
9.98921E-05 9.98921E-05 9.98921E-05 9.98921E-05 9.98921E-05 9.98921E-05 9.98921E-05 9.98921E-05 0.998801 9.98921E-05 9.98921E-05 9.98921E-05 9.98921E-05
9.9892E-05 9.9892E-05 9.9892E-05 9.9892E-05 0.998801 9.9892E-05 9.9892E-05 9.9892E-05 9.9892E-05 9.9892E-05 9.9892E-05 9.9892E-05 9.9892E-05
0.031791 0.040989 0.0213347 0.0293492 0.00799487 0.0294614 0.0340978 0.0125341 0.727796 0.0180844 0.0032966 0.0259192 0.0173521
9.98919E-05 9.98919E-05 0.998801 9.98919E-05 9.98919E-05 9.98919E-05 9.98919E-05 9.98919E-05 9.98919E-05 9.98919E-05 9.98919E-05 9.98919E-05 9.98919E-05
9.98918E-05 0.998801 9.98918E-05 9.98918E-05 9.98918E-05 9.98918E-05 9.98918E-05 9.98918E-05 9.98918E-05 9.98918E-05 9.98918E-05 9.98918E-05 9.98918E-05
9.9892E-05 9.9892E-05 9.9892E-05 9.9892E-05 9.9892E-05 9.9892E-05 9.9892E-05 9.9892E-05 9.9892E-05 9.9892E-05 9.9892E-05 0.998801 9.9892E-05
0.0121505 0.284535 0.0697282 0.032043 0.0095552 0.154073 0.0790965 0.0644829 0.053361 0.0680418 0.0723671 0.0620108 0.038555
0.0233373 0.749106 0.00182751 0.00521926 0.00532043 0.00858569 0.00887067 0.0384312 0.00565924 0.0982552 0.0128272 0.0324017 0.0101588
0.0707386 0.197032 0.0217588 0.0230394 9.9991E-05 0.0532765 0.0372213 0.00185792 0.0171834 0.512857 0.0162334 0.0139453 0.034757
0.00195185 0.0656375 0.0138118 0.028638 0.00450508 0.015651 0.0148854 0.0211681 0.0227352 0.738319 0.0240167 0.0313508 0.0173291
0.0105458 0.0934986 0.0494156 0.0250726 0.0416209 0.519743 0.0451078 0.0221699 0.0333993 0.0694529 0.0318877 0.0266615 0.0314245
0.0589301 0.682683 0.0171088 0.0247379 9.9964E-05 0.0775714 0.0300995 9.9964E-05 0.024346 9.9964E-05 9.9964E-05 0.0397415 0.0443821
0.000337851 0.0436997 9.9973E-05 0.0184246 9.9973E-05 0.0322212 0.0275322 0.81216 9.9973E-05 0.00288587 0.037455 0.0163242 0.00865979
0.998801 9.9892E-05 9.9892E-05 9.9892E-05 9.9892E-05 9.9892E-05 9.9892E-05 9.9892E-05 9.9892E-05 9.9892E-05 9.9892E-05 9.9892E-05 9.9892E-05
0.000726278 9.9982E-05 0.0114777 0.00962835 0.0101115 9.9982E-05 0.0112289 0.928848 0.00687617 0.0102653 0.000767803 0.00388512 0.00598518
9.98919E-05 9.98919E-05 9.98919E-05 9.98919E-05 9.98919E-05 9.98919E-05 9.98919E-05 9.98919E-05 9.98919E-05 9.98919E-05 0.998801 9.98919E-05 9.98919E-05
9.9955E-05 9.9955E-05 0.00079543 0.945758 0.0139033 0.0191736 0.0116703 0.00184074 0.00358089 9.9955E-05 9.9955E-05 0.00277822 9.9955E-05
9.98921E-05 9.98921E-05 9.98921E-05 0.998801 9.98921E-05 9.98921E-05 9.98921E-05 9.98921E-05 9.98921E-05 9.98921E-05 9.98921E-05 9.98921E-05 9.98921E-05
9.9892E-05 9.9892E-05 9.9892E-05 9.9892E-05 9.9892E-05 9.9892E-05 0.998801 9.9892E-05 9.9892E-05 9.9892E-05 9.9892E-05 9.9892E-05 9.9892E-05
0.0158932 0.00183512 9.9973E-05 0.00054294 9.9973E-05 0.0160353 0.922649 0.00944594 0.0110036 0.00871904 0.00316911 0.0104069 9.9973E-05
9.991E-05 9.991E-05 0.0030542 0.000923388 9.991E-05 9.991E-05 9.991E-05 9.991E-05 9.991E-05 9.991E-05 9.991E-05 9.991E-05 0.995023
9.9892E-05 9.9892E-05 9.9892E-05 9.9892E-05 9.9892E-05 9.9892E-05 9.9892E-05 9.9892E-05 0.998801 9.9892E-05 9.9892E-05 9.9892E-05 9.9892E-05
9.9892E-05 9.9892E-05 9.9892E-05 9.9892E-05 0.998801 9.9892E-05 9.9892E-05 9.9892E-05 9.9892E-05 9.9892E-05 9.9892E-05 9.9892E-05 9.9892E-05
9.98921E-05 9.98921E-05 9.98921E-05 9.98921E-05 9.98921E-05 9.98921E-05 9.98921E-05 9.98921E-05 0.998801 9.98921E-05 9.98921E-05 9.98921E-05 9.98921E-05
9.9892E-05 9.9892E-05 0.998801 9.9892E-05 9.9892E-05 9.9892E-05 9.9892E-05 9.9892E-05 9.9892E-05 9.9892E-05 9.9892E-05 9.9892E-05 9.9892E-05
0.037628 0.691778 0.010061 0.0133758 9.9991E-05 0.077115 0.0243967 0.00332207 0.0443212 0.0412921 0.0101242 0.0318545 0.0146313
9.9955E-05 0.000498872 9.9955E-05 0.00347858 0.000681373 9.9955E-05 9.9955E-05 9.9955E-05 0.0158261 0.00180217 0.00672787 0.969566 0.000919041
0.0140393 0.280589 0.0630118 0.0342509 0.0157079 0.166223 0.0776181 0.0721738 0.0556046 0.0434861 0.0728306 0.0595239 0.0449409
0.0599488 0.505162 0.0513631 0.0183283 0.0155932 0.0124135 0.0300421 0.0579334 0.0354467 0.118789 0.0290725 0.024729 0.0411781
0.0619878 0.185141 0.0274362 0.0225467 0.00262462 0.0478429 0.0368012 0.00100578 0.00985136 0.531361 0.0278415 0.0142777 0.0312827
0.0453361 0.082627 0.0183411 0.0140762 0.000605981 0.0605199 0.00964277 0.0341012 0.0227746 0.694461 9.9991E-05 0.0133786 0.00403585
9.9937E-05 9.9937E-05 0.0248224 9.9937E-05 9.9937E-05 0.951063 0.0023181 9.9937E-05 9.9937E-05 0.00872047 0.00797716 9.9937E-05 0.00439976
0.0475648 0.600217 0.00989493 0.0283294 0.0132791 0.0743362 0.0523743 0.0162996 0.0518367 0.0358079 0.0123253 0.030987 0.026748
9.999E-05 0.0279179 0.0124671 0.0185018 0.00343086 0.0209515 0.027857 0.810485 0.00307772 0.0041142 0.0300333 0.0292845 0.0117791
0.890243 9.9901E-05 9.9901E-05 9.9901E-05 9.9901E-05 9.9901E-05 9.9901E-05 9.9901E-05 9.9901E-05 9.9901E-05 0.108659 9.9901E-05 9.9901E-05
9.98919E-05 9.98919E-05 9.98919E-05 9.98919E-05 9.98919E-05 9.98919E-05 9.98919E-05 0.998801 9.98919E-05 9.98919E-05 9.98919E-05 9.98919E-05 9.98919E-05
9.98919E-05 9.98919E-05 9.98919E-05 9.98919E-05 9.98919E-05 9.98919E-05 9.98919E-05 9.98919E-05 9.98919E-05 9.98919E-05 0.998801 9.98919E-05 9.98919E-05
9.9955E-05 9.9955E-05 0.00542289 0.947926 9.9955E-05 0.0125552 0.00832319 0.0161252 0.0010809 0.000403317 9.9955E-05 0.00766342 9.9955E-05
0.00431887 0.000884509 9.991E-05 0.993798 9.991E-05 9.991E-05 9.991E-05 9.991E-05 9.991E-05 9.991E-05 9.991E-05 9.991E-05 9.991E-05
9.9892E-05 9.9892E-05 9.9892E-05 9.9892E-05 9.9892E-05 9.9892E-05 0.998801 9.9892E-05 9.9892E-05 9.9892E-05 9.9892E-05 9.9892E-05 9.9892E-05
9.9892E-05 9.9892E-05 9.9892E-05 9.9892E-05 9.9892E-05 9.9892E-05 0.998801 9.9892E-05 9.9892E-05 9.9892E-05 9.9892E-05 9.9892E-05 9.9892E-05
9.9964E-05 9.9964E-05 0.00594413 0.00119219 0.00482624 0.00799053 0.00461247 0.00198306 9.9964E-05 9.9964E-05 0.00105568 0.001241 0.970755
0.00578526 0.00740924 9.9937E-05 9.9937E-05 0.0081488 9.9937E-05 9.9937E-05 9.9937E-05 0.970624 9.9937E-05 0.00701106 0.000322496 9.9937E-05
0.0610942 0.0806763 0.317911 0.03916 0.177849 0.0548431 0.0412599 0.0508381 0.032196 0.0588218 0.0310663 0.00822935 0.0460553
9.9937E-05 9.9937E-05 9.9937E-05 9.9937E-05 9.9937E-05 0.00581124 9.9937E-05 9.9937E-05 0.964435 0.0186337 0.00292028 0.00255065 0.00494973
9.9928E-05 9.9928E-05 0.000246464 0.00305789 0.00765448 9.9928E-05 9.9928E-05 9.9928E-05 9.9928E-05 9.9928E-05 0.00169116 0.986551 9.9928E-05
0.0494382 0.514883 0.00094314 0.036902 0.0304232 0.035534 0.0293756 0.0767124 0.00559656 0.174743 0.00783129 0.0289903 0.00862771
0.00848969 0.288218 0.0606217 0.0362285 0.0102822 0.151791 0.083853 0.0654286 0.0565773 0.0591838 0.0790621 0.0528846 0.0473795
0.0773793 0.45703 0.0350626 0.0411113 0.0262301 0.077511 0.0131404 0.0343317 0.0532546 0.098142 0.00140681 0.0279573 0.0574431
0.0510507 0.176168 0.0254701 0.0207341 9.9982E-05 0.0533931 0.0279992 9.9982E-05 0.0154205 0.551033 0.0157852 0.0244753 0.0382704
0.0449372 0.0607034 0.0123975 0.0283924 0.0360269 0.0685022 0.0129736 0.0327214 0.0340815 0.581154 0.0247462 0.0274672 0.035897
9.9892E-05 9.9892E-05 9.9892E-05 9.9892E-05 9.9892E-05 0.998801 9.9892E-05 9.9892E-05 9.9892E-05 9.9892E-05 9.9892E-05 9.9892E-05 9.9892E-05
0.00552604 9.9946E-05 0.0289531 9.9946E-05 9.9946E-05 0.93047 0.0067977 0.00405279 9.9946E-05 0.021106 0.00249493 9.9946E-05 9.9946E-05
0.0419237 0.690363 0.0182009 9.9964E-05 9.9964E-05 0.105718 0.0257686 9.9964E-05 0.0569747 0.0160081 9.9964E-05 0.013407 0.0312365
9.9973E-05 0.0262085 9.9973E-05 0.0101499 9.9973E-05 0.0190381 0.0275863 0.844954 0.00316484 0.00550608 0.0242481 0.015794 0.02305
0.889979 9.99009E-05 9.99009E-05 9.99009E-05 9.99009E-05 9.99009E-05 9.99009E-05 9.99009E-05 9.99009E-05 9.99009E-05 0.108922 9.99009E-05 9.99009E-05
9.98919E-05 9.98919E-05 9.98919E-05 9.98919E-05 9.98919E-05 9.98919E-05 9.98919E-05 0.998801 9.98919E-05 9.98919E-05 9.98919E-05 9.98919E-05 9.98919E-05
9.9892E-05 9.9892E-05 9.9892E-05 9.9892E-05 9.9892E-05 9.9892E-05 9.9892E-05 9.9892E-05 9.9892E-05 9.9892E-05 0.998801 9.9892E-05 9.9892E-05
9.9919E-05 9.9919E-05 9.9919E-05 0.991003 0.0014731 0.00396642 9.9919E-05 0.00265848 9.9919E-05 9.9919E-05 9.9919E-05 9.9919E-05 9.9919E-05
0.0226494 9.9928E-05 9.9928E-05 0.00482511 9.9928E-05 0.0158405 0.946865 9.9928E-05 9.9928E-05 9.9928E-05 9.9928E-05 0.00902047 9.9928E-05
9.9892E-05 9.9892E-05 9.9892E-05 9.9892E-05 9.9892E-05 9.9892E-05 9.9892E-05 9.9892E-05 9.9892E-05 9.9892E-05 9.9892E-05 9.9892E-05 0.998801
0.060186 0.112803 0.00983809 0.0340909 0.0274782 0.0432292 0.0640287 9.9991E-05 0.0284207 0.0716851 0.0404268 0.0265242 0.481189
0.0705231 0.124902 0.189058 0.0526566 0.159661 0.0747958 0.0573221 0.0397982 0.0347501 0.0893812 0.039309 0.038173 0.0296696
9.9892E-05 9.9892E-05 9.9892E-05 9.9892E-05 9.9892E-05 9.9892E-05 9.9892E-05 9.9892E-05 0.998801 9.9892E-05 9.9892E-05 9.9892E-05 9.9892E-05
9.9892E-05 9.9892E-05 9.9892E-05 9.9892E-05 0.998801 9.9892E-05 9.9892E-05 9.9892E-05 9.9892E-05 9.9892E-05 9.9892E-05 9.9892E-05 9.9892E-05
0.00382526 0.018934 9.9991E-05 0.0176115 0.0144018 0.0169358 0.019405 0.0134847 0.83832 0.0326611 0.00259485 0.0159336 0.00579272
9.98921E-05 9.98921E-05 9.98921E-05 9.98921E-05 9.98921E-05 9.98921E-05 9.98921E-05 9.98921E-05 9.98921E-05 9.98921E-05 9.98921E-05 0.998801 9.98921E-05
0.0501353 0.574526 9.9991E-05 0.0241008 0.0188413 0.0346015 0.0376969 0.075362 0.0156452 0.102129 0.0215464 0.0253368 0.0199793
0.0534669 0.262934 0.0524122 0.0387191 0.0317091 0.137049 0.080007 0.0736913 0.0582413 0.0627802 0.057794 0.0513296 0.0398664
0.0442251 0.519895 9.9991E-05 0.0259041 0.0375097 0.0697128 0.0199482 0.0490447 0.0293411 0.120301 0.0373126 0.0220841 0.0246219
0.0245103 0.103971 0.00406274 0.00740239 0.0324538 0.0564396 0.00358768 0.0311256 0.0204105 0.637076 0.02112 0.0227643 0.0350764
9.9982E-05 0.0422893 0.00366097 0.0201373 0.0153048 0.0052707 0.00874792 9.9982E-05 0.0129879 0.835302 0.0276866 0.0223982 0.00601454
9.9892E-05 9.9892E-05 9.9892E-05 9.9892E-05 9.9892E-05 0.998801 9.9892E-05 9.9892E-05 9.9892E-05 9.9892E-05 9.9892E-05 9.9892E-05 9.9892E-05
9.9982E-05 9.9982E-05 0.030028 0.0281537 0.00456851 0.761506 0.0335046 0.0270598 0.0251678 0.037899 0.013073 0.00756841 0.0312718
0.0459271 0.687053 0.0168639 9.9964E-05 9.9964E-05 0.116825 0.0202469 9.9964E-05 0.0490127 0.0220745 9.9964E-05 0.0154053 0.0261914
9.9982E-05 0.0346472 9.9982E-05 0.0244241 0.00778776 0.0333735 0.0213062 0.783904 0.0133072 0.00457237 0.0249789 0.0232553 0.0282435
0.890825 9.99009E-05 9.99009E-05 9.99009E-05 9.99009E-05 9.99009E-05 9.99009E-05 9.99009E-05 9.99009E-05 9.99009E-05 0.108076 9.99009E-05 9.99009E-05
9.98919E-05 9.98919E-05 9.98919E-05 9.98919E-05 9.98919E-05 9.98919E-05 9.98919E-05 0.998801 9.98919E-05 9.98919E-05 9.98919E-05 9.98919E-05 9.98919E-05
9.98921E-05 9.98921E-05 9.98921E-05 0.998801 9.98921E-05 9.98921E-05 9.98921E-05 9.98921E-05 9.98921E-05 9.98921E-05 9.98921E-05 9.98921E-05 9.98921E-05
