9.98921E-05 9.98921E-05 0.998801 9.98921E-05 9.98921E-05 9.98921E-05 9.98921E-05 9.98921E-05 9.98921E-05 9.98921E-05 9.98921E-05 9.98921E-05 9.98921E-05
9.9955E-05 0.94597 0.00155366 9.9955E-05 0.000321349 0.0197831 9.9955E-05 0.00132556 9.9955E-05 0.0125578 0.00846169 0.00952695 9.9955E-05
9.99495E-05 0.93806 9.99495E-05 9.99495E-05 9.99495E-05 0.00848975 0.00742682 0.000777186 9.99495E-05 0.0249427 0.00848801 0.0112156 9.99495E-05
0.998801 9.9892E-05 9.9892E-05 9.9892E-05 9.9892E-05 9.9892E-05 9.9892E-05 9.9892E-05 9.9892E-05 9.9892E-05 9.9892E-05 9.9892E-05 9.9892E-05
0.998801 9.9892E-05 9.9892E-05 9.9892E-05 9.9892E-05 9.9892E-05 9.9892E-05 9.9892E-05 9.9892E-05 9.9892E-05 9.9892E-05 9.9892E-05 9.9892E-05
0.0391108 0.059574 0.0547641 0.123315 0.314337 0.035339 0.0204894 0.0449251 0.0786932 0.039967 0.0274216 0.0853641 0.0766997
9.9892E-05 9.9892E-05 9.9892E-05 9.9892E-05 9.9892E-05 9.9892E-05 9.9892E-05 0.998801 9.9892E-05 9.9892E-05 9.9892E-05 9.9892E-05 9.9892E-05
9.9892E-05 9.9892E-05 9.9892E-05 9.9892E-05 0.998801 9.9892E-05 9.9892E-05 9.9892E-05 9.9892E-05 9.9892E-05 9.9892E-05 9.9892E-05 9.9892E-05
9.98919E-05 9.98919E-05 9.98919E-05 0.998801 9.98919E-05 9.98919E-05 9.98919E-05 9.98919E-05 9.98919E-05 9.98919E-05 9.98919E-05 9.98919E-05 9.98919E-05
0.00364086 0.00703819 9.9928E-05 9.9928E-05 9.9928E-05 0.974714 9.9928E-05 0.00553092 0.00827642 9.9928E-05 9.9928E-05 9.9928E-05 9.9928E-05
0.0548175 0.0593996 0.0473551 0.443891 0.0201808 0.0402115 0.053412 0.0369506 0.0224461 0.037859 0.0218574 0.0819625 0.0796567
0.0410918 0.0798674 0.0352345 0.24807 0.0381193 0.0567167 0.0697678 0.0570595 0.0472144 0.0744889 0.0605245 0.119375 0.0724699
0.00319731 9.9955E-05 0.00354472 9.9955E-05 0.0092582 9.9955E-05 9.9955E-05 0.00554945 0.00468641 9.9955E-05 0.00673407 0.0072414 0.959289
9.98919E-05 9.98919E-05 9.98919E-05 9.98919E-05 9.98919E-05 9.98919E-05 9.98919E-05 9.98919E-05 9.98919E-05 9.98919E-05 9.98919E-05 9.98919E-05 0.998801
9.99551E-05 0.00645197 9.99551E-05 0.436494 9.99551E-05 0.0165534 9.99551E-05 0.505134 0.00626915 0.0151016 0.00870368 9.99551E-05 0.00479237
9.991E-05 9.991E-05 9.991E-05 9.991E-05 9.991E-05 0.00424918 9.991E-05 9.991E-05 0.00541872 9.991E-05 0.989333 9.991E-05 9.991E-05
9.98919E-05 9.98919E-05 9.98919E-05 9.98919E-05 9.98919E-05 9.98919E-05 9.98919E-05 9.98919E-05 9.98919E-05 0.998801 9.98919E-05 9.98919E-05 9.98919E-05
0.047716 0.0544763 0.0300831 0.4937 0.0149318 0.0245818 0.021405 0.0584508 0.0260687 0.044005 0.0308728 0.107404 0.0463043
0.0189396 0.0308448 0.031631 0.0341978 0.00766861 0.020304 0.786216 0.0115151 0.00661345 0.02209 0.0174925 0.00396643 0.00852043
0.0386645 0.028425 0.0304751 0.0183961 0.0132495 0.0180806 0.0580329 0.027191 0.0276714 0.00716685 0.018306 0.705903 0.00843828
0.00172637 0.00554237 9.9928E-05 9.9928E-05 9.9928E-05 9.9928E-05 0.981877 9.9928E-05 9.9928E-05 9.9928E-05 0.00328695 0.00676821 9.9928E-05
0.0137958 9.9964E-05 0.000409832 0.01615 0.00931342 9.9964E-05 0.00882337 9.9964E-05 0.00264901 0.00104756 9.9964E-05 0.923786 0.023625
0.00051279 9.9955E-05 0.921773 0.0220936 9.9955E-05 0.00770227 9.9955E-05 0.00958412 0.00352625 9.9955E-05 9.9955E-05 0.0238538 0.0104539
9.98919E-05 0.998801 9.98919E-05 9.98919E-05 9.98919E-05 9.98919E-05 9.98919E-05 9.98919E-05 9.98919E-05 9.98919E-05 9.98919E-05 9.98919E-05 9.98919E-05
0.00216519 0.911985 0.0124135 9.9955E-05 9.9955E-05 0.0219608 9.9955E-05 0.00901334 9.9955E-05 0.011546 0.0147675 0.0156491 9.9955E-05
0.998801 9.9892E-05 9.9892E-05 9.9892E-05 9.9892E-05 9.9892E-05 9.9892E-05 9.9892E-05 9.9892E-05 9.9892E-05 9.9892E-05 9.9892E-05 9.9892E-05
9.9892E-05 9.9892E-05 9.9892E-05 9.9892E-05 9.9892E-05 9.9892E-05 9.9892E-05 0.998801 9.9892E-05 9.9892E-05 9.9892E-05 9.9892E-05 9.9892E-05
9.9892E-05 9.9892E-05 9.9892E-05 9.9892E-05 0.998801 9.9892E-05 9.9892E-05 9.9892E-05 9.9892E-05 9.9892E-05 9.9892E-05 9.9892E-05 9.9892E-05
0.00603039 0.0178592 0.0212415 0.00340305 0.00325042 9.9973E-05 0.0122398 0.913719 0.0057511 0.00730888 9.9973E-05 0.00889639 9.9973E-05
9.9928E-05 0.00831285 0.00569174 9.9928E-05 0.971664 9.9928E-05 9.9928E-05 0.00908733 9.9928E-05 0.00444424 9.9928E-05 9.9928E-05 9.9928E-05
9.98918E-05 9.98918E-05 9.98918E-05 0.998801 9.98918E-05 9.98918E-05 9.98918E-05 9.98918E-05 9.98918E-05 9.98918E-05 9.98918E-05 9.98918E-05 9.98918E-05
9.9892E-05 9.9892E-05 9.9892E-05 9.9892E-05 9.9892E-05 0.998801 9.9892E-05 9.9892E-05 9.9892E-05 9.9892E-05 9.9892E-05 9.9892E-05 9.9892E-05
0.0546132 0.0809457 0.0693716 0.279269 0.0393206 0.0564291 0.0662892 0.0805239 0.035667 0.0471572 0.0301659 0.0860846 0.074163
0.00138769 9.9946E-05 0.0035453 9.9946E-05 0.0115602 9.9946E-05 9.9946E-05 0.00348096 0.00115681 9.9946E-05 9.9946E-05 0.00121758 0.977052
9.98919E-05 9.98919E-05 9.98919E-05 9.98919E-05 9.98919E-05 9.98919E-05 9.98919E-05 9.98919E-05 9.98919E-05 9.98919E-05 9.98919E-05 9.98919E-05 0.998801
0.0150684 0.0269414 0.0223879 0.634996 0.00424396 0.0311432 0.0141645 0.0205806 9.9991E-05 0.0733336 0.0560531 0.0658788 0.035109
9.9892E-05 9.9892E-05 9.9892E-05 9.9892E-05 9.9892E-05 9.9892E-05 9.9892E-05 9.9892E-05 9.9892E-05 9.9892E-05 0.998801 9.9892E-05 9.9892E-05
0.0323336 0.00967508 0.0265001 0.131721 0.0351244 0.0168144 0.0438015 0.0445771 0.0332602 0.432168 0.0547816 0.0914763 0.0477669
9.9937E-05 0.00154211 9.9937E-05 9.9937E-05 9.9937E-05 0.0229788 9.9937E-05 0.00990978 0.0185601 0.00514866 9.9937E-05 0.941161 9.9937E-05
9.98919E-05 9.98919E-05 9.98919E-05 9.98919E-05 9.98919E-05 9.98919E-05 0.998801 9.98919E-05 9.98919E-05 9.98919E-05 9.98919E-05 9.98919E-05 9.98919E-05
0.0248375 0.0258406 0.043093 0.0307554 0.0126919 0.00682732 0.0422021 0.0176643 0.0284431 0.0405086 0.0190609 0.675913 0.0321622
9.9892E-05 9.9892E-05 0.998801 9.9892E-05 9.9892E-05 9.9892E-05 9.9892E-05 9.9892E-05 9.9892E-05 9.9892E-05 9.9892E-05 9.9892E-05 9.9892E-05
0.00774077 0.00246087 0.950615 9.9946E-05 9.9946E-05 9.9946E-05 0.00259692 0.0156763 9.9946E-05 9.9946E-05 9.9946E-05 0.0163319 0.00397888
9.9892E-05 0.998801 9.9892E-05 9.9892E-05 9.9892E-05 9.9892E-05 9.9892E-05 9.9892E-05 9.9892E-05 9.9892E-05 9.9892E-05 9.9892E-05 9.9892E-05
0.000815616 0.865298 0.0100959 0.0159977 0.00539111 0.0133121 0.0101291 0.010762 9.9991E-05 0.0141353 0.0100077 0.0355125 0.00844262
0.998801 9.98921E-05 9.98921E-05 9.98921E-05 9.98921E-05 9.98921E-05 9.98921E-05 9.98921E-05 9.98921E-05 9.98921E-05 9.98921E-05 9.98921E-05 9.98921E-05
9.9892E-05 9.9892E-05 9.9892E-05 9.9892E-05 9.9892E-05 9.9892E-05 9.9892E-05 0.998801 9.9892E-05 9.9892E-05 9.9892E-05 9.9892E-05 9.9892E-05
0.00800851 0.00347786 9.9964E-05 0.00379007 9.9964E-05 0.00301205 0.00443178 0.00677457 0.964856 0.00314693 9.9964E-05 0.00210264 9.9964E-05
9.9892E-05 9.9892E-05 9.9892E-05 9.9892E-05 9.9892E-05 9.9892E-05 9.9892E-05 0.998801 9.9892E-05 9.9892E-05 9.9892E-05 9.9892E-05 9.9892E-05
9.991E-05 9.991E-05 0.00504831 9.991E-05 9.991E-05 9.991E-05 9.991E-05 9.991E-05 0.991995 9.991E-05 0.00195792 9.991E-05 9.991E-05
9.98919E-05 9.98919E-05 9.98919E-05 0.998801 9.98919E-05 9.98919E-05 9.98919E-05 9.98919E-05 9.98919E-05 9.98919E-05 9.98919E-05 9.98919E-05 9.98919E-05
0.00339882 0.00161638 0.000655341 0.00265695 0.00528151 0.977411 9.9955E-05 0.008135 9.9955E-05 9.9955E-05 9.9955E-05 0.000345415 9.9955E-05
0.0209805 0.0241607 0.031946 0.588302 0.0131778 0.0228416 0.0523014 0.03082 0.019613 0.0276173 9.9991E-05 0.093197 0.0749427
0.0153334 0.0122474 0.00691311 9.9964E-05 0.00416207 0.00432917 9.9964E-05 0.00390339 0.0120364 9.9964E-05 9.9964E-05 0.0101911 0.930484
9.9955E-05 9.9955E-05 0.00109306 0.00292723 0.000431417 0.0128573 9.9955E-05 0.00116397 9.9955E-05 0.00654873 9.9955E-05 0.000780829 0.973698
0.034152 0.0162766 0.0348738 0.640414 0.00430757 0.0538197 0.00256357 0.0335896 0.0289464 0.0431959 0.0456107 0.0476044 0.0146458
9.9892E-05 9.9892E-05 9.9892E-05 9.9892E-05 9.9892E-05 9.9892E-05 9.9892E-05 9.9892E-05 9.9892E-05 9.9892E-05 0.998801 9.9892E-05 9.9892E-05
0.0123681 0.0443011 0.0346641 0.312081 0.0353212 0.0358838 0.359596 0.0322435 0.00572098 0.0271461 0.00820123 0.0392247 0.0532482
0.011485 0.0342218 0.0132543 0.0181567 0.0277031 0.0208311 0.0162811 0.022282 0.00758763 9.9982E-05 0.00701542 0.820982 9.9982E-05
9.9892E-05 9.9892E-05 9.9892E-05 9.9892E-05 9.9892E-05 9.9892E-05 0.998801 9.9892E-05 9.9892E-05 9.9892E-05 9.9892E-05 9.9892E-05 9.9892E-05
9.9892E-05 9.9892E-05 9.9892E-05 9.9892E-05 9.9892E-05 9.9892E-05 9.9892E-05 9.9892E-05 9.9892E-05 9.9892E-05 9.9892E-05 0.998801 9.9892E-05
9.9928E-05 0.00615494 0.981482 9.9928E-05 0.00259833 9.9928E-05 0.00744889 9.9928E-05 0.00151634 9.9928E-05 9.9928E-05 9.9928E-05 9.9928E-05
0.021585 9.9937E-05 0.937778 0.0121294 9.9937E-05 9.9937E-05 9.9937E-05 0.00674147 9.9937E-05 9.9937E-05 9.9937E-05 0.0178265 0.00324025
9.9892E-05 0.998801 9.9892E-05 9.9892E-05 9.9892E-05 9.9892E-05 9.9892E-05 9.9892E-05 9.9892E-05 9.9892E-05 9.9892E-05 9.9892E-05 9.9892E-05
0.0354012 0.557793 0.0300495 0.105018 0.0207204 0.0358326 0.0228225 0.0238813 0.0252463 0.0094318 0.0276808 0.0585131 0.0476094
0.962454 9.9964E-05 0.00979106 9.9964E-05 0.0012476 9.9964E-05 0.00768877 0.00496996 9.9964E-05 0.00924921 0.00327054 0.000662023 0.000266709
9.9946E-05 9.9946E-05 0.0114154 9.9946E-05 0.00166625 0.00105243 0.00934673 0.970575 0.00252974 0.002815 9.9946E-05 9.9946E-05 9.9946E-05
0.00534483 0.0140269 0.00979058 0.00707792 0.931789 0.00702705 0.0124377 0.0032162 9.9973E-05 0.00845159 9.9973E-05 9.9973E-05 0.000537801
0.00783266 0.021964 0.019309 0.0141285 0.0183906 0.0137732 0.00817786 0.843458 0.0108944 0.0130447 9.9982E-05 0.0288271 9.9982E-05
9.98919E-05 9.98919E-05 9.98919E-05 9.98919E-05 9.98919E-05 9.98919E-05 9.98919E-05 9.98919E-05 0.998801 9.98919E-05 9.98919E-05 9.98919E-05 9.98919E-05
0.00562233 0.00292529 0.00415846 0.967643 0.0123577 0.00332481 0.00336826 9.99459E-05 9.99459E-05 9.99459E-05 9.99459E-05 9.99459E-05 9.99459E-05
9.9892E-05 9.9892E-05 9.9892E-05 9.9892E-05 9.9892E-05 0.998801 9.9892E-05 9.9892E-05 9.9892E-05 9.9892E-05 9.9892E-05 9.9892E-05 9.9892E-05
0.026353 0.0216139 0.0140539 0.666238 0.0188011 0.0298929 0.0455282 0.0240853 0.00586016 0.0134329 0.00329078 0.0341109 0.0967391
0.0185723 0.0323785 0.0382692 0.092733 0.0281248 0.00772945 0.0230212 0.0308659 9.9991E-05 0.0279235 0.0314814 0.0871852 0.581616
9.98918E-05 9.98918E-05 9.98918E-05 9.98918E-05 9.98918E-05 9.98918E-05 9.98918E-05 9.98918E-05 9.98918E-05 9.98918E-05 9.98918E-05 9.98918E-05 0.998801
9.98919E-05 9.98919E-05 9.98919E-05 9.98919E-05 9.98919E-05 9.98919E-05 9.98919E-05 9.98919E-05 9.98919E-05 0.998801 9.98919E-05 9.98919E-05 9.98919E-05
0.0240714 0.0424753 0.0333761 0.657696 9.9982E-05 0.0517248 9.9982E-05 0.0316343 0.0225142 0.0313227 0.0285185 0.0602467 0.01622
0.0378113 0.0453671 0.0399374 0.280495 0.0445785 0.0371666 0.325053 0.0388185 0.00471559 0.0310124 0.0187253 0.0490599 0.0472595
0.00189766 0.0161898 0.00431036 0.0203827 0.00622312 0.00750396 0.0168547 0.00733308 0.0181379 0.00204068 9.9982E-05 0.898926 9.9982E-05
9.98919E-05 9.98919E-05 9.98919E-05 9.98919E-05 9.98919E-05 9.98919E-05 0.998801 9.98919E-05 9.98919E-05 9.98919E-05 9.98919E-05 9.98919E-05 9.98919E-05
0.0165271 0.0145165 0.0136279 0.0510125 0.0127123 0.00979999 0.0102196 0.00375673 0.0152051 0.0394875 0.0198232 0.754094 0.0392177
9.99101E-05 9.99101E-05 0.995758 9.99101E-05 0.000559463 9.99101E-05 9.99101E-05 9.99101E-05 9.99101E-05 0.00268387 9.99101E-05 9.99101E-05 9.99101E-05
9.98921E-05 9.98921E-05 0.998801 9.98921E-05 9.98921E-05 9.98921E-05 9.98921E-05 9.98921E-05 9.98921E-05 9.98921E-05 9.98921E-05 9.98921E-05 9.98921E-05
9.9892E-05 0.998801 9.9892E-05 9.9892E-05 9.9892E-05 9.9892E-05 9.9892E-05 9.9892E-05 9.9892E-05 9.9892E-05 9.9892E-05 9.9892E-05 9.9892E-05
0.0283033 0.565547 0.0320652 0.0718494 0.025422 0.0381058 0.0285305 0.0286763 0.0126034 0.026897 0.0285091 0.0798645 0.0336268
0.841875 0.00390593 0.00340635 0.0169477 0.0125541 0.0104821 0.02971 0.0234868 9.9991E-05 0.00298698 0.00182435 0.0247344 0.0279858
9.98921E-05 9.98921E-05 9.98921E-05 9.98921E-05 9.98921E-05 9.98921E-05 9.98921E-05 0.998801 9.98921E-05 9.98921E-05 9.98921E-05 9.98921E-05 9.98921E-05
9.9892E-05 9.9892E-05 9.9892E-05 9.9892E-05 0.998801 9.9892E-05 9.9892E-05 9.9892E-05 9.9892E-05 9.9892E-05 9.9892E-05 9.9892E-05 9.9892E-05
0.0136352 0.0324338 0.0331345 0.0315153 0.0148931 0.0202282 0.0162427 0.72423 0.0220372 0.00220304 0.0131121 0.04635 0.0299845
9.98919E-05 9.98919E-05 9.98919E-05 9.98919E-05 9.98919E-05 9.98919E-05 9.98919E-05 9.98919E-05 0.998801 9.98919E-05 9.98919E-05 9.98919E-05 9.98919E-05
9.98918E-05 9.98918E-05 9.98918E-05 0.998801 9.98918E-05 9.98918E-05 9.98918E-05 9.98918E-05 9.98918E-05 9.98918E-05 9.98918E-05 9.98918E-05 9.98918E-05
9.9892E-05 9.9892E-05 9.9892E-05 9.9892E-05 9.9892E-05 0.998801 9.9892E-05 9.9892E-05 9.9892E-05 9.9892E-05 9.9892E-05 9.9892E-05 9.9892E-05
0.0348583 0.0825464 0.0305782 0.281253 0.00260168 0.0541737 0.0598719 0.0410384 0.0669992 0.09912 0.062058 0.111805 0.0730967
0.00412234 0.00736363 0.00516341 0.779696 0.00839013 0.0329275 0.0321534 0.00233788 9.99857E-05 0.0119264 9.99857E-05 0.0176107 0.0981086
0.0390176 0.035533 0.0287031 0.131678 0.00259729 0.0255873 0.014036 0.0244118 0.0292497 0.0327186 0.0268414 0.0999256 0.509701
0.0258044 0.0137916 0.0252685 0.0480353 0.00378635 0.0269715 0.0276661 0.0171382 0.00519928 0.0227977 9.9991E-05 0.0425467 0.740894
0.0340066 0.0471151 0.0316828 0.0967857 0.0277958 0.0183861 0.0244586 0.0351695 0.0381518 0.52454 0.0322828 0.0299778 0.0596479
0.0482709 0.0357361 0.0188034 0.657133 9.9991E-05 0.0366093 0.00477801 0.0323305 0.0257387 0.0412674 0.0366713 0.0555117 0.00704958
0.0105949 0.0172765 0.0216943 0.0463582 0.00820545 0.0230846 0.814522 0.0079931 9.9982E-05 0.0243144 0.0132709 0.0124858 9.9982E-05
0.00139505 0.0033615 0.00789972 9.9955E-05 9.9955E-05 0.016087 0.00651677 0.0173784 0.0146312 9.9955E-05 9.9955E-05 0.932231 9.9955E-05
0.00494575 0.0100039 0.003392 0.00258187 9.9982E-05 0.0059876 0.915713 0.00884821 0.00830678 9.9982E-05 0.00191232 0.0232567 0.0148523
9.99011E-05 9.99011E-05 9.99011E-05 9.99011E-05 9.99011E-05 9.99011E-05 9.99011E-05 0.000608012 9.99011E-05 9.99011E-05 9.99011E-05 0.998293 9.99011E-05
9.9937E-05 0.0193311 0.938245 9.9937E-05 0.0130212 9.9937E-05 0.012295 9.9937E-05 9.9937E-05 0.0102957 0.00611242 9.9937E-05 9.9937E-05
9.98921E-05 9.98921E-05 0.998801 9.98921E-05 9.98921E-05 9.98921E-05 9.98921E-05 9.98921E-05 9.98921E-05 9.98921E-05 9.98921E-05 9.98921E-05 9.98921E-05
9.9892E-05 0.998801 9.9892E-05 9.9892E-05 9.9892E-05 9.9892E-05 9.9892E-05 9.9892E-05 9.9892E-05 9.9892E-05 9.9892E-05 9.9892E-05 9.9892E-05
9.9955E-05 0.92864 0.00406951 9.9955E-05 9.9955E-05 0.00456018 0.0039038 0.00763276 9.9955E-05 0.0194437 0.0148155 0.0164347 9.9955E-05
0.998588 9.9901E-05 9.9901E-05 9.9901E-05 9.9901E-05 9.9901E-05 9.9901E-05 9.9901E-05 9.9901E-05 9.9901E-05 9.9901E-05 0.000313111 9.9901E-05
9.9892E-05 9.9892E-05 9.9892E-05 9.9892E-05 9.9892E-05 9.9892E-05 9.9892E-05 0.998801 9.9892E-05 9.9892E-05 9.9892E-05 9.9892E-05 9.9892E-05
9.9892E-05 9.9892E-05 9.9892E-05 9.9892E-05 0.998801 9.9892E-05 9.9892E-05 9.9892E-05 9.9892E-05 9.9892E-05 9.9892E-05 9.9892E-05 9.9892E-05
9.98921E-05 9.98921E-05 9.98921E-05 9.98921E-05 9.98921E-05 9.98921E-05 9.98921E-05 0.998801 9.98921E-05 9.98921E-05 9.98921E-05 9.98921E-05 9.98921E-05
9.9892E-05 9.9892E-05 9.9892E-05 9.9892E-05 9.9892E-05 9.9892E-05 9.9892E-05 9.9892E-05 0.998801 9.9892E-05 9.9892E-05 9.9892E-05 9.9892E-05
0.0226373 0.026609 0.0178722 0.677505 9.9982E-05 0.0226103 9.9982E-05 0.0520048 0.00781221 0.0481034 0.0329048 0.0481673 0.0435739
9.9955E-05 9.9955E-05 0.00045657 0.0152537 0.000820554 0.968279 9.9955E-05 9.9955E-05 9.9955E-05 0.00108564 0.00260116 0.00521186 0.00579153
0.0409405 0.0765193 0.0305492 0.288698 0.00683412 0.0590779 0.0645899 0.0436614 0.0641749 0.0987236 0.0571294 0.102403 0.0666993
0.033042 0.0323534 0.0213445 0.483594 0.0326426 0.0262483 0.0652669 0.0398971 0.0490807 0.0267367 0.00536168 0.0772552 0.107177
0.0290067 0.028329 0.0248473 0.150984 9.9991E-05 0.0175291 0.00974433 0.00581306 0.0265774 0.0257153 0.0356706 0.0977484 0.547935
0.0112714 0.0180206 0.0211557 0.0801222 0.00556586 0.0075606 0.0287548 0.0230498 0.0199423 0.0355456 0.0125385 0.0416546 0.694818
9.98918E-05 9.98918E-05 9.98918E-05 9.98918E-05 9.98918E-05 9.98918E-05 9.98918E-05 9.98918E-05 9.98918E-05 0.998801 9.98918E-05 9.98918E-05 9.98918E-05
0.0331541 0.0469849 0.0298986 0.602176 0.014629 0.0378751 0.00415858 0.0611137 0.00953937 0.0406338 0.0382618 0.0537726 0.027802
0.0222615 0.0242867 0.0155258 0.0310251 0.010212 0.0205302 0.799786 9.9982E-05 9.9982E-05 0.0304094 0.00426262 0.0170479 0.024453
9.9892E-05 9.9892E-05 9.9892E-05 9.9892E-05 9.9892E-05 9.9892E-05 9.9892E-05 9.9892E-05 9.9892E-05 9.9892E-05 9.9892E-05 0.998801 9.9892E-05
9.98919E-05 9.98919E-05 9.98919E-05 9.98919E-05 9.98919E-05 9.98919E-05 0.998801 9.98919E-05 9.98919E-05 9.98919E-05 9.98919E-05 9.98919E-05 9.98919E-05
0.00705549 9.991E-05 9.991E-05 9.991E-05 9.991E-05 9.991E-05 9.991E-05 9.991E-05 9.991E-05 9.991E-05 9.991E-05 0.98406 0.00788587
9.9955E-05 0.000752009 0.955689 9.9955E-05 0.00799251 0.00923172 0.00826815 0.00126529 9.9955E-05 0.0136616 0.00263959 9.9955E-05 9.9955E-05
0.00384988 9.991E-05 0.993406 0.00174467 9.991E-05 9.991E-05 9.991E-05 9.991E-05 9.991E-05 9.991E-05 9.991E-05 9.991E-05 9.991E-05
9.9892E-05 0.998801 9.9892E-05 9.9892E-05 9.9892E-05 9.9892E-05 9.9892E-05 9.9892E-05 9.9892E-05 9.9892E-05 9.9892E-05 9.9892E-05 9.9892E-05
9.9892E-05 0.998801 9.9892E-05 9.9892E-05 9.9892E-05 9.9892E-05 9.9892E-05 9.9892E-05 9.9892E-05 9.9892E-05 9.9892E-05 9.9892E-05 9.9892E-05
0.972638 0.0177012 0.000611162 0.000606392 0.00105428 0.00294639 9.9955E-05 9.9955E-05 9.9955E-05 0.00125093 0.0026914 9.9955E-05 9.9955E-05
0.00439662 0.000115617 0.000221543 9.9973E-05 0.00801109 9.9973E-05 0.00372705 0.966002 0.00277221 9.9973E-05 0.00598972 0.000635359 0.00782898
0.0451787 0.0381317 0.0347699 0.101759 0.18001 0.0115353 0.0373379 0.0276361 0.319231 0.0324321 0.0265815 0.084585 0.0608126
0.0141227 0.00734799 9.9964E-05 9.9964E-05 0.00357129 0.000533578 0.00114166 0.955745 0.00325814 0.0019867 9.9964E-05 9.9964E-05 0.0118926
9.9919E-05 9.9919E-05 0.0108384 9.9919E-05 9.9919E-05 0.981081 0.0028611 9.9919E-05 9.9919E-05 9.9919E-05 9.9919E-05 0.00432076 9.9919E-05
0.0191776 0.0349034 0.0335033 0.539802 0.034148 0.0232213 0.077832 0.00737111 0.00370901 0.0328424 0.00321118 0.0543718 0.135907
0.0485602 0.0713965 0.0249547 0.279661 0.00903356 0.0592398 0.064055 0.0506815 0.0599141 0.0997888 0.055352 0.101662 0.0757012
0.0543161 0.0175395 0.0446812 0.460571 0.0371132 0.0264387 0.0320305 0.0505654 0.0352254 0.0335456 0.0315938 0.078644 0.097736
0.0352242 0.0331751 0.0332288 0.139996 0.00615923 0.0143869 9.9991E-05 0.0159952 0.0286042 0.017058 0.0321331 0.0825735 0.561366
0.0350865 0.00353185 0.0296704 0.0725686 0.0370806 0.0222556 0.0372942 0.0417504 0.0112475 0.0486826 0.0171355 0.0646502 0.579046
9.9892E-05 9.9892E-05 9.9892E-05 9.9892E-05 9.9892E-05 9.9892E-05 9.9892E-05 9.9892E-05 9.9892E-05 9.9892E-05 0.998801 9.9892E-05 9.9892E-05
9.98919E-05 9.98919E-05 9.98919E-05 9.98919E-05 9.98919E-05 9.98919E-05 9.98919E-05 9.98919E-05 9.98919E-05 0.998801 9.98919E-05 9.98919E-05 9.98919E-05
0.0374916 0.0322076 9.9973E-05 0.68378 9.9973E-05 0.00983307 9.9973E-05 0.0561663 0.0206386 0.0348371 0.0603225 0.0413114 0.0231122
0.0133806 0.012874 0.0202893 0.0446618 9.9973E-05 0.0123693 0.849285 9.9973E-05 0.00115513 0.0201747 0.00908706 0.0164231 9.9973E-05
9.98919E-05 9.98919E-05 9.98919E-05 9.98919E-05 9.98919E-05 9.98919E-05 9.98919E-05 9.98919E-05 9.98919E-05 9.98919E-05 9.98919E-05 0.998801 9.98919E-05
9.98919E-05 9.98919E-05 9.98919E-05 9.98919E-05 9.98919E-05 9.98919E-05 0.998801 9.98919E-05 9.98919E-05 9.98919E-05 9.98919E-05 9.98919E-05 9.98919E-05
0.00824656 9.9946E-05 9.9946E-05 9.9946E-05 0.00517036 9.9946E-05 9.9946E-05 0.000390815 0.000879079 0.00116318 9.9946E-05 0.976041 0.00750887
9.9928E-05 9.9928E-05 0.98642 9.9928E-05 0.00574087 9.9928E-05 0.00289491 9.9928E-05 9.9928E-05 0.00192718 0.0022176 9.9928E-05 9.9928E-05
9.9946E-05 0.952838 0.00364768 9.9946E-05 9.9946E-05 0.00946324 9.9946E-05 0.00653792 9.9946E-05 0.0134927 0.00537768 0.00804352 9.9946E-05
0.998801 9.9892E-05 9.9892E-05 9.9892E-05 9.9892E-05 9.9892E-05 9.9892E-05 9.9892E-05 9.9892E-05 9.9892E-05 9.9892E-05 9.9892E-05 9.9892E-05
0.479861 0.0483905 0.0496929 0.107668 0.0119445 0.0246318 0.000955776 0.0313215 0.0210714 0.0215946 0.027557 0.0951007 0.0802106
0.0309114 0.0625311 0.0501103 0.12209 0.164741 0.0389873 0.0362947 0.0314754 0.183102 0.0336549 0.045128 0.102268 0.098707
9.9892E-05 9.9892E-05 9.9892E-05 9.9892E-05 9.9892E-05 9.9892E-05 9.9892E-05 0.998801 9.9892E-05 9.9892E-05 9.9892E-05 9.9892E-05 9.9892E-05
9.9892E-05 9.9892E-05 9.9892E-05 9.9892E-05 0.998801 9.9892E-05 9.9892E-05 9.9892E-05 9.9892E-05 9.9892E-05 9.9892E-05 9.9892E-05 9.9892E-05
0.0221876 0.0308043 0.0135451 9.9982E-05 0.00886002 0.0258539 0.0157105 0.8598 0.00246915 0.00542286 0.00141423 9.9982E-05 0.0137326
9.98921E-05 9.98921E-05 9.98921E-05 9.98921E-05 9.98921E-05 0.998801 9.98921E-05 9.98921E-05 9.98921E-05 9.98921E-05 9.98921E-05 9.98921E-05 9.98921E-05
0.0280105 0.0445533 0.0203237 0.568256 0.0289074 0.0278358 0.0648991 0.0128194 9.9982E-05 0.036143 9.9982E-05 0.0539928 0.114059
0.0382592 0.0755796 0.0371384 0.245511 0.0434005 0.0482441 0.0753961 0.0530594 0.0429044 0.0818948 0.058835 0.118998 0.0807794
0.034151 0.0284787 0.0439679 0.505591 0.0343233 0.0376022 0.0548625 0.0365131 9.9991E-05 0.0458976 0.0355481 0.0333399 0.109625
0.0306734 0.000498154 0.00797791 0.0880014 0.0366898 0.0139202 0.0306409 0.0190512 0.00540228 0.0535994 0.0254831 0.0412353 0.646827
0.0046425 0.00589306 0.0234212 0.0365838 0.0265596 0.0210256 0.00432625 0.0169045 0.00815384 0.00775379 0.00561705 9.9991E-05 0.839019
9.98921E-05 9.98921E-05 9.98921E-05 9.98921E-05 9.98921E-05 9.98921E-05 9.98921E-05 9.98921E-05 9.98921E-05 9.98921E-05 0.998801 9.98921E-05 9.98921E-05
0.0180308 0.0158472 0.0226799 0.00735555 9.9991E-05 0.016567 0.0217756 0.0127718 0.00734631 0.837411 0.0148721 0.0227408 0.0025017
0.0350585 0.0216014 9.9973E-05 0.677446 9.9973E-05 0.0175983 9.9973E-05 0.0474567 0.0229643 0.0387215 0.065739 0.0491491 0.0239653
0.0114338 0.0188065 0.0231328 0.0558791 0.0224586 0.0330691 0.779347 0.0105707 9.9991E-05 0.0160931 0.00702042 0.0141306 0.00795854
9.9892E-05 9.9892E-05 9.9892E-05 9.9892E-05 9.9892E-05 9.9892E-05 9.9892E-05 9.9892E-05 9.9892E-05 9.9892E-05 9.9892E-05 0.998801 9.9892E-05
9.98919E-05 9.98919E-05 9.98919E-05 9.98919E-05 9.98919E-05 9.98919E-05 0.998801 9.98919E-05 9.98919E-05 9.98919E-05 9.98919E-05 9.98919E-05 9.98919E-05
9.9892E-05 9.9892E-05 0.998801 9.9892E-05 9.9892E-05 9.9892E-05 9.9892E-05 9.9892E-05 9.9892E-05 9.9892E-05 9.9892E-05 9.9892E-05 9.9892E-05
