9.995E-05 9.995E-05 9.995E-05 9.995E-05 0.9994 9.995E-05 9.995E-05
0.0240194 9.9982E-05 0.0109984 9.9982E-05 0.00599265 0.941681 0.0171088
0.0135247 9.9982E-05 9.9982E-05 0.00723801 0.00213367 0.944903 0.0320006
9.995E-05 0.9994 9.995E-05 9.995E-05 9.995E-05 9.995E-05 9.995E-05
9.995E-05 0.9994 9.995E-05 9.995E-05 9.995E-05 9.995E-05 9.995E-05
0.0437463 0.0405042 0.0603356 0.030855 0.0647956 0.0578797 0.701884
9.995E-05 9.995E-05 0.9994 9.995E-05 9.995E-05 9.995E-05 9.995E-05
9.995E-05 9.995E-05 9.995E-05 9.995E-05 9.995E-05 9.995E-05 0.9994
0.0307395 0.0568554 0.0779283 0.099262 0.0673586 0.0297592 0.638097
0.975439 9.9964E-05 0.00964608 9.9964E-05 9.9964E-05 0.0145155 9.9964E-05
0.0613799 0.099377 0.0752105 0.106614 0.0766473 0.0406063 0.540165
0.0620292 0.0650486 0.0860558 0.101849 0.0557926 0.105971 0.523254
0.00751551 0.0450573 0.0663457 0.0317392 0.0265375 0.00256484 0.82024
0.000734857 0.0279965 0.0686689 0.0501344 0.00316769 9.9991E-05 0.849198
0.0351892 0.0279792 0.545246 0.016332 0.0178786 0.0364131 0.320962
0.0823072 0.0497875 0.0280723 0.0560857 0.00213487 0.0417785 0.739834
0.0621286 0.0567805 0.0338822 0.0384935 0.00931409 0.0675589 0.731842
0.0402006 0.0768367 0.0999769 0.0699244 0.0674284 0.0677001 0.577933
0.0263476 0.0228277 0.00864013 0.803582 0.0229898 0.0345013 0.0811116
0.0379277 0.0756311 0.0537171 0.0812348 0.0418185 0.056472 0.653199
9.9964E-05 9.9964E-05 0.00731421 0.99002 9.9964E-05 0.00226614 9.9964E-05
0.022093 0.0628378 0.0404873 0.0526094 0.0166497 0.0115417 0.793781
0.00436286 0.00311468 0.0191317 9.9991E-05 0.931144 0.0111053 0.0310417
9.995E-05 9.995E-05 9.995E-05 9.995E-05 9.995E-05 0.9994 9.995E-05
0.0203841 9.9982E-05 0.0199106 9.9982E-05 0.0118922 0.921613 0.0260002
9.995E-05 0.9994 9.995E-05 9.995E-05 9.995E-05 9.995E-05 9.995E-05
9.995E-05 9.995E-05 0.9994 9.995E-05 9.995E-05 9.995E-05 9.995E-05
9.995E-05 9.995E-05 9.995E-05 9.995E-05 9.995E-05 9.995E-05 0.9994
0.00424338 0.00967958 0.931527 0.00236272 0.0167545 0.0242906 0.0111422
9.995E-05 9.995E-05 9.995E-05 9.995E-05 9.995E-05 9.995E-05 0.9994
0.012708 0.0483364 0.0539154 0.126477 0.0486401 0.0103632 0.69956
0.9994 9.995E-05 9.995E-05 9.995E-05 9.995E-05 9.995E-05 9.995E-05
0.0679451 0.0823911 0.109488 0.116203 0.0702546 0.103398 0.450321
0.0201279 0.0539359 0.0757542 0.0258686 0.021724 9.9991E-05 0.802489
0.00788283 0.0312588 0.0640787 0.06161 0.00809904 9.9991E-05 0.826971
0.0552918 0.0649151 0.0824426 0.0830109 0.0668666 0.0591133 0.58836
0.0810319 0.0572219 0.030517 0.0569828 0.00691563 0.0381642 0.729167
0.0611629 0.0763865 0.0706347 0.0779208 0.0377769 0.0446509 0.631467
0.0412213 0.0393212 0.0440651 0.0466855 0.0217679 0.0213633 0.785576
9.995E-05 9.995E-05 9.995E-05 0.9994 9.995E-05 9.995E-05 9.995E-05
0.0328001 0.0542999 0.0532652 0.0580484 0.0418092 0.0463417 0.713436
9.995E-05 9.995E-05 9.995E-05 9.995E-05 0.9994 9.995E-05 9.995E-05
0.00595833 0.00654329 0.0128786 0.00696132 0.955032 9.9991E-05 0.0125261
9.995E-05 9.995E-05 9.995E-05 9.995E-05 9.995E-05 0.9994 9.995E-05
0.0210234 0.00997838 0.0126689 0.00669367 0.0114074 0.873995 0.0642337
9.995E-05 0.9994 9.995E-05 9.995E-05 9.995E-05 9.995E-05 9.995E-05
9.995E-05 9.995E-05 0.9994 9.995E-05 9.995E-05 9.995E-05 9.995E-05
0.00699629 9.9982E-05 0.00102444 9.9982E-05 0.0154878 0.0107544 0.965537
9.995E-05 9.995E-05 0.9994 9.995E-05 9.995E-05 9.995E-05 9.995E-05
9.9973E-05 9.9973E-05 0.000797441 9.9973E-05 0.0119534 0.0204711 0.966478
0.0344806 0.054162 0.0903756 0.104057 0.0613988 0.00686948 0.648656
0.988413 0.00465016 0.00227551 9.9973E-05 9.9973E-05 0.00436158 9.9973E-05
0.056545 0.0824527 0.0724675 0.123615 0.0598745 0.0414063 0.563639
0.0171981 0.0607668 0.0692773 0.0367823 0.0282339 0.000762728 0.786979
0.0334589 0.0414652 0.0580742 0.0620818 0.025074 9.9991E-05 0.779746
0.0804512 0.0896424 0.0875212 0.0645947 0.0594664 0.0552028 0.563121
0.0710121 0.046534 0.0312514 0.0586569 0.00706049 0.0427704 0.742715
0.0469418 0.044234 0.055504 0.412632 0.0495231 0.0677697 0.323395
0.0361195 0.0413144 0.0548967 0.0562406 0.0271388 0.0592351 0.725055
9.995E-05 9.995E-05 9.995E-05 0.9994 9.995E-05 9.995E-05 9.995E-05
0.0299571 0.0297329 0.0246073 0.0385646 0.0196639 0.010787 0.846687
9.9964E-05 9.9964E-05 9.9964E-05 0.000411851 0.991315 0.00787376 9.9964E-05
0.00197586 0.0159286 0.00345727 9.9982E-05 0.957467 9.9982E-05 0.0209713
9.995E-05 9.995E-05 9.995E-05 9.995E-05 9.995E-05 0.9994 9.995E-05
0.0379506 0.0474742 0.0365798 0.0517916 0.0319292 0.564929 0.229345
0.00238599 0.965965 9.9982E-05 9.9982E-05 0.0122973 0.00151089 0.0176405
0.000113623 9.9991E-05 0.974454 0.00607185 0.0082835 0.00537432 0.00560254
9.99549E-05 9.99549E-05 9.99549E-05 9.99549E-05 9.99549E-05 0.0106451 0.988855
0.0178454 0.00952709 0.848676 0.0208352 0.0195242 0.01884 0.0647519
0.000385748 9.9964E-05 9.9964E-05 9.9964E-05 0.00917534 9.9964E-05 0.990039
0.0388146 0.0683084 0.0770558 0.115974 0.0648999 0.0330317 0.601915
0.9994 9.995E-05 9.995E-05 9.995E-05 9.995E-05 9.995E-05 9.995E-05
0.0673031 0.0714916 0.0707281 0.126683 0.0725291 0.0403718 0.550893
0.0294574 0.0554032 0.0846367 0.0655152 0.0533011 0.0302302 0.681456
9.9973E-05 0.0373663 0.0591836 0.0614375 9.9973E-05 9.9973E-05 0.841713
0.0577402 0.0558031 0.0386125 0.04821 0.00987064 0.0750736 0.71469
0.0710462 0.0875057 0.0892497 0.057595 0.0740111 0.060521 0.560071
0.0502059 0.0448071 0.0637981 0.367384 0.0624712 0.0826195 0.328714
0.0320333 0.0441226 0.0532051 0.047968 0.0243645 0.0410551 0.757251
9.995E-05 9.995E-05 9.995E-05 0.9994 9.995E-05 9.995E-05 9.995E-05
0.0276754 0.0581721 0.0394586 0.0591258 0.0265234 0.0366038 0.752441
9.995E-05 9.995E-05 9.995E-05 9.995E-05 0.9994 9.995E-05 9.995E-05
9.995E-05 9.995E-05 9.995E-05 9.995E-05 0.9994 9.995E-05 9.995E-05
9.995E-05 9.995E-05 9.995E-05 9.995E-05 9.995E-05 0.9994 9.995E-05
0.0480169 0.0331303 0.0385773 0.0574618 0.0281214 0.571689 0.223003
0.0110065 0.846459 0.0166871 0.0332991 0.0139701 0.0105725 0.0680056
9.995E-05 9.995E-05 0.9994 9.995E-05 9.995E-05 9.995E-05 9.995E-05
9.995E-05 9.995E-05 9.995E-05 9.995E-05 9.995E-05 9.995E-05 0.9994
0.0238259 0.0221541 0.75007 0.0337227 0.0313678 0.0390161 0.0998436
9.9955E-05 9.9955E-05 9.9955E-05 9.9955E-05 0.00583401 9.9955E-05 0.993666
0.0314053 0.052847 0.0670252 0.121111 0.065002 0.0163541 0.646255
0.9994 9.995E-05 9.995E-05 9.995E-05 9.995E-05 9.995E-05 9.995E-05
0.0745902 0.0687708 0.0794603 0.0950326 0.0528428 0.085693 0.54361
0.0648764 0.058596 0.0615312 0.119608 0.0586566 0.0273115 0.60942
0.0413259 0.0737164 0.0623585 0.0491979 0.0431238 0.0459043 0.684373
0.039909 0.0649562 0.077437 0.056949 0.0413707 0.00523642 0.714142
0.0671766 0.0683176 0.062863 0.0471173 0.0380143 0.0791316 0.63738
0.0816329 0.0960024 0.0938853 0.0582102 0.0566157 0.0615677 0.552086
0.028327 0.025615 0.00386196 0.832159 0.0260084 0.0295666 0.0544622
0.0412444 0.0319506 0.0551254 0.0440355 0.0282257 0.0257976 0.773621
0.00238756 9.9991E-05 0.0121876 0.925355 0.00273492 0.0161875 0.0410472
0.012079 0.062678 0.0535177 0.0406009 0.00867339 9.9991E-05 0.822351
0.00690091 9.9991E-05 0.000396194 0.00440251 0.954195 0.0127392 0.0212663
9.995E-05 9.995E-05 9.995E-05 9.995E-05 0.9994 9.995E-05 9.995E-05
9.995E-05 9.995E-05 9.995E-05 9.995E-05 9.995E-05 0.9994 9.995E-05
0.0133796 9.9991E-05 0.0127425 0.0029456 0.00786868 0.923002 0.0399619
0.00167493 0.997266 9.9964E-05 9.9964E-05 0.00065888 9.9964E-05 9.9964E-05
9.995E-05 9.995E-05 0.9994 9.995E-05 9.995E-05 9.995E-05 9.995E-05
9.995E-05 9.995E-05 9.995E-05 9.995E-05 9.995E-05 9.995E-05 0.9994
9.995E-05 9.995E-05 0.9994 9.995E-05 9.995E-05 9.995E-05 9.995E-05
9.9955E-05 9.9955E-05 9.9955E-05 9.9955E-05 0.00180815 9.9955E-05 0.997692
0.0647022 0.0715714 0.105821 0.0746229 0.0618524 0.0469896 0.57444
0.974388 0.00686714 0.00532708 9.9982E-05 0.00307009 9.9982E-05 0.0101479
0.0791616 0.0643145 0.078508 0.109099 0.0391049 0.0979267 0.531886
0.0469683 0.0773939 0.0804486 0.113171 0.0483648 0.0597008 0.573952
0.0326331 0.0780636 0.0570492 0.0424312 0.0426396 0.0297625 0.717421
0.0288048 0.0519684 0.0761665 0.0688543 0.031016 0.0133808 0.729809
0.0601706 0.0648688 0.0286025 0.028966 9.9991E-05 0.0628772 0.754415
0.0625132 0.0744803 0.0884196 0.0705583 0.0641815 0.0746944 0.565153
0.0246722 0.0329571 0.00882891 0.820781 0.0120006 0.0326675 0.0680924
0.0289071 0.0342306 0.045218 0.0371709 0.0148177 0.0334629 0.806193
9.995E-05 9.995E-05 9.995E-05 0.9994 9.995E-05 9.995E-05 9.995E-05
0.0121916 0.0561912 0.0424949 0.0515626 0.0132384 9.9991E-05 0.824221
0.00728756 9.9991E-05 0.00423992 0.0188566 0.953518 0.0113865 0.00461098
9.9955E-05 0.00470935 9.9955E-05 9.9955E-05 0.994791 9.9955E-05 9.9955E-05
9.995E-05 9.995E-05 9.995E-05 9.995E-05 9.995E-05 0.9994 9.995E-05
9.995E-05 9.995E-05 9.995E-05 9.995E-05 9.995E-05 0.9994 9.995E-05
9.9973E-05 0.985381 0.00314709 0.00879699 0.00237464 9.9973E-05 9.9973E-05
9.9973E-05 0.00196515 0.971496 9.9973E-05 9.9973E-05 0.00780596 0.0184326
0.0231142 0.0506813 0.041222 0.0578063 0.0524572 0.0531674 0.721552
0.0148327 0.0102743 0.964873 0.00266369 9.9982E-05 0.00715657 9.9982E-05
0.998184 9.9955E-05 0.00131648 9.9955E-05 9.9955E-05 9.9955E-05 9.9955E-05
0.0539105 0.047862 0.0496752 0.146064 0.0731702 0.0348497 0.594468
0.0732543 0.0700182 0.0832838 0.0947971 0.0512899 0.103678 0.523679
0.0521293 0.0834341 0.0963906 0.0843683 0.0717118 0.0343988 0.577567
0.0327103 0.0762918 0.0665692 0.0380772 0.0454383 0.0362608 0.704652
0.0447134 0.0655074 0.0890294 0.0647525 0.0371342 0.0132264 0.685637
0.0702461 0.0554126 0.0161261 0.0673896 0.00326205 0.0524295 0.735134
0.0749225 0.0494318 0.0316395 0.0352966 0.0105484 0.058548 0.739613
0.0538892 0.0842067 0.121346 0.0542961 0.0374324 0.0588566 0.589973
0.0176742 0.0191906 0.00105775 0.853906 0.0212254 0.0327325 0.0542133
0.0203885 0.0333784 0.0279384 0.0333199 0.00762473 0.0299263 0.847424
9.995E-05 9.995E-05 9.995E-05 0.9994 9.995E-05 9.995E-05 9.995E-05
0.0129072 0.0609681 0.0407623 0.0391381 0.012719 0.00154873 0.831957
9.9955E-05 9.9955E-05 9.9955E-05 0.00133045 0.99817 9.9955E-05 9.9955E-05
0.0121201 9.9982E-05 0.00492827 9.9982E-05 0.00785698 0.972299 0.00259523
9.995E-05 0.9994 9.995E-05 9.995E-05 9.995E-05 9.995E-05 9.995E-05
0.0282993 0.499967 0.0500224 0.0276095 0.0451961 0.0664049 0.2825
0.0406691 0.0431085 0.0486258 0.0557855 0.0621656 0.0683042 0.681341
9.995E-05 9.995E-05 0.9994 9.995E-05 9.995E-05 9.995E-05 9.995E-05
9.995E-05 9.995E-05 9.995E-05 9.995E-05 9.995E-05 9.995E-05 0.9994
0.0111717 0.0134748 0.851693 0.0249432 0.0196509 0.0197501 0.0593163
0.9994 9.995E-05 9.995E-05 9.995E-05 9.995E-05 9.995E-05 9.995E-05
0.0525935 0.073467 0.0681078 0.142234 0.0552005 0.0553312 0.553066
0.0674262 0.0644675 0.0800338 0.11517 0.0547505 0.100046 0.518106
0.0495921 0.068834 0.0780801 0.104826 0.0594875 0.0439461 0.595234
0.0313657 0.0741994 0.0786747 0.067602 0.0254187 9.9991E-05 0.72264
0.041076 0.033409 0.0746661 0.043316 0.0456412 0.00328759 0.758604
0.0777993 0.0464491 0.0289478 0.0419683 0.00913 0.0604865 0.735219
0.0582049 0.0694754 0.0452377 0.0568995 0.0212349 0.0840624 0.664885
0.061447 0.0823428 0.102665 0.0628453 0.0344088 0.0563017 0.599989
0.0333801 0.0324338 0.0164576 0.802163 0.0234965 0.0319578 0.0601109
0.0294978 0.031966 0.0434887 0.0357567 0.0161746 0.0172561 0.82586
9.995E-05 9.995E-05 9.995E-05 0.9994 9.995E-05 9.995E-05 9.995E-05
9.995E-05 9.995E-05 9.995E-05 9.995E-05 0.9994 9.995E-05 9.995E-05
