0.9998 9.999E-05 9.999E-05
0.0195942 9.9991E-05 0.980306
0.0135591 9.9991E-05 0.986341
0.00843084 0.00254681 0.989022
0.0111002 0.00396818 0.984932
0.0745494 0.0766117 0.848839
9.999E-05 0.9998 9.999E-05
0.000418495 9.9991E-05 0.999482
0.0875052 0.0897493 0.822745
0.0374472 0.0284011 0.934152
0.0848517 0.099517 0.815631
0.0654808 0.10652 0.827999
0.0482679 0.110202 0.84153
0.0242869 0.112094 0.863619
0.0238611 0.568438 0.407701
0.0141585 0.049746 0.936096
0.0134293 0.0497865 0.936784
0.0760281 0.114982 0.80899
0.0131137 0.012295 0.974591
0.0599899 0.0979554 0.842055
9.999E-05 9.999E-05 0.9998
0.0384084 0.0733866 0.888205
0.933612 0.0179967 0.0483918
9.999E-05 9.999E-05 0.9998
0.0215993 9.99929E-05 0.978301
0.00567002 0.0107191 0.983611
9.999E-05 0.9998 9.999E-05
0.00220293 9.9991E-05 0.997697
0.00849569 0.950273 0.0412314
0.0085634 9.9991E-05 0.991337
0.0727521 0.0844908 0.842757
0.0265097 0.0173799 0.95611
0.0993419 0.127352 0.773306
0.0405719 0.111638 0.84779
0.0381059 0.101562 0.860332
0.0750779 0.0968931 0.828029
0.0232545 0.042812 0.933934
0.0505195 0.0853074 0.864173
0.0425223 0.0762123 0.881265
9.999E-05 9.999E-05 0.9998
0.0691344 0.0811152 0.84975
0.9998 9.999E-05 9.999E-05
0.96282 0.0145242 0.0226557
9.999E-05 9.999E-05 0.9998
0.027423 9.9991E-05 0.972477
0.010301 0.0114621 0.978237
9.999E-05 0.9998 9.999E-05
0.0393083 0.0411602 0.919532
9.999E-05 0.9998 9.999E-05
0.0456838 0.0424142 0.911902
0.0759383 0.086863 0.837199
0.0227358 0.0320098 0.945254
0.0769388 0.0902669 0.832794
0.0473476 0.107162 0.84549
0.0380245 0.092532 0.869444
0.0796725 0.103698 0.81663
0.0188071 0.0434074 0.937786
0.0441435 0.0627503 0.893106
0.0556438 0.0821739 0.862182
9.999E-05 9.999E-05 0.9998
0.0432346 0.0541434 0.902622
0.995802 9.9991E-05 0.00409831
0.958876 0.0226873 0.0184368
9.999E-05 9.999E-05 0.9998
0.0465926 0.0221761 0.931231
0.0218792 0.0147493 0.963371
0.00759924 0.988462 0.00393897
0.0200877 0.000852328 0.97906
0.0290728 0.870073 0.100855
0.0379855 0.0357135 0.926301
0.0852856 0.0973256 0.817389
0.022759 0.0244311 0.95281
0.0744766 0.0877915 0.837732
0.0717807 0.106421 0.821798
0.0264167 0.101266 0.872317
0.0163625 0.0470246 0.936613
0.0815694 0.103455 0.814976
0.0537647 0.0731141 0.873121
0.0386454 0.0776576 0.883697
9.999E-05 9.999E-05 0.9998
0.0545331 0.0675927 0.877874
0.9998 9.999E-05 9.999E-05
0.9998 9.999E-05 9.999E-05
9.999E-05 9.999E-05 0.9998
0.0407495 0.0369281 0.922322
0.0206513 0.0420215 0.937327
9.999E-05 0.9998 9.999E-05
9.999E-05 9.999E-05 0.9998
0.0302428 0.755626 0.214132
0.0441784 0.0328638 0.922958
0.0717081 0.0947837 0.833508
0.0211828 0.0167816 0.962036
0.0660319 0.0885244 0.845444
0.0691145 0.0831586 0.847727
0.0676435 0.0928052 0.839551
0.0626517 0.094649 0.842699
0.0613837 0.0684095 0.870207
0.0809185 0.101677 0.817404
9.9991E-05 0.00294938 0.996951
0.0479076 0.0858269 0.866266
9.9991E-05 0.0111947 0.988705
0.024398 0.083989 0.891613
0.964332 0.0110039 0.0246638
0.9998 9.999E-05 9.999E-05
9.999E-05 9.999E-05 0.9998
0.0194717 9.9991E-05 0.980428
0.0118965 0.00534128 0.982762
9.999E-05 0.9998 9.999E-05
0.000765373 9.9991E-05 0.999135
9.999E-05 0.9998 9.999E-05
0.0379935 0.0311358 0.930871
0.0774536 0.125918 0.796628
0.0257653 0.0326784 0.941556
0.0618921 0.0914444 0.846663
0.0609105 0.103548 0.835541
0.0685334 0.0763597 0.855107
0.0457482 0.101388 0.852864
0.013079 0.0465659 0.940355
0.0741759 0.13267 0.793154
0.00256433 9.9991E-05 0.997336
0.0364632 0.0764087 0.887128
9.999E-05 9.999E-05 0.9998
0.0325855 0.0705743 0.89684
0.963374 9.9991E-05 0.0365258
0.9998 9.999E-05 9.999E-05
9.999E-05 9.999E-05 0.9998
9.999E-05 9.999E-05 0.9998
0.0154096 0.0113149 0.973275
0.000116893 0.98964 0.0102429
0.0695881 0.0634265 0.866985
0.00526999 0.965854 0.0288758
0.0283175 0.0211146 0.950568
0.0831548 0.0800394 0.836806
0.0653343 0.0964091 0.838257
0.0779808 0.113526 0.808493
0.0646561 0.0916527 0.843691
0.0591265 0.12244 0.818433
0.0188802 0.0441479 0.936972
0.0187951 0.0431247 0.93808
0.0571247 0.132665 0.81021
0.00372741 9.9991E-05 0.996173
0.0302742 0.0707667 0.898959
9.999E-05 9.999E-05 0.9998
0.0279083 0.082882 0.88921
0.9998 9.999E-05 9.999E-05
0.0121333 9.9991E-05 0.987767
0.00837144 0.00586712 0.985761
0.0686146 0.0632905 0.868095
0.0781849 0.0676358 0.854179
9.999E-05 0.9998 9.999E-05
0.00268518 9.9991E-05 0.997215
0.0134885 0.862085 0.124426
0.0209522 0.0149966 0.964051
0.066185 0.0834678 0.850347
0.0684952 0.0959932 0.835512
0.0858381 0.0939978 0.820164
0.0345159 0.0939872 0.871497
0.0667735 0.100296 0.83293
0.0252884 0.0406474 0.934064
0.0420236 0.0628307 0.895146
0.0485904 0.13277 0.81864
0.0160143 0.0139374 0.970048
0.0405978 0.0752329 0.884169
9.999E-05 9.999E-05 0.9998
0.9998 9.999E-05 9.999E-05
