9.99011E-05 9.99011E-05 9.99011E-05 9.99011E-05 9.99011E-05 0.00233965 9.99011E-05 9.99011E-05 9.99011E-05 9.99011E-05 9.99011E-05 9.99011E-05 0.996561
9.9964E-05 0.00907291 0.94127 0.00831384 9.9964E-05 0.00701193 0.00207555 0.0108494 9.9964E-05 9.9964E-05 0.00193635 0.014646 0.00442418
9.9964E-05 0.0196212 0.9399 0.0127488 0.00143092 0.00702022 9.9964E-05 0.0122216 0.000866146 0.00173988 9.9964E-05 0.00405161 9.9964E-05
0.998801 9.9892E-05 9.9892E-05 9.9892E-05 9.9892E-05 9.9892E-05 9.9892E-05 9.9892E-05 9.9892E-05 9.9892E-05 9.9892E-05 9.9892E-05 9.9892E-05
0.998801 9.9892E-05 9.9892E-05 9.9892E-05 9.9892E-05 9.9892E-05 9.9892E-05 9.9892E-05 9.9892E-05 9.9892E-05 9.9892E-05 9.9892E-05 9.9892E-05
0.0371383 0.0337875 0.053628 0.0794302 0.127978 0.0455461 0.0664053 0.0351849 0.319841 0.0121254 0.0916444 0.0366445 0.0606465
9.9892E-05 9.9892E-05 9.9892E-05 9.9892E-05 9.9892E-05 0.998801 9.9892E-05 9.9892E-05 9.9892E-05 9.9892E-05 9.9892E-05 9.9892E-05 9.9892E-05
9.9892E-05 9.9892E-05 9.9892E-05 9.9892E-05 9.9892E-05 9.9892E-05 9.9892E-05 9.9892E-05 0.998801 9.9892E-05 9.9892E-05 9.9892E-05 9.9892E-05
9.98919E-05 9.98919E-05 9.98919E-05 9.98919E-05 0.998801 9.98919E-05 9.98919E-05 9.98919E-05 9.98919E-05 9.98919E-05 9.98919E-05 9.98919E-05 9.98919E-05
0.00123489 9.9937E-05 0.0086817 9.9937E-05 9.9937E-05 0.00143137 0.00218058 9.9937E-05 9.9937E-05 9.9937E-05 0.00627835 0.979494 9.9937E-05
0.0504815 0.0267679 0.0492945 0.0698705 0.431439 0.0435522 0.103793 0.0228654 0.02918 0.06139 0.0305044 0.0391617 0.0416994
0.0397429 0.0697121 0.0771787 0.121629 0.254419 0.0594953 0.0737634 0.0536094 0.0343072 0.0875112 0.0364233 0.054335 0.0378734
0.00611489 9.9955E-05 9.9955E-05 0.015589 9.9955E-05 0.00524142 0.949296 0.00614667 0.00535231 9.9955E-05 0.00319026 9.9955E-05 0.00856947
9.98919E-05 9.98919E-05 9.98919E-05 9.98919E-05 9.98919E-05 9.98919E-05 0.998801 9.98919E-05 9.98919E-05 9.98919E-05 9.98919E-05 9.98919E-05 9.98919E-05
9.99461E-05 0.0150818 0.00860058 9.99461E-05 0.445189 0.50574 9.99461E-05 0.00966448 9.99461E-05 9.99461E-05 0.00786059 0.00726456 9.99461E-05
0.00124234 9.991E-05 9.991E-05 9.991E-05 9.991E-05 0.00594316 9.991E-05 0.991815 9.991E-05 9.991E-05 9.991E-05 9.991E-05 9.991E-05
9.98919E-05 0.998801 9.98919E-05 9.98919E-05 9.98919E-05 9.98919E-05 9.98919E-05 9.98919E-05 9.98919E-05 9.98919E-05 9.98919E-05 9.98919E-05 9.98919E-05
0.0407867 0.0456491 0.053851 0.0929732 0.547225 0.0595466 0.0482443 0.0367507 0.0157385 0.0161591 0.0119667 0.0150031 0.0161062
0.020606 0.02895 0.0277872 0.0097743 0.0515632 0.00543522 0.00655935 0.0153951 0.0111429 0.777427 9.9991E-05 0.0199343 0.0253256
0.0351 0.0108124 0.0354568 0.689753 0.0216709 0.0281627 0.0171818 0.0282245 0.0193864 0.0420073 0.0210154 0.0259186 0.0253101
9.9937E-05 0.00645263 9.9937E-05 0.00226531 9.9937E-05 9.9937E-05 9.9937E-05 0.000509436 0.00701377 0.981847 9.9937E-05 9.9937E-05 0.00121234
0.00572677 0.00844996 9.9955E-05 0.924502 0.0110457 9.9955E-05 0.0331194 9.9955E-05 0.00344951 0.010062 9.9955E-05 9.9955E-05 0.00314525
0.0119232 9.9964E-05 0.00120242 0.0186254 0.0223962 0.0105281 0.0126722 9.9964E-05 0.0009368 9.9964E-05 9.9964E-05 0.00696303 0.914353
9.98919E-05 9.98919E-05 0.998801 9.98919E-05 9.98919E-05 9.98919E-05 9.98919E-05 9.98919E-05 9.98919E-05 9.98919E-05 9.98919E-05 9.98919E-05 9.98919E-05
9.9955E-05 0.0199097 0.915784 0.016807 9.9955E-05 0.0122492 9.9955E-05 0.0116347 9.9955E-05 9.9955E-05 0.00133578 0.0163438 0.00543635
0.998801 9.9892E-05 9.9892E-05 9.9892E-05 9.9892E-05 9.9892E-05 9.9892E-05 9.9892E-05 9.9892E-05 9.9892E-05 9.9892E-05 9.9892E-05 9.9892E-05
9.9919E-05 9.9919E-05 9.9919E-05 9.9919E-05 9.9919E-05 0.997947 0.000661191 9.9919E-05 9.9919E-05 9.9919E-05 0.000300724 0.000191928 9.9919E-05
9.9892E-05 9.9892E-05 9.9892E-05 9.9892E-05 9.9892E-05 9.9892E-05 9.9892E-05 9.9892E-05 0.998801 9.9892E-05 9.9892E-05 9.9892E-05 9.9892E-05
0.00879794 0.00695716 0.0183689 0.00780115 0.000973278 0.91585 0.0119217 0.00546477 0.0039947 0.00981748 0.00613991 9.9991E-05 0.00381314
9.99231E-05 9.99231E-05 9.99231E-05 9.99231E-05 0.0185715 0.00168352 9.99231E-05 9.99231E-05 0.977151 9.99231E-05 9.99231E-05 9.99231E-05 0.00169489
9.98918E-05 9.98918E-05 9.98918E-05 9.98918E-05 0.998801 9.98918E-05 9.98918E-05 9.98918E-05 9.98918E-05 9.98918E-05 9.98918E-05 9.98918E-05 9.98918E-05
9.9892E-05 9.9892E-05 9.9892E-05 9.9892E-05 9.9892E-05 9.9892E-05 9.9892E-05 9.9892E-05 9.9892E-05 9.9892E-05 9.9892E-05 0.998801 9.9892E-05
0.0394693 0.0503325 0.0863572 0.0996762 0.248548 0.0836616 0.10477 0.0309318 0.0220117 0.0753995 0.0560803 0.0266141 0.0761474
0.00758904 9.99459E-05 9.99459E-05 0.0121287 9.99459E-05 0.00764987 0.964461 9.99459E-05 0.00155091 9.99459E-05 0.00116365 9.99459E-05 0.00485765
9.98919E-05 9.98919E-05 9.98919E-05 9.98919E-05 9.98919E-05 9.98919E-05 0.998801 9.98919E-05 9.98919E-05 9.98919E-05 9.98919E-05 9.98919E-05 9.98919E-05
0.0156482 0.0574971 0.026589 0.0656732 0.651838 0.0263861 0.033769 0.0603241 0.00299324 0.00918616 9.9991E-05 0.0250223 0.0249738
9.9892E-05 9.9892E-05 9.9892E-05 9.9892E-05 9.9892E-05 9.9892E-05 9.9892E-05 0.998801 9.9892E-05 9.9892E-05 9.9892E-05 9.9892E-05 9.9892E-05
0.0344943 0.4257 0.0126235 0.0830108 0.158032 0.0349188 0.045151 0.0585331 0.0363121 0.0419864 0.0239952 0.0213969 0.0238459
9.9937E-05 9.9937E-05 9.9937E-05 0.949073 9.9937E-05 0.00736564 9.9937E-05 9.9937E-05 9.9937E-05 0.0172897 0.0176158 0.00628042 0.00167583
9.98919E-05 9.98919E-05 9.98919E-05 9.98919E-05 9.98919E-05 9.98919E-05 9.98919E-05 9.98919E-05 9.98919E-05 0.998801 9.98919E-05 9.98919E-05 9.98919E-05
0.0271115 0.0237491 0.0186883 0.676656 0.0468318 0.0129849 0.0253243 0.0184007 0.024857 0.0385479 0.0281306 0.0234352 0.0352827
9.9892E-05 9.9892E-05 9.9892E-05 9.9892E-05 9.9892E-05 9.9892E-05 9.9892E-05 9.9892E-05 9.9892E-05 9.9892E-05 9.9892E-05 9.9892E-05 0.998801
0.00467971 9.9955E-05 9.9955E-05 0.00310442 0.0279986 0.00507976 0.00402105 9.9955E-05 9.9955E-05 0.00170703 9.9955E-05 0.00749366 0.945416
9.98919E-05 9.98919E-05 0.998801 9.98919E-05 9.98919E-05 9.98919E-05 9.98919E-05 9.98919E-05 9.98919E-05 9.98919E-05 9.98919E-05 9.98919E-05 9.98919E-05
9.999E-05 0.0174621 0.870418 0.034916 0.0169933 0.003203 0.0103103 0.0099933 0.00518928 0.00416934 0.00627391 0.0124727 0.00849882
0.998801 9.98921E-05 9.98921E-05 9.98921E-05 9.98921E-05 9.98921E-05 9.98921E-05 9.98921E-05 9.98921E-05 9.98921E-05 9.98921E-05 9.98921E-05 9.98921E-05
9.9892E-05 9.9892E-05 9.9892E-05 9.9892E-05 9.9892E-05 0.998801 9.9892E-05 9.9892E-05 9.9892E-05 9.9892E-05 9.9892E-05 9.9892E-05 9.9892E-05
9.99579E-05 0.000987684 0.0024036 0.005388 0.00306609 0.00453325 9.99579E-05 9.99579E-05 9.99579E-05 0.000570479 0.978279 9.99579E-05 0.00427249
9.9892E-05 9.9892E-05 9.9892E-05 9.9892E-05 9.9892E-05 0.998801 9.9892E-05 9.9892E-05 9.9892E-05 9.9892E-05 9.9892E-05 9.9892E-05 9.9892E-05
0.00150153 9.9928E-05 0.000611545 9.9928E-05 9.9928E-05 0.00234637 9.9928E-05 0.0041318 9.9928E-05 9.9928E-05 0.990609 9.9928E-05 9.9928E-05
9.98919E-05 9.98919E-05 9.98919E-05 9.98919E-05 0.998801 9.98919E-05 9.98919E-05 9.98919E-05 9.98919E-05 9.98919E-05 9.98919E-05 9.98919E-05 9.98919E-05
9.9937E-05 0.000490583 9.9937E-05 9.9937E-05 9.9937E-05 9.9937E-05 9.9937E-05 0.00861685 0.00725188 0.00817096 0.00276309 0.972007 9.9937E-05
0.0252997 0.0285143 0.0266129 0.0750216 0.609128 0.0247896 0.0822493 9.9991E-05 0.00855545 0.0546867 0.0269576 0.0232977 0.0147869
0.0102761 9.9973E-05 0.0173084 0.0178239 9.9973E-05 0.00239094 0.923931 0.00358392 0.00500931 9.9973E-05 0.00646154 0.0041517 0.00876288
9.99459E-05 9.99459E-05 0.0148032 9.99459E-05 0.00948931 9.99459E-05 0.969385 0.000573843 9.99459E-05 0.00322542 9.99459E-05 0.00146396 0.000459413
0.0295618 0.0222898 0.0409321 0.038173 0.703744 0.0272865 0.00596158 0.0358352 0.000505545 0.00379887 0.0345984 0.0336748 0.0236388
9.9892E-05 9.9892E-05 9.9892E-05 9.9892E-05 9.9892E-05 9.9892E-05 9.9892E-05 0.998801 9.9892E-05 9.9892E-05 9.9892E-05 9.9892E-05 9.9892E-05
0.0320451 0.0158898 0.0469184 0.0665567 0.307986 0.017982 0.0567855 0.00682 0.0190339 0.359522 0.01804 0.0315615 0.0208591
0.00689497 9.9973E-05 0.0291238 0.837706 0.0145148 0.0385691 9.9973E-05 9.9973E-05 0.00715968 0.00749597 0.0252059 0.0177922 0.0152374
9.9892E-05 9.9892E-05 9.9892E-05 9.9892E-05 9.9892E-05 9.9892E-05 9.9892E-05 9.9892E-05 9.9892E-05 0.998801 9.9892E-05 9.9892E-05 9.9892E-05
9.9892E-05 9.9892E-05 9.9892E-05 0.998801 9.9892E-05 9.9892E-05 9.9892E-05 9.9892E-05 9.9892E-05 9.9892E-05 9.9892E-05 9.9892E-05 9.9892E-05
9.9937E-05 9.9937E-05 0.00303487 9.9937E-05 9.9937E-05 9.9937E-05 9.9937E-05 9.9937E-05 0.00638395 0.00905985 0.000448697 0.000931353 0.979442
0.00946446 9.9955E-05 9.9955E-05 0.0138678 0.0116543 0.00342189 0.00991215 0.002958 9.9955E-05 9.9955E-05 9.9955E-05 0.00365514 0.944566
9.9892E-05 9.9892E-05 0.998801 9.9892E-05 9.9892E-05 9.9892E-05 9.9892E-05 9.9892E-05 9.9892E-05 9.9892E-05 9.9892E-05 9.9892E-05 9.9892E-05
0.029466 0.0222608 0.557189 0.0808856 0.0970096 0.020456 0.0277014 0.0183544 0.0383093 0.0209661 0.0146952 0.036999 0.0357078
0.956084 0.00904548 0.0063254 9.9955E-05 0.00982186 0.000781406 9.9955E-05 9.9955E-05 9.9955E-05 9.9955E-05 0.00451048 0.00252334 0.0104079
9.9937E-05 0.010785 0.000664394 9.9937E-05 9.9937E-05 0.974941 9.9937E-05 9.9937E-05 9.9937E-05 0.00350559 9.9937E-05 0.00647228 0.00293195
0.00515782 9.9946E-05 0.0177757 0.00256025 9.9946E-05 9.9946E-05 9.9946E-05 9.9946E-05 0.932685 0.0159926 9.9946E-05 0.00475389 0.0204747
0.00808229 0.00404711 0.00435683 0.0354118 0.0140667 0.838502 0.0143647 0.00960834 0.0166701 0.0181703 0.00929149 0.0176088 0.00981976
9.98919E-05 9.98919E-05 9.98919E-05 9.98919E-05 9.98919E-05 9.98919E-05 9.98919E-05 9.98919E-05 9.98919E-05 9.98919E-05 0.998801 9.98919E-05 9.98919E-05
0.000769002 9.99459E-05 9.99459E-05 9.99459E-05 0.954624 0.00153966 9.99459E-05 9.99459E-05 0.00557468 0.0118375 9.99459E-05 0.0125819 0.012474
9.98921E-05 9.98921E-05 9.98921E-05 9.98921E-05 9.98921E-05 9.98921E-05 9.98921E-05 9.98921E-05 9.98921E-05 9.98921E-05 9.98921E-05 0.998801 9.98921E-05
0.0149893 0.0277297 0.0240828 0.026708 0.673938 0.0144387 0.0743994 0.00716566 0.00497595 0.0477984 0.00660378 0.0389228 0.0382477
0.0243753 0.0245355 0.0286928 0.0873251 0.105204 0.0417152 0.562971 0.0262682 0.0224503 0.0220205 0.0056048 0.0097706 0.0390666
9.98919E-05 9.98919E-05 9.98919E-05 9.98919E-05 9.98919E-05 9.98919E-05 0.998801 9.98919E-05 9.98919E-05 9.98919E-05 9.98919E-05 9.98919E-05 9.98919E-05
9.9892E-05 0.998801 9.9892E-05 9.9892E-05 9.9892E-05 9.9892E-05 9.9892E-05 9.9892E-05 9.9892E-05 9.9892E-05 9.9892E-05 9.9892E-05 9.9892E-05
0.0418566 0.015645 0.033298 0.0511247 0.689489 0.0280565 0.0129127 0.0355984 9.9982E-05 9.9982E-05 0.0289832 0.0328901 0.0299462
0.0341696 0.0343029 0.0665884 0.0549161 0.249126 0.0395896 0.0647711 0.00757807 0.0233425 0.323247 0.0103878 0.0470502 0.0449304
9.9982E-05 0.00559701 0.0184558 0.911104 0.00294299 0.0155206 9.9982E-05 0.00541939 0.00691943 0.0060221 0.011384 0.00916852 0.00726594
9.98919E-05 9.98919E-05 9.98919E-05 9.98919E-05 9.98919E-05 9.98919E-05 9.98919E-05 9.98919E-05 9.98919E-05 0.998801 9.98919E-05 9.98919E-05 9.98919E-05
0.0177312 0.0242885 0.0269156 0.751298 0.0492629 0.00240507 0.0347443 0.0183066 0.0216229 0.0258972 0.0135983 0.00211415 0.0118155
9.99101E-05 0.00093309 9.99101E-05 9.99101E-05 9.99101E-05 9.99101E-05 9.99101E-05 9.99101E-05 9.99101E-05 0.000517158 9.99101E-05 9.99101E-05 0.997551
9.98921E-05 9.98921E-05 9.98921E-05 9.98921E-05 9.98921E-05 9.98921E-05 9.98921E-05 9.98921E-05 9.98921E-05 9.98921E-05 9.98921E-05 9.98921E-05 0.998801
9.98919E-05 9.98919E-05 0.998801 9.98919E-05 9.98919E-05 9.98919E-05 9.98919E-05 9.98919E-05 9.98919E-05 9.98919E-05 9.98919E-05 9.98919E-05 9.98919E-05
0.0208063 0.0234034 0.576593 0.0791674 0.0888826 0.0202641 0.0242131 0.0283635 0.024739 0.0189807 0.0228165 0.0388976 0.0328734
0.832613 0.0110052 0.0144089 0.0286963 0.00991733 0.0142442 0.0308233 0.00364744 0.0184028 0.0204689 0.00836521 0.00554897 0.00185807
9.9892E-05 9.9892E-05 9.9892E-05 9.9892E-05 9.9892E-05 0.998801 9.9892E-05 9.9892E-05 9.9892E-05 9.9892E-05 9.9892E-05 9.9892E-05 9.9892E-05
9.9892E-05 9.9892E-05 9.9892E-05 9.9892E-05 9.9892E-05 9.9892E-05 9.9892E-05 9.9892E-05 0.998801 9.9892E-05 9.9892E-05 9.9892E-05 9.9892E-05
0.0224039 0.0141135 0.0299165 0.0341943 0.0221699 0.737165 0.0170946 0.00638281 0.00764278 0.0300225 0.0157354 0.0216138 0.0415451
9.98919E-05 9.98919E-05 9.98919E-05 9.98919E-05 9.98919E-05 9.98919E-05 9.98919E-05 9.98919E-05 9.98919E-05 9.98919E-05 0.998801 9.98919E-05 9.98919E-05
9.98918E-05 9.98918E-05 9.98918E-05 9.98918E-05 0.998801 9.98918E-05 9.98918E-05 9.98918E-05 9.98918E-05 9.98918E-05 9.98918E-05 9.98918E-05 9.98918E-05
9.9892E-05 9.9892E-05 9.9892E-05 9.9892E-05 9.9892E-05 9.9892E-05 9.9892E-05 9.9892E-05 9.9892E-05 9.9892E-05 9.9892E-05 0.998801 9.9892E-05
0.0383613 0.0912193 0.0691667 0.101595 0.260568 0.0469128 0.0977972 0.063432 0.0121031 0.0535648 0.0749663 0.0532054 0.0371083
0.0078496 0.00784712 0.0142751 0.0145622 0.76655 9.9973E-05 0.0946822 9.9973E-05 0.00745921 0.0419198 9.9973E-05 0.0333305 0.0112243
0.0302101 0.0197185 0.0379545 0.101383 0.142017 0.0230934 0.519662 0.0242983 9.9991E-05 0.0210926 0.0245751 0.0229192 0.0329769
0.0231 0.00790082 0.011103 0.0301806 0.048121 0.0161402 0.768022 0.00754856 0.00262448 0.0203896 0.0204526 0.0161868 0.0282297
0.0262911 0.54807 0.0418399 0.0358264 0.116465 0.033964 0.0527258 0.0328296 0.0390933 0.00532021 0.0333291 0.0163687 0.0178764
0.0336075 0.0334835 0.034546 0.0535985 0.707555 0.0298806 9.9973E-05 0.0354717 9.9973E-05 9.9973E-05 0.0229353 0.0292616 0.01936
0.0121869 0.0137244 0.0182039 0.0269658 0.0438344 0.00454119 0.0171516 0.01009 0.00616808 0.820664 9.9991E-05 0.0128545 0.0135155
9.9928E-05 9.9928E-05 9.9928E-05 0.946876 9.9928E-05 0.0115035 9.9928E-05 9.9928E-05 9.9928E-05 9.9928E-05 0.0156827 0.016751 0.00838776
0.00101738 0.00574284 0.00413031 0.0105118 9.9964E-05 0.0208159 0.00798102 9.9964E-05 0.00516335 0.940324 9.9964E-05 0.00391328 9.9964E-05
0.00203503 0.00392381 9.991E-05 0.993042 9.991E-05 9.991E-05 9.991E-05 9.991E-05 9.991E-05 9.991E-05 9.991E-05 9.991E-05 9.991E-05
9.9964E-05 0.00646765 0.00541496 0.0117243 9.9964E-05 0.00283502 9.9964E-05 0.00111214 0.00311419 0.013109 0.0137683 9.9964E-05 0.942055
9.98921E-05 9.98921E-05 9.98921E-05 9.98921E-05 9.98921E-05 9.98921E-05 9.98921E-05 9.98921E-05 9.98921E-05 9.98921E-05 9.98921E-05 9.98921E-05 0.998801
9.9892E-05 9.9892E-05 0.998801 9.9892E-05 9.9892E-05 9.9892E-05 9.9892E-05 9.9892E-05 9.9892E-05 9.9892E-05 9.9892E-05 9.9892E-05 9.9892E-05
9.9946E-05 0.0289516 0.90329 0.0188157 9.9946E-05 9.9946E-05 0.0107594 0.0119864 9.9946E-05 9.9946E-05 9.9946E-05 0.0115579 0.0140395
0.997808 9.99011E-05 9.99011E-05 9.99011E-05 9.99011E-05 9.99011E-05 9.99011E-05 9.99011E-05 9.99011E-05 9.99011E-05 9.99011E-05 9.99011E-05 0.00109328
9.9892E-05 9.9892E-05 9.9892E-05 9.9892E-05 9.9892E-05 0.998801 9.9892E-05 9.9892E-05 9.9892E-05 9.9892E-05 9.9892E-05 9.9892E-05 9.9892E-05
9.9892E-05 9.9892E-05 9.9892E-05 9.9892E-05 9.9892E-05 9.9892E-05 9.9892E-05 9.9892E-05 0.998801 9.9892E-05 9.9892E-05 9.9892E-05 9.9892E-05
9.98921E-05 9.98921E-05 9.98921E-05 9.98921E-05 9.98921E-05 0.998801 9.98921E-05 9.98921E-05 9.98921E-05 9.98921E-05 9.98921E-05 9.98921E-05 9.98921E-05
9.9892E-05 9.9892E-05 9.9892E-05 9.9892E-05 9.9892E-05 9.9892E-05 9.9892E-05 9.9892E-05 9.9892E-05 9.9892E-05 0.998801 9.9892E-05 9.9892E-05
0.0124527 0.027775 0.0269817 0.0516421 0.702995 0.057624 0.034939 0.0301529 9.9982E-05 9.9982E-05 0.00828116 0.0278007 0.0191558
9.9955E-05 0.00140643 9.9955E-05 0.00268598 0.00911845 0.00454617 0.00883494 0.000393353 0.00625583 9.9955E-05 9.9955E-05 0.966259 9.9955E-05
0.0244047 0.0912026 0.0748631 0.111033 0.281765 0.0468668 0.0772202 0.0487307 0.00750002 0.0692487 0.0779919 0.0601008 0.0290734
0.0147047 0.0337669 0.0360166 0.0802229 0.50314 0.037981 0.13082 0.00319705 0.0188638 0.0570016 0.0461206 0.0169547 0.0212096
0.0304302 0.0286384 0.0265924 0.0930036 0.142592 0.0113741 0.553732 0.0300963 0.00205049 0.00405737 0.0350653 0.0207822 0.0215857
0.00776196 0.034831 0.0173098 0.0490562 0.0788665 0.0165524 0.712928 0.0144726 0.00865477 0.0285806 0.020401 0.00423329 0.00635136
9.98918E-05 0.998801 9.98918E-05 9.98918E-05 9.98918E-05 9.98918E-05 9.98918E-05 9.98918E-05 9.98918E-05 9.98918E-05 9.98918E-05 9.98918E-05 9.98918E-05
0.028906 0.0333304 0.0519359 0.0495681 0.623704 0.0461586 0.0494943 0.0313994 0.0158646 0.00665324 0.00275276 0.0322623 0.0279708
0.0130193 0.0212018 0.0203769 0.0135645 0.0359619 0.0052569 0.0136236 0.0124531 0.0120704 0.813709 0.00794787 0.0107592 0.0200554
9.9892E-05 9.9892E-05 9.9892E-05 0.998801 9.9892E-05 9.9892E-05 9.9892E-05 9.9892E-05 9.9892E-05 9.9892E-05 9.9892E-05 9.9892E-05 9.9892E-05
9.98919E-05 9.98919E-05 9.98919E-05 9.98919E-05 9.98919E-05 9.98919E-05 9.98919E-05 9.98919E-05 9.98919E-05 0.998801 9.98919E-05 9.98919E-05 9.98919E-05
9.99011E-05 9.99011E-05 9.99011E-05 0.994974 9.99011E-05 9.99011E-05 0.00392679 9.99011E-05 9.99011E-05 9.99011E-05 9.99011E-05 9.99011E-05 9.99011E-05
0.00361497 0.000978278 0.0156569 9.9964E-05 9.9964E-05 0.00349887 9.9964E-05 0.00362774 9.9964E-05 0.0142357 0.00179439 0.00689442 0.949299
0.00338209 9.99101E-05 9.99101E-05 9.99101E-05 0.00382766 9.99101E-05 9.99101E-05 9.99101E-05 9.99101E-05 9.99101E-05 9.99101E-05 9.99101E-05 0.991791
9.9892E-05 9.9892E-05 0.998801 9.9892E-05 9.9892E-05 9.9892E-05 9.9892E-05 9.9892E-05 9.9892E-05 9.9892E-05 9.9892E-05 9.9892E-05 9.9892E-05
9.9892E-05 9.9892E-05 0.998801 9.9892E-05 9.9892E-05 9.9892E-05 9.9892E-05 9.9892E-05 9.9892E-05 9.9892E-05 9.9892E-05 9.9892E-05 9.9892E-05
0.972998 0.00627119 0.00553842 9.9937E-05 9.9937E-05 0.00310901 9.9937E-05 9.9937E-05 0.000625645 9.9937E-05 0.0107584 9.9937E-05 9.9937E-05
0.0047002 0.00295393 0.00837722 0.00147878 9.9955E-05 0.971944 9.9955E-05 0.00295337 0.0069479 9.9955E-05 0.000144549 9.9955E-05 9.9955E-05
0.0546356 0.029319 0.0451725 0.0696985 0.0887003 0.0315767 0.0567289 0.0284179 0.172736 0.0471931 0.318118 0.0140317 0.0436723
9.9973E-05 0.00504592 0.00421751 0.00278266 9.9973E-05 0.959924 9.9973E-05 0.00912765 0.00451585 0.00914666 0.000214112 0.00347184 0.00125384
9.9928E-05 0.00043136 9.9928E-05 9.9928E-05 9.9928E-05 0.00709 9.9928E-05 9.9928E-05 9.9928E-05 9.9928E-05 0.0015725 0.984757 0.0053496
0.00549065 0.0249955 0.0220665 0.0441974 0.536556 0.0132637 0.150546 0.0146307 0.0312588 0.0933199 0.00613288 0.0189894 0.0385528
0.0357169 0.0835597 0.0799929 0.106143 0.278189 0.0569966 0.0764005 0.0541892 0.0101664 0.0613553 0.0690046 0.0595311 0.028755
0.0550001 0.0441539 0.0162686 0.0622636 0.48632 0.0481826 0.0991334 0.0344774 0.0299422 0.0320377 0.0369894 0.0166184 0.0386128
0.0297587 0.0126798 0.0270374 0.0870969 0.151325 0.0122303 0.554991 0.0275069 0.00394761 0.0111359 0.034852 0.0165062 0.0309323
0.0369033 0.0449292 0.0157363 0.0591581 0.07673 0.0361622 0.594105 0.0129259 0.036334 0.0306359 0.0110031 0.0246105 0.0207669
9.9892E-05 9.9892E-05 9.9892E-05 9.9892E-05 9.9892E-05 9.9892E-05 9.9892E-05 0.998801 9.9892E-05 9.9892E-05 9.9892E-05 9.9892E-05 9.9892E-05
9.98919E-05 0.998801 9.98919E-05 9.98919E-05 9.98919E-05 9.98919E-05 9.98919E-05 9.98919E-05 9.98919E-05 9.98919E-05 9.98919E-05 9.98919E-05 9.98919E-05
0.0304345 0.0398073 0.0203344 0.0394884 0.715138 0.0516995 0.0168013 0.0617989 9.9973E-05 9.9973E-05 0.0163137 0.00788381 9.9973E-05
0.0227245 0.0155185 0.0283933 0.018154 0.0496348 9.9964E-05 9.9964E-05 0.00806702 9.9964E-05 0.835466 9.9964E-05 0.0147348 0.00690692
9.98919E-05 9.98919E-05 9.98919E-05 0.998801 9.98919E-05 9.98919E-05 9.98919E-05 9.98919E-05 9.98919E-05 9.98919E-05 9.98919E-05 9.98919E-05 9.98919E-05
9.98919E-05 9.98919E-05 9.98919E-05 9.98919E-05 9.98919E-05 9.98919E-05 9.98919E-05 9.98919E-05 9.98919E-05 0.998801 9.98919E-05 9.98919E-05 9.98919E-05
0.00643143 0.0102058 9.99191E-05 0.974128 9.99191E-05 9.99191E-05 0.00833567 9.99191E-05 9.99191E-05 9.99191E-05 9.99191E-05 9.99191E-05 9.99191E-05
9.9919E-05 0.00648512 9.9919E-05 9.9919E-05 9.9919E-05 9.9919E-05 9.9919E-05 0.000277854 9.9919E-05 0.000318931 9.9919E-05 9.9919E-05 0.992019
9.9946E-05 0.0154589 0.952612 0.00911017 9.9946E-05 0.00533444 9.9946E-05 0.00820024 9.9946E-05 9.9946E-05 9.9946E-05 0.00737576 0.00130892
0.998801 9.9892E-05 9.9892E-05 9.9892E-05 9.9892E-05 9.9892E-05 9.9892E-05 9.9892E-05 9.9892E-05 9.9892E-05 9.9892E-05 9.9892E-05 9.9892E-05
0.480737 0.0219878 0.0622384 0.0914277 0.129062 0.0332601 0.0632918 0.0143119 0.0245503 9.9991E-05 0.0166951 0.0163731 0.0459649
0.0300216 0.0427645 0.0577207 0.101193 0.121814 0.0313132 0.0986821 0.0429576 0.163114 0.0351656 0.189411 0.0339687 0.0518736
9.9892E-05 9.9892E-05 9.9892E-05 9.9892E-05 9.9892E-05 0.998801 9.9892E-05 9.9892E-05 9.9892E-05 9.9892E-05 9.9892E-05 9.9892E-05 9.9892E-05
9.9892E-05 9.9892E-05 9.9892E-05 9.9892E-05 9.9892E-05 9.9892E-05 9.9892E-05 9.9892E-05 0.998801 9.9892E-05 9.9892E-05 9.9892E-05 9.9892E-05
0.0144134 0.00892458 0.0182631 9.9982E-05 0.00525634 0.851232 0.0255741 0.00286149 0.0150657 0.0252573 9.9982E-05 0.0233421 0.00961028
9.98921E-05 9.98921E-05 9.98921E-05 9.98921E-05 9.98921E-05 9.98921E-05 9.98921E-05 9.98921E-05 9.98921E-05 9.98921E-05 9.98921E-05 0.998801 9.98921E-05
0.020886 0.0364358 0.0432897 0.0355217 0.583286 0.0154885 0.103955 9.9991E-05 0.0176825 0.0749025 0.0125833 0.0319651 0.0239038
0.0417971 0.0714919 0.0788781 0.117459 0.26831 0.0488203 0.0781438 0.0467966 0.035432 0.0688932 0.0395835 0.0627753 0.0416195
0.0364525 0.053083 0.0232704 0.0649911 0.516392 0.028798 0.116841 0.0289316 0.0342555 0.0407006 0.00262691 0.0235437 0.0301143
0.0345184 0.0354767 9.9982E-05 0.049697 0.111927 0.0161784 0.644647 0.0138749 0.039587 0.029973 9.9982E-05 0.00968095 0.0142395
0.00172956 9.9973E-05 0.00398843 9.9973E-05 0.0518706 0.00777176 0.845916 9.9973E-05 0.0253255 0.00334181 0.0129737 0.0253577 0.0214248
9.9892E-05 9.9892E-05 9.9892E-05 9.9892E-05 9.9892E-05 9.9892E-05 9.9892E-05 0.998801 9.9892E-05 9.9892E-05 9.9892E-05 9.9892E-05 9.9892E-05
0.00786173 0.865052 0.0155911 0.00784602 0.0227873 0.0061611 0.0172166 0.00284226 0.0111816 0.0129198 0.00223789 0.0120401 0.0162628
0.0305135 0.034899 0.0239952 0.0443073 0.702279 0.0462761 0.0222351 0.0520882 9.9973E-05 9.9973E-05 0.0231397 0.0199675 9.9973E-05
0.0137298 0.0144183 0.032522 0.0228709 0.0436159 0.0182176 0.00182999 0.0106918 0.00608163 0.777326 9.9991E-05 0.0387154 0.0198807
9.9892E-05 9.9892E-05 9.9892E-05 0.998801 9.9892E-05 9.9892E-05 9.9892E-05 9.9892E-05 9.9892E-05 9.9892E-05 9.9892E-05 9.9892E-05 9.9892E-05
9.98919E-05 9.98919E-05 9.98919E-05 9.98919E-05 9.98919E-05 9.98919E-05 9.98919E-05 9.98919E-05 9.98919E-05 0.998801 9.98919E-05 9.98919E-05 9.98919E-05
9.98921E-05 9.98921E-05 9.98921E-05 9.98921E-05 9.98921E-05 9.98921E-05 9.98921E-05 9.98921E-05 9.98921E-05 9.98921E-05 9.98921E-05 9.98921E-05 0.998801
