9.999E-05 9.999E-05 0.9998
9.999E-05 0.990545 0.00935525
9.999E-05 0.9998 9.999E-05
0.0137799 0.978621 0.00759941
0.0188528 0.976472 0.00467528
0.0757584 0.84778 0.0764619
0.9998 9.999E-05 9.999E-05
9.999E-05 0.996567 0.00333281
0.0908119 0.819888 0.0892998
0.0175339 0.951529 0.0309373
0.0982964 0.827294 0.0744094
0.104794 0.822715 0.0724913
0.0997985 0.848302 0.0518992
0.102582 0.868721 0.0286969
0.573496 0.397638 0.0288657
0.0633219 0.910053 0.0266246
0.0541343 0.919455 0.0264107
0.115701 0.800064 0.0842353
0.00960035 0.98308 0.00731938
0.0849631 0.854084 0.0609524
9.999E-05 0.9998 9.999E-05
0.0663465 0.890944 0.0427096
0.0198672 0.0539801 0.926153
9.999E-05 0.9998 9.999E-05
0.000920041 0.982792 0.0162877
0.0160821 0.974217 0.00970041
0.9998 9.999E-05 9.999E-05
9.9991E-05 0.998443 0.00145724
0.931854 0.0633168 0.004829
0.0001767 0.988679 0.0111442
0.0870401 0.843128 0.0698323
0.0246525 0.953187 0.0221606
0.126578 0.771885 0.101537
0.102913 0.845272 0.0518147
0.0994871 0.871142 0.0293706
0.0940987 0.833652 0.0722489
0.0519304 0.923056 0.0250133
0.0896177 0.855026 0.0553565
0.0767383 0.876455 0.046807
9.999E-05 0.9998 9.999E-05
0.0737417 0.84621 0.0800478
9.999E-05 9.999E-05 0.9998
0.0145431 0.0203371 0.96512
9.999E-05 0.9998 9.999E-05
9.9991E-05 0.986802 0.013098
0.0183184 0.97124 0.0104419
0.9998 9.999E-05 9.999E-05
0.0379861 0.915027 0.0469865
0.9998 9.999E-05 9.999E-05
0.0398788 0.910538 0.049583
0.0908454 0.827679 0.0814756
0.029406 0.937493 0.0331008
0.0909493 0.830901 0.0781499
0.100599 0.849127 0.0502749
0.083715 0.864404 0.0518815
0.109059 0.804785 0.0861565
0.0542799 0.927289 0.0184307
0.059081 0.889832 0.0510866
0.0797474 0.854182 0.0660706
9.999E-05 0.9998 9.999E-05
0.058305 0.902487 0.0392079
9.9991E-05 0.00568382 0.994216
0.0123915 0.035117 0.952492
9.999E-05 0.9998 9.999E-05
0.0323286 0.931629 0.0360423
0.0198301 0.954235 0.025935
0.989401 0.00390235 0.00669685
0.00109165 0.986842 0.0120662
0.862254 0.129596 0.00814948
0.032687 0.92739 0.0399226
0.108582 0.805808 0.0856098
0.0197319 0.958944 0.0213238
0.0958828 0.820665 0.0834519
0.103243 0.831205 0.0655514
0.0888525 0.885702 0.0254452
0.0559738 0.918633 0.0253932
0.113207 0.802915 0.0838777
0.0654496 0.868861 0.065689
0.0701339 0.884615 0.0452506
9.999E-05 0.9998 9.999E-05
0.0644919 0.879546 0.0559624
9.999E-05 9.999E-05 0.9998
9.999E-05 9.999E-05 0.9998
9.999E-05 0.9998 9.999E-05
0.0402577 0.918112 0.0416306
0.031289 0.944784 0.0239266
0.9998 9.999E-05 9.999E-05
9.9991E-05 0.998756 0.00114351
0.748688 0.215337 0.0359749
0.0324174 0.927118 0.0404647
0.0869067 0.841061 0.072032
0.018995 0.951043 0.0299621
0.0995616 0.838264 0.0621741
0.0763643 0.85723 0.0664058
0.0868467 0.850548 0.0626057
0.101466 0.840189 0.0583452
0.0774973 0.873555 0.0489482
0.103699 0.807916 0.0883853
0.00602496 0.993875 9.9991E-05
0.0713716 0.879505 0.0491236
0.0038791 0.996021 9.9991E-05
0.0742325 0.900929 0.0248386
0.00834704 0.0268604 0.964793
9.999E-05 9.999E-05 0.9998
9.999E-05 0.9998 9.999E-05
9.9991E-05 0.986561 0.0133387
0.0208341 0.959019 0.0201471
0.9998 9.999E-05 9.999E-05
9.999E-05 0.9998 9.999E-05
0.9998 9.999E-05 9.999E-05
0.0397388 0.922786 0.0374752
0.131898 0.791504 0.0765975
0.0287249 0.939516 0.0317594
0.0954259 0.84321 0.0613639
0.0996715 0.835353 0.0649751
0.0841428 0.857645 0.058212
0.099466 0.850309 0.0502247
0.042657 0.942522 0.0148212
0.123581 0.792696 0.0837223
0.00136187 0.989196 0.00944213
0.0767207 0.896837 0.0264422
9.999E-05 0.9998 9.999E-05
0.0704786 0.887222 0.0422991
9.9991E-05 0.0403958 0.959504
9.999E-05 9.999E-05 0.9998
9.9991E-05 0.992628 0.00727208
9.999E-05 0.9998 9.999E-05
0.0237251 0.956029 0.0202455
0.991037 0.00886308 9.9991E-05
0.0623223 0.866421 0.0712567
0.970935 0.0289649 9.9991E-05
0.022342 0.945742 0.0319157
0.0676974 0.859059 0.0732432
0.0982485 0.842778 0.0589733
0.107067 0.817404 0.0755284
0.0856297 0.839443 0.074927
0.101606 0.847885 0.0505094
0.0440403 0.928492 0.0274681
0.0507172 0.924483 0.0247996
0.131522 0.806787 0.0616906
9.9991E-05 0.999138 0.000762453
0.0593825 0.918823 0.0217949
9.999E-05 0.9998 9.999E-05
0.0785622 0.880678 0.0407594
9.999E-05 9.999E-05 0.9998
9.9991E-05 0.986575 0.0133249
0.0150559 0.975674 0.00926962
0.0642077 0.873076 0.0627162
0.0663014 0.846371 0.0873276
0.9998 9.999E-05 9.999E-05
9.999E-05 0.9998 9.999E-05
0.869525 0.11548 0.0149958
0.0125808 0.967568 0.0198507
0.0771914 0.856993 0.0658153
0.0953264 0.841281 0.0633922
0.0930976 0.839897 0.0670058
0.0819194 0.876115 0.0419655
0.101199 0.824021 0.0747802
0.0491267 0.933471 0.0174023
0.057993 0.888889 0.0531176
0.115862 0.826155 0.0579829
0.00617067 0.989199 0.00462993
0.0675563 0.898322 0.0341216
9.999E-05 0.9998 9.999E-05
9.999E-05 9.999E-05 0.9998
